/*--------------------------------*- C++ -*----------------------------------*\
  =========                 |
  \\      /  F ield         | OpenFOAM: The Open Source CFD Toolbox
   \\    /   O peration     | Website:  https://openfoam.org
    \\  /    A nd           | Version:  7
     \\/     M anipulation  |
\*---------------------------------------------------------------------------*/
FoamFile
{
    version     2.0;
    format      ascii;
    class       volScalarField;
    location    "100";
    object      nuTilda;
}
// * * * * * * * * * * * * * * * * * * * * * * * * * * * * * * * * * * * * * //

dimensions      [0 2 -1 0 0 0 0];

internalField   nonuniform List<scalar> 
10720
(
0.0890525
0.0934929
0.098446
0.103779
0.109816
0.11656
0.124151
0.132475
0.141498
0.150914
0.160305
0.169244
0.177143
0.183352
0.187718
0.190387
0.191561
0.191515
0.190374
0.188328
0.185368
0.181573
0.176985
0.171822
0.166478
0.161226
0.156064
0.150862
0.145526
0.140051
0.134435
0.128647
0.122651
0.1164
0.10972
0.102499
0.0936756
0.0838457
0.0615168
0.0848033
0.0801458
0.0750133
0.0685375
0.0606334
0.0506094
0.039143
0.0365746
0.0347674
0.0423308
0.0491928
0.0546304
0.059306
0.0636991
0.0680138
0.0722887
0.0764784
0.0805198
0.0843623
0.0880023
0.0914664
0.0947926
0.0980166
0.101139
0.103967
0.106277
0.108044
0.10932
0.110166
0.110606
0.110728
0.110633
0.110306
0.109694
0.108715
0.107361
0.105182
0.102684
0.0930893
0.100266
0.0998491
0.0991351
0.0981416
0.0970712
0.0958465
0.0945393
0.0932852
0.0920626
0.0916617
0.0923695
0.0939781
0.0962536
0.0994373
0.103584
0.108565
0.114327
0.12063
0.127326
0.134066
0.140717
0.146848
0.152144
0.156003
0.15792
0.157978
0.156592
0.154084
0.150776
0.146921
0.142709
0.138271
0.133708
0.129114
0.124594
0.120272
0.11632
0.113072
0.107892
0.100687
0.100787
0.101043
0.100821
0.100365
0.0995929
0.098214
0.0957588
0.0928803
0.0891702
0.085114
0.0810093
0.0769788
0.0730683
0.0694304
0.0661086
0.0631499
0.0605744
0.0583951
0.0565964
0.0551653
0.0540811
0.0533198
0.0528464
0.0526353
0.0526437
0.0528037
0.0530491
0.0533332
0.0540427
0.0560601
0.0591488
0.0626034
0.0658711
0.0686849
0.0711317
0.0731643
0.0769723
0.0802924
0.121439
0.121273
0.120896
0.120313
0.119637
0.11876
0.117677
0.116448
0.115021
0.113425
0.111688
0.109831
0.107899
0.106004
0.104422
0.103082
0.10197
0.101112
0.100433
0.0998027
0.0998318
0.100602
0.102193
0.103948
0.109108
0.115727
0.122327
0.128183
0.133006
0.136684
0.139235
0.140772
0.141468
0.141505
0.141067
0.14023
0.139336
0.137368
0.137943
0.121582
0.12153
0.121506
0.121236
0.120767
0.120081
0.119107
0.117805
0.116168
0.11418
0.111826
0.109166
0.106253
0.103107
0.0998219
0.0964407
0.0930254
0.089621
0.0862801
0.0830171
0.079858
0.0768137
0.0738838
0.0709748
0.0680382
0.0651367
0.0623105
0.0596011
0.0570366
0.0546703
0.0525128
0.0514743
0.051869
0.0532883
0.0552885
0.0577307
0.0604909
0.0635336
0.0686555
0.128568
0.128473
0.128277
0.127977
0.12761
0.127133
0.126543
0.125858
0.125048
0.12412
0.123072
0.121891
0.120571
0.119113
0.117561
0.11593
0.113997
0.111803
0.109349
0.106668
0.10378
0.100915
0.0983028
0.0959977
0.0945038
0.0940753
0.0946263
0.0979034
0.103434
0.109969
0.116837
0.123589
0.129913
0.135639
0.140749
0.145256
0.149504
0.152341
0.156221
0.128637
0.128631
0.128605
0.128468
0.128221
0.127858
0.127334
0.126621
0.125714
0.124592
0.123247
0.121693
0.119934
0.117963
0.115813
0.113496
0.11104
0.108472
0.105827
0.103121
0.100385
0.0976237
0.0948333
0.0919307
0.088851
0.0856404
0.0823283
0.0789519
0.075544
0.0721409
0.068758
0.0654599
0.0623796
0.0596786
0.0573244
0.0567708
0.05754
0.0586886
0.0620099
0.132164
0.132096
0.131966
0.131771
0.131531
0.131222
0.130844
0.130406
0.129888
0.129295
0.128621
0.127855
0.12699
0.126018
0.124922
0.123696
0.122311
0.120737
0.118923
0.116839
0.114431
0.111699
0.108675
0.105476
0.102277
0.0992393
0.0964219
0.0942212
0.0930887
0.0931046
0.0962958
0.101803
0.108866
0.117024
0.125896
0.1352
0.144938
0.154749
0.16437
0.132207
0.1322
0.132174
0.132076
0.131911
0.131676
0.131346
0.130904
0.130348
0.129663
0.128842
0.127891
0.126807
0.125579
0.12422
0.122724
0.121102
0.119358
0.117508
0.115555
0.113513
0.111383
0.109157
0.106768
0.104155
0.101342
0.0983417
0.0951781
0.0918726
0.0884483
0.0849295
0.0813382
0.0777015
0.0740665
0.0704425
0.0669968
0.0639722
0.061217
0.0606485
0.13422
0.134173
0.134087
0.133958
0.133799
0.133594
0.133343
0.133049
0.132703
0.132304
0.131851
0.131335
0.130752
0.130093
0.129346
0.128504
0.127546
0.126457
0.125201
0.123755
0.122071
0.120117
0.117849
0.115268
0.112445
0.10942
0.106238
0.10296
0.0997323
0.096664
0.0943863
0.0933155
0.0949533
0.0997425
0.107183
0.117196
0.129699
0.145505
0.162903
0.134241
0.134231
0.134204
0.134132
0.134013
0.13385
0.133626
0.133331
0.132962
0.132508
0.131967
0.131343
0.130633
0.129828
0.128934
0.127945
0.126862
0.125684
0.124416
0.123055
0.121605
0.12006
0.118409
0.116599
0.114576
0.112343
0.109902
0.107255
0.104408
0.101371
0.0981577
0.0947856
0.0912688
0.0876241
0.0838632
0.0799489
0.0759151
0.0714006
0.0654101
0.135518
0.135487
0.135427
0.135335
0.13522
0.135072
0.134891
0.134678
0.134429
0.134141
0.133814
0.133441
0.133018
0.132539
0.131996
0.131381
0.13068
0.129882
0.128967
0.127924
0.126723
0.125342
0.123744
0.121908
0.119847
0.117558
0.115008
0.112182
0.109081
0.105718
0.102229
0.0987784
0.0959456
0.0943898
0.0962219
0.101846
0.111804
0.128818
0.152969
0.135523
0.135512
0.135488
0.135437
0.135348
0.135228
0.135067
0.134856
0.134596
0.134277
0.1339
0.133466
0.132975
0.13242
0.131804
0.131123
0.130374
0.129556
0.12867
0.127712
0.12668
0.125568
0.124364
0.123027
0.121513
0.119817
0.117929
0.115841
0.113547
0.111043
0.108327
0.105403
0.102273
0.0989427
0.0954125
0.0916417
0.0875461
0.0830244
0.0744721
0.136392
0.136374
0.136333
0.136269
0.136186
0.136079
0.135947
0.135792
0.135609
0.135399
0.135161
0.134889
0.134582
0.134234
0.133839
0.133391
0.13288
0.132297
0.131623
0.130847
0.129947
0.128908
0.127712
0.126347
0.124821
0.123122
0.121214
0.119061
0.116627
0.113874
0.110774
0.107321
0.1036
0.0998124
0.0968196
0.0957523
0.0995506
0.111529
0.137582
0.13639
0.136384
0.136369
0.136337
0.136269
0.136176
0.136053
0.135894
0.1357
0.135464
0.135187
0.134873
0.134518
0.134119
0.133678
0.13319
0.132654
0.132068
0.13143
0.130738
0.129988
0.129175
0.128288
0.127295
0.126165
0.124887
0.123451
0.121844
0.120052
0.118065
0.115869
0.113459
0.110824
0.107958
0.104846
0.101453
0.0976208
0.0935085
0.0846307
0.137017
0.137006
0.136978
0.136932
0.136872
0.136792
0.136693
0.136576
0.136437
0.136278
0.136097
0.13589
0.135656
0.135392
0.135091
0.134749
0.134359
0.133912
0.1334
0.132813
0.132135
0.131352
0.130447
0.129411
0.12825
0.126957
0.125503
0.123862
0.122
0.119878
0.117446
0.114648
0.111426
0.107728
0.103647
0.0995362
0.0968498
0.100198
0.121535
0.137018
0.137023
0.137019
0.136999
0.136946
0.13687
0.13677
0.136644
0.136492
0.136309
0.136098
0.13586
0.135594
0.135297
0.134971
0.13461
0.134214
0.133782
0.13331
0.132797
0.13224
0.131632
0.130966
0.130218
0.129364
0.128394
0.127299
0.126064
0.124677
0.123122
0.121385
0.11945
0.117302
0.114925
0.112294
0.109372
0.105972
0.102349
0.0941167
0.137495
0.137485
0.137464
0.13743
0.137384
0.137322
0.137246
0.137155
0.137049
0.136926
0.136786
0.136627
0.136447
0.136243
0.136011
0.135748
0.135448
0.135104
0.134709
0.134254
0.133727
0.133119
0.132417
0.131616
0.130716
0.12971
0.128577
0.127296
0.125844
0.124189
0.122292
0.120104
0.117556
0.114552
0.110974
0.106659
0.101821
0.0972618
0.109393
0.137504
0.137518
0.137522
0.137509
0.137465
0.1374
0.137316
0.137212
0.137088
0.136941
0.136774
0.136587
0.136381
0.136153
0.135903
0.135629
0.13533
0.135002
0.134645
0.134256
0.133833
0.13337
0.13286
0.132286
0.13163
0.130884
0.130038
0.129083
0.128004
0.126788
0.12542
0.123882
0.122159
0.120227
0.118058
0.115615
0.112704
0.109596
0.102359
0.13788
0.137869
0.13785
0.137821
0.137784
0.137734
0.137672
0.137599
0.137514
0.137416
0.137305
0.13718
0.137038
0.136877
0.136695
0.136488
0.136252
0.135981
0.135669
0.135311
0.134897
0.13442
0.13387
0.133241
0.132535
0.131744
0.13085
0.129837
0.128685
0.12737
0.125862
0.124127
0.122103
0.119751
0.117044
0.113565
0.109115
0.101445
0.103808
0.137897
0.137913
0.137919
0.137908
0.137869
0.137814
0.137744
0.137656
0.137553
0.137432
0.137295
0.137144
0.136979
0.136799
0.136603
0.136389
0.136156
0.135903
0.135627
0.135326
0.134998
0.134639
0.134242
0.133794
0.133282
0.132699
0.132038
0.13129
0.130443
0.129485
0.128403
0.127182
0.125803
0.124247
0.122481
0.120472
0.118037
0.115429
0.109266
0.1382
0.138186
0.138169
0.138143
0.13811
0.138067
0.138014
0.137953
0.137882
0.137801
0.137711
0.137609
0.137495
0.137367
0.137221
0.137056
0.136868
0.136652
0.136404
0.136118
0.135787
0.135407
0.134969
0.134469
0.133907
0.133278
0.132566
0.131758
0.130836
0.129781
0.128568
0.127171
0.125537
0.123633
0.121593
0.119093
0.116047
0.108731
0.104242
0.138217
0.138229
0.138231
0.13822
0.138186
0.13814
0.138081
0.138008
0.137922
0.137821
0.137707
0.137583
0.137448
0.137302
0.137144
0.136974
0.136789
0.136588
0.136371
0.136134
0.135875
0.135592
0.135278
0.134923
0.134518
0.134056
0.133532
0.132939
0.132267
0.131506
0.130643
0.129667
0.128561
0.127307
0.125875
0.124236
0.122224
0.120067
0.11493
0.138463
0.138451
0.138436
0.138412
0.138382
0.138344
0.138297
0.138243
0.138182
0.138113
0.138037
0.137952
0.137858
0.137753
0.137634
0.1375
0.137347
0.137172
0.136971
0.13674
0.136474
0.136167
0.135815
0.135413
0.134962
0.134456
0.133884
0.133233
0.13249
0.131639
0.130657
0.129524
0.128194
0.126633
0.12499
0.123104
0.121067
0.11598
0.10844
0.138473
0.138477
0.138472
0.138461
0.138433
0.138396
0.138348
0.138289
0.138217
0.138133
0.138038
0.137935
0.137823
0.137703
0.137574
0.137435
0.137286
0.137124
0.136949
0.136759
0.136552
0.136325
0.136073
0.135788
0.135463
0.135093
0.134673
0.134197
0.133658
0.133047
0.132353
0.131567
0.130675
0.129659
0.128496
0.12716
0.125506
0.123734
0.119517
0.138674
0.138667
0.138655
0.138634
0.138608
0.138574
0.138533
0.138485
0.138431
0.138372
0.138306
0.138234
0.138154
0.138066
0.137967
0.137856
0.137729
0.137586
0.137421
0.137231
0.137014
0.136764
0.136478
0.136152
0.135786
0.135376
0.134911
0.134382
0.133779
0.133087
0.13229
0.131365
0.13028
0.129028
0.127692
0.126179
0.124564
0.121594
0.113969
0.138673
0.138668
0.138659
0.13865
0.138626
0.138597
0.138559
0.138512
0.138453
0.138384
0.138306
0.13822
0.138128
0.138028
0.137921
0.137807
0.137684
0.137552
0.137409
0.137254
0.137086
0.136901
0.136696
0.136465
0.1362
0.1359
0.13556
0.135175
0.134738
0.134242
0.13368
0.133042
0.132316
0.131489
0.13054
0.129447
0.128088
0.126632
0.123203
0.138838
0.138837
0.13883
0.138814
0.138793
0.138764
0.138729
0.138687
0.13864
0.138588
0.138531
0.138469
0.1384
0.138325
0.13824
0.138146
0.13804
0.13792
0.137782
0.137625
0.137445
0.137239
0.137004
0.136738
0.136439
0.136103
0.135722
0.13529
0.134796
0.13423
0.133577
0.132817
0.131943
0.130975
0.129917
0.1287
0.127246
0.125489
0.119188
0.138827
0.138817
0.138809
0.138803
0.138784
0.13876
0.138729
0.138691
0.138643
0.138587
0.138523
0.138452
0.138375
0.138293
0.138204
0.13811
0.138008
0.137899
0.137781
0.137653
0.137514
0.137362
0.137194
0.137003
0.136786
0.13654
0.136261
0.135946
0.135589
0.135184
0.134724
0.134202
0.133608
0.132931
0.132151
0.131253
0.130134
0.128934
0.126158
0.138966
0.13897
0.138967
0.138956
0.13894
0.138918
0.138888
0.138854
0.138814
0.138769
0.13872
0.138666
0.138606
0.138541
0.138468
0.138387
0.138297
0.138195
0.138078
0.137946
0.137795
0.137623
0.137428
0.137208
0.136962
0.136685
0.136372
0.136015
0.135608
0.135142
0.134602
0.133981
0.133297
0.132564
0.131742
0.130788
0.129496
0.128256
0.123455
0.138951
0.138944
0.13894
0.138938
0.13892
0.138898
0.138871
0.138839
0.138799
0.138753
0.1387
0.138642
0.138578
0.13851
0.138437
0.138359
0.138274
0.138183
0.138086
0.137979
0.137864
0.137737
0.137597
0.137439
0.137258
0.137055
0.136825
0.136564
0.13627
0.135936
0.135558
0.135128
0.134638
0.134079
0.133436
0.132694
0.131769
0.130776
0.12853
0.139072
0.139078
0.139078
0.139071
0.139059
0.139041
0.139018
0.13899
0.138957
0.138919
0.138877
0.138831
0.138779
0.138723
0.13866
0.13859
0.138512
0.138424
0.138324
0.138211
0.138083
0.137938
0.137775
0.137591
0.137386
0.137157
0.136897
0.136601
0.136264
0.135876
0.13543
0.134936
0.134414
0.133858
0.133224
0.132488
0.13141
0.130389
0.12677
0.139062
0.139062
0.139064
0.139064
0.139046
0.139023
0.138997
0.138967
0.138932
0.138892
0.138847
0.138799
0.138746
0.13869
0.138629
0.138564
0.138495
0.138419
0.138337
0.138249
0.138152
0.138046
0.137928
0.137795
0.137645
0.137474
0.137283
0.137066
0.136822
0.136545
0.136231
0.135874
0.135468
0.135005
0.134471
0.133855
0.133088
0.132261
0.130442
0.139171
0.139175
0.139175
0.139169
0.139159
0.139145
0.139126
0.139103
0.139075
0.139044
0.139009
0.138969
0.138925
0.138876
0.138821
0.13876
0.138693
0.138616
0.138531
0.138434
0.138324
0.1382
0.138061
0.137906
0.137734
0.137543
0.137326
0.137079
0.136797
0.136474
0.136114
0.135735
0.135339
0.134915
0.134424
0.133855
0.133001
0.132133
0.12935
0.139171
0.139177
0.139185
0.139184
0.139165
0.139141
0.139114
0.139084
0.139051
0.139014
0.138974
0.138933
0.138888
0.138841
0.13879
0.138736
0.138678
0.138615
0.138547
0.138473
0.138392
0.138302
0.138203
0.138091
0.137964
0.13782
0.13766
0.137478
0.137274
0.137043
0.136781
0.136483
0.136145
0.135758
0.135313
0.134798
0.13416
0.133469
0.131991
0.139271
0.139271
0.139269
0.139261
0.139252
0.139238
0.139221
0.139201
0.139177
0.13915
0.13912
0.139086
0.139048
0.139006
0.138959
0.138906
0.138847
0.138781
0.138706
0.138622
0.138527
0.13842
0.138301
0.138169
0.138023
0.137862
0.137679
0.137472
0.137236
0.136973
0.136694
0.136409
0.136109
0.135783
0.135401
0.134957
0.134295
0.133581
0.131399
0.139279
0.139289
0.139296
0.139294
0.139275
0.139251
0.139223
0.139193
0.139161
0.139125
0.139088
0.13905
0.139011
0.13897
0.138927
0.138882
0.138833
0.13878
0.138723
0.138661
0.138592
0.138517
0.138433
0.138338
0.13823
0.138109
0.137973
0.13782
0.137648
0.137454
0.137234
0.136985
0.136701
0.136377
0.136004
0.135573
0.135039
0.134459
0.133255
0.13937
0.139366
0.139361
0.139352
0.13934
0.139326
0.139309
0.13929
0.139268
0.139244
0.139217
0.139188
0.139155
0.139118
0.139077
0.139031
0.13898
0.138922
0.138857
0.138783
0.1387
0.138607
0.138504
0.13839
0.138266
0.138129
0.137975
0.137802
0.13761
0.137406
0.137198
0.136984
0.136756
0.136505
0.136208
0.13586
0.135344
0.134778
0.133055
0.139381
0.139387
0.13939
0.139387
0.139371
0.139348
0.139322
0.139293
0.139261
0.139227
0.139192
0.139157
0.139121
0.139084
0.139047
0.139007
0.138966
0.138921
0.138873
0.13882
0.138762
0.138698
0.138626
0.138545
0.138453
0.138351
0.138236
0.138106
0.137961
0.137797
0.137612
0.137402
0.137162
0.136889
0.136575
0.136213
0.135765
0.135277
0.134291
0.139461
0.139456
0.13945
0.139439
0.139426
0.13941
0.139393
0.139374
0.139353
0.13933
0.139305
0.139278
0.139249
0.139216
0.13918
0.13914
0.139095
0.139045
0.138987
0.138923
0.13885
0.138769
0.138679
0.13858
0.138473
0.138356
0.138229
0.13809
0.137943
0.137794
0.137641
0.137482
0.13731
0.137117
0.136886
0.136612
0.136206
0.135765
0.134405
0.139467
0.139466
0.139464
0.139462
0.139449
0.13943
0.139407
0.139381
0.139351
0.13932
0.139287
0.139253
0.13922
0.139186
0.139153
0.139118
0.139082
0.139043
0.139002
0.138956
0.138907
0.138852
0.138791
0.138722
0.138643
0.138555
0.138457
0.138348
0.138224
0.138085
0.137929
0.137751
0.137548
0.137317
0.137052
0.136745
0.136368
0.135956
0.135147
0.139536
0.139533
0.139527
0.139516
0.139503
0.139488
0.13947
0.139451
0.139431
0.139409
0.139386
0.139361
0.139334
0.139304
0.139272
0.139237
0.139197
0.139152
0.139102
0.139045
0.138981
0.13891
0.138831
0.138745
0.138654
0.138559
0.138457
0.138352
0.138246
0.138139
0.13803
0.137914
0.137785
0.137639
0.13746
0.137246
0.136926
0.136583
0.135513
0.139535
0.139528
0.139524
0.139522
0.139511
0.139496
0.139477
0.139455
0.139429
0.139401
0.139371
0.13934
0.13931
0.139279
0.139248
0.139216
0.139184
0.13915
0.139114
0.139075
0.139032
0.138985
0.138932
0.138873
0.138805
0.13873
0.138646
0.138552
0.138447
0.138329
0.138196
0.138044
0.137872
0.137676
0.137451
0.137192
0.136872
0.136525
0.135858
0.139594
0.139594
0.13959
0.139581
0.13957
0.139556
0.13954
0.139522
0.139502
0.139482
0.13946
0.139436
0.139411
0.139384
0.139355
0.139322
0.139287
0.139247
0.139203
0.139153
0.139096
0.139033
0.138964
0.138892
0.138818
0.138743
0.138666
0.13859
0.138514
0.138439
0.138361
0.138278
0.138186
0.138078
0.137943
0.13778
0.13753
0.137265
0.136427
0.139588
0.139581
0.139577
0.139574
0.139565
0.139552
0.139536
0.139517
0.139495
0.139471
0.139444
0.139417
0.139389
0.139361
0.139333
0.139305
0.139276
0.139246
0.139214
0.139179
0.139142
0.139101
0.139055
0.139003
0.138945
0.13888
0.138808
0.138727
0.138637
0.138536
0.138422
0.138293
0.138147
0.13798
0.137787
0.137567
0.137295
0.137004
0.136453
0.139641
0.139643
0.139641
0.139634
0.139625
0.139613
0.139599
0.139583
0.139566
0.139546
0.139526
0.139504
0.139481
0.139456
0.139429
0.1394
0.139368
0.139332
0.139292
0.139247
0.139198
0.139142
0.139083
0.139024
0.138966
0.138908
0.138852
0.138797
0.138743
0.138689
0.138635
0.138577
0.138512
0.138436
0.138339
0.13822
0.13803
0.137832
0.13718
0.139636
0.139633
0.139631
0.139626
0.139615
0.139602
0.139587
0.139571
0.139552
0.139531
0.139508
0.139484
0.13946
0.139435
0.13941
0.139384
0.139358
0.139331
0.139303
0.139272
0.139239
0.139203
0.139162
0.139117
0.139066
0.13901
0.138947
0.138878
0.138801
0.138714
0.138616
0.138505
0.13838
0.138237
0.138072
0.137885
0.137652
0.13741
0.136955
0.139685
0.139687
0.139685
0.13968
0.139672
0.139663
0.13965
0.139637
0.139621
0.139604
0.139585
0.139565
0.139544
0.139521
0.139496
0.13947
0.13944
0.139408
0.139372
0.139332
0.139288
0.139239
0.139189
0.139141
0.139097
0.139054
0.139013
0.138972
0.138933
0.138894
0.138855
0.138815
0.138771
0.138719
0.138653
0.138571
0.138433
0.138293
0.137797
0.139686
0.139689
0.139687
0.139679
0.139666
0.139652
0.139636
0.13962
0.139603
0.139584
0.139564
0.139543
0.139521
0.139499
0.139477
0.139455
0.139431
0.139407
0.139382
0.139355
0.139326
0.139293
0.139258
0.139217
0.139173
0.139123
0.139069
0.139009
0.138942
0.138867
0.138782
0.138687
0.138579
0.138456
0.138315
0.138155
0.137953
0.137757
0.137382
0.139733
0.139732
0.139729
0.139723
0.139716
0.139707
0.139696
0.139684
0.13967
0.139655
0.139638
0.13962
0.139601
0.13958
0.139557
0.139533
0.139506
0.139477
0.139444
0.139408
0.139368
0.139326
0.139283
0.139245
0.139211
0.139179
0.139149
0.139119
0.13909
0.139061
0.139033
0.139004
0.138973
0.138939
0.138895
0.138842
0.138748
0.138657
0.13829
0.13974
0.139744
0.139742
0.139732
0.139718
0.139701
0.139685
0.139668
0.139651
0.139633
0.139614
0.139595
0.139576
0.139557
0.139537
0.139517
0.139497
0.139475
0.139453
0.139429
0.139403
0.139374
0.139342
0.139306
0.139267
0.139223
0.139175
0.139123
0.139064
0.138999
0.138926
0.138843
0.13875
0.138644
0.138522
0.138385
0.13821
0.138052
0.137745
0.139782
0.139778
0.139774
0.139767
0.13976
0.13975
0.13974
0.139728
0.139715
0.139701
0.139686
0.139669
0.139652
0.139633
0.139613
0.13959
0.139566
0.13954
0.13951
0.139477
0.139441
0.139403
0.139367
0.139335
0.139309
0.139285
0.139262
0.139241
0.139219
0.139198
0.139177
0.139155
0.139133
0.13911
0.139082
0.139049
0.138987
0.138935
0.138672
0.139791
0.139795
0.139791
0.13978
0.139766
0.139749
0.139732
0.139715
0.139698
0.13968
0.139661
0.139644
0.139626
0.139609
0.139591
0.139573
0.139555
0.139536
0.139516
0.139495
0.139472
0.139446
0.139418
0.139386
0.13935
0.139312
0.139269
0.139223
0.139172
0.139114
0.139051
0.138979
0.138898
0.138806
0.138701
0.138582
0.138431
0.138304
0.138051
0.139829
0.139824
0.139819
0.139811
0.139802
0.139792
0.139781
0.13977
0.139757
0.139744
0.13973
0.139715
0.139699
0.139682
0.139663
0.139643
0.139621
0.139597
0.13957
0.13954
0.139507
0.139474
0.139442
0.139415
0.139393
0.139374
0.139357
0.139341
0.139326
0.13931
0.139294
0.139278
0.139262
0.139245
0.139226
0.139206
0.139167
0.139142
0.138961
0.139836
0.139838
0.139832
0.139821
0.139808
0.139792
0.139776
0.139759
0.139742
0.139724
0.139706
0.139689
0.139672
0.139656
0.13964
0.139624
0.139607
0.139591
0.139573
0.139554
0.139533
0.13951
0.139485
0.139457
0.139425
0.13939
0.139353
0.139311
0.139266
0.139216
0.13916
0.139097
0.139026
0.138946
0.138854
0.138751
0.138621
0.138518
0.13831
0.139869
0.139865
0.139859
0.139851
0.139842
0.139832
0.139821
0.13981
0.139798
0.139786
0.139772
0.139759
0.139744
0.139728
0.139711
0.139692
0.139672
0.13965
0.139626
0.139598
0.139568
0.139537
0.139508
0.139484
0.139466
0.13945
0.139437
0.139425
0.139413
0.139402
0.13939
0.139378
0.139366
0.139354
0.139341
0.139329
0.139304
0.139296
0.139174
0.139873
0.139873
0.139867
0.139856
0.139844
0.13983
0.139815
0.139799
0.139783
0.139766
0.139748
0.139732
0.139716
0.1397
0.139685
0.13967
0.139655
0.13964
0.139624
0.139607
0.139589
0.139568
0.139546
0.13952
0.139492
0.139461
0.139427
0.13939
0.13935
0.139305
0.139255
0.1392
0.139138
0.139067
0.138988
0.138898
0.138785
0.138701
0.138528
0.139902
0.139899
0.139894
0.139886
0.139878
0.139869
0.139858
0.139848
0.139837
0.139825
0.139813
0.1398
0.139786
0.139772
0.139756
0.139739
0.13972
0.1397
0.139677
0.139652
0.139625
0.139596
0.139568
0.139546
0.139529
0.139516
0.139504
0.139495
0.139486
0.139477
0.139469
0.13946
0.139452
0.139443
0.139434
0.139426
0.13941
0.139412
0.139329
0.139905
0.139904
0.139899
0.139887
0.139876
0.139863
0.13985
0.139835
0.13982
0.139804
0.139787
0.139771
0.139756
0.139741
0.139727
0.139713
0.139699
0.139685
0.13967
0.139655
0.139639
0.13962
0.1396
0.139577
0.139551
0.139523
0.139493
0.13946
0.139424
0.139384
0.13934
0.139291
0.139236
0.139174
0.139104
0.139025
0.138927
0.138857
0.138713
0.139931
0.139929
0.139924
0.139917
0.13991
0.139901
0.139892
0.139883
0.139873
0.139862
0.139851
0.139839
0.139827
0.139813
0.139798
0.139782
0.139765
0.139746
0.139726
0.139703
0.139677
0.13965
0.139623
0.139601
0.139585
0.139572
0.139563
0.139554
0.139547
0.13954
0.139534
0.139528
0.139522
0.139516
0.13951
0.139505
0.139494
0.139502
0.139442
0.139934
0.139935
0.13993
0.139917
0.139906
0.139894
0.139881
0.139867
0.139853
0.139838
0.139823
0.139808
0.139793
0.139779
0.139766
0.139752
0.139739
0.139726
0.139713
0.139699
0.139684
0.139667
0.139649
0.139628
0.139605
0.13958
0.139552
0.139523
0.13949
0.139454
0.139415
0.139371
0.139322
0.139268
0.139206
0.139136
0.13905
0.13899
0.138869
0.139959
0.139956
0.139951
0.139945
0.139939
0.139931
0.139924
0.139916
0.139907
0.139898
0.139888
0.139877
0.139865
0.139852
0.139839
0.139824
0.139807
0.13979
0.139771
0.13975
0.139726
0.1397
0.139674
0.139652
0.139635
0.139623
0.139613
0.139606
0.1396
0.139594
0.139589
0.139585
0.13958
0.139576
0.139572
0.13957
0.139562
0.139573
0.139527
0.139963
0.139965
0.13996
0.139947
0.139935
0.139923
0.13991
0.139897
0.139883
0.139869
0.139855
0.139841
0.139827
0.139814
0.139801
0.139789
0.139777
0.139764
0.139752
0.139739
0.139725
0.13971
0.139693
0.139674
0.139653
0.13963
0.139606
0.139579
0.139549
0.139517
0.139482
0.139443
0.139399
0.13935
0.139296
0.139234
0.139158
0.139105
0.139002
0.139986
0.139982
0.139977
0.139972
0.139966
0.13996
0.139953
0.139947
0.139939
0.139931
0.139922
0.139912
0.139901
0.139889
0.139876
0.139862
0.139847
0.139831
0.139813
0.139793
0.139772
0.139748
0.139722
0.139699
0.139681
0.139668
0.139658
0.139651
0.139645
0.13964
0.139636
0.139633
0.13963
0.139627
0.139624
0.139624
0.139618
0.139631
0.139591
0.139992
0.139994
0.139988
0.139975
0.139962
0.13995
0.139937
0.139925
0.139912
0.139898
0.139885
0.139871
0.139859
0.139846
0.139834
0.139822
0.139811
0.139799
0.139788
0.139776
0.139763
0.139749
0.139734
0.139716
0.139697
0.139676
0.139654
0.139629
0.139602
0.139573
0.139541
0.139506
0.139467
0.139424
0.139375
0.139321
0.139253
0.139205
0.139116
0.140013
0.140008
0.140003
0.139997
0.139992
0.139987
0.139982
0.139977
0.13997
0.139963
0.139955
0.139945
0.139935
0.139924
0.139911
0.139898
0.139884
0.139868
0.139852
0.139834
0.139814
0.139792
0.139768
0.139744
0.139724
0.139709
0.139698
0.139691
0.139685
0.13968
0.139677
0.139674
0.139671
0.13967
0.139668
0.139669
0.139665
0.139679
0.139638
0.140018
0.140019
0.140013
0.14
0.139988
0.139976
0.139964
0.139951
0.139938
0.139925
0.139912
0.139899
0.139887
0.139875
0.139864
0.139853
0.139842
0.139831
0.13982
0.139809
0.139797
0.139784
0.13977
0.139754
0.139737
0.139718
0.139697
0.139675
0.13965
0.139624
0.139595
0.139563
0.139528
0.139489
0.139446
0.139398
0.139336
0.139292
0.139214
0.140037
0.140032
0.140027
0.140022
0.140017
0.140014
0.14001
0.140005
0.14
0.139993
0.139985
0.139976
0.139966
0.139955
0.139944
0.139932
0.139918
0.139904
0.139888
0.139871
0.139853
0.139833
0.139811
0.139787
0.139765
0.139748
0.139736
0.139727
0.13972
0.139715
0.139712
0.139709
0.139707
0.139706
0.139705
0.139707
0.139703
0.139719
0.139673
0.14004
0.140041
0.140035
0.140021
0.14001
0.139999
0.139987
0.139975
0.139962
0.13995
0.139937
0.139925
0.139913
0.139902
0.139891
0.139881
0.139871
0.139861
0.13985
0.13984
0.139829
0.139817
0.139804
0.139789
0.139773
0.139755
0.139736
0.139716
0.139693
0.139669
0.139643
0.139614
0.139583
0.139548
0.139509
0.139466
0.139411
0.139369
0.139299
0.140057
0.140054
0.140048
0.140044
0.140041
0.140039
0.140036
0.140032
0.140027
0.14002
0.140013
0.140004
0.139995
0.139985
0.139975
0.139963
0.139951
0.139937
0.139923
0.139907
0.139889
0.139871
0.139851
0.139829
0.139806
0.139786
0.139771
0.13976
0.139752
0.139747
0.139743
0.13974
0.139739
0.139738
0.139737
0.139739
0.139736
0.139753
0.139706
0.140059
0.14006
0.140054
0.140041
0.140029
0.140019
0.140009
0.139997
0.139985
0.139972
0.13996
0.139948
0.139937
0.139926
0.139916
0.139906
0.139897
0.139887
0.139878
0.139868
0.139857
0.139846
0.139834
0.13982
0.139805
0.139789
0.139772
0.139753
0.139733
0.139711
0.139687
0.13966
0.139632
0.1396
0.139565
0.139527
0.139478
0.139437
0.139375
0.140075
0.140072
0.140067
0.140064
0.140063
0.140062
0.14006
0.140057
0.140052
0.140046
0.140039
0.140032
0.140023
0.140014
0.140004
0.139993
0.139982
0.139969
0.139955
0.13994
0.139924
0.139907
0.139889
0.139869
0.139847
0.139825
0.139806
0.139792
0.139782
0.139776
0.139771
0.139768
0.139766
0.139765
0.139765
0.139767
0.139764
0.139782
0.139737
0.140077
0.140078
0.140072
0.140058
0.140047
0.140038
0.140028
0.140017
0.140005
0.139993
0.139981
0.13997
0.139959
0.139949
0.139939
0.13993
0.13992
0.139912
0.139902
0.139893
0.139884
0.139873
0.139862
0.139849
0.139835
0.13982
0.139804
0.139787
0.139768
0.139748
0.139726
0.139702
0.139676
0.139647
0.139615
0.139581
0.139538
0.139499
0.139442
0.140092
0.140088
0.140084
0.140083
0.140084
0.140084
0.140082
0.140079
0.140075
0.14007
0.140064
0.140058
0.14005
0.140042
0.140032
0.140022
0.140011
0.139999
0.139986
0.139972
0.139957
0.139941
0.139923
0.139906
0.139886
0.139865
0.139843
0.139825
0.139811
0.139803
0.139797
0.139793
0.13979
0.139789
0.139789
0.139791
0.139788
0.139806
0.139765
0.140094
0.140096
0.14009
0.140076
0.140064
0.140055
0.140045
0.140035
0.140023
0.140012
0.14
0.139989
0.139979
0.139969
0.13996
0.139951
0.139942
0.139934
0.139925
0.139916
0.139907
0.139898
0.139887
0.139875
0.139862
0.139848
0.139833
0.139817
0.1398
0.139782
0.139761
0.13974
0.139716
0.13969
0.139661
0.13963
0.139592
0.139555
0.139502
0.140108
0.140104
0.1401
0.140102
0.140104
0.140104
0.140102
0.1401
0.140096
0.140093
0.140088
0.140082
0.140075
0.140068
0.140059
0.14005
0.140039
0.140028
0.140016
0.140002
0.139988
0.139973
0.139956
0.13994
0.139922
0.139903
0.139881
0.139859
0.139841
0.139829
0.13982
0.139815
0.139812
0.139811
0.13981
0.139812
0.139809
0.139826
0.13979
0.140111
0.140114
0.140107
0.140092
0.140081
0.140072
0.140062
0.140051
0.14004
0.140029
0.140018
0.140007
0.139997
0.139988
0.139979
0.13997
0.139962
0.139954
0.139946
0.139938
0.139929
0.13992
0.13991
0.139899
0.139886
0.139873
0.13986
0.139845
0.139829
0.139812
0.139794
0.139774
0.139752
0.139728
0.139702
0.139674
0.13964
0.139606
0.139557
0.140124
0.140119
0.140116
0.14012
0.140122
0.140122
0.140121
0.140119
0.140117
0.140114
0.14011
0.140105
0.140099
0.140092
0.140084
0.140076
0.140066
0.140056
0.140044
0.140031
0.140018
0.140003
0.139988
0.139972
0.139956
0.139938
0.139919
0.139897
0.139874
0.139856
0.139844
0.139836
0.139832
0.139829
0.139828
0.13983
0.139827
0.139843
0.139813
0.140126
0.14013
0.140123
0.140108
0.140097
0.140088
0.140078
0.140067
0.140056
0.140044
0.140034
0.140023
0.140014
0.140005
0.139996
0.139988
0.13998
0.139972
0.139965
0.139957
0.139949
0.13994
0.139931
0.13992
0.139909
0.139896
0.139884
0.13987
0.139855
0.139839
0.139823
0.139804
0.139785
0.139763
0.139739
0.139713
0.139683
0.139652
0.139607
0.140139
0.140133
0.140131
0.140138
0.140139
0.140138
0.140139
0.140138
0.140137
0.140134
0.140131
0.140126
0.140121
0.140115
0.140108
0.1401
0.140091
0.140082
0.140071
0.140059
0.140046
0.140032
0.140018
0.140003
0.139987
0.139971
0.139954
0.139934
0.139911
0.139888
0.139869
0.139857
0.13985
0.139846
0.139844
0.139846
0.139842
0.139857
0.139832
0.14014
0.140142
0.140136
0.140121
0.140111
0.140103
0.140093
0.140081
0.14007
0.140059
0.140049
0.140039
0.140029
0.140021
0.140012
0.140004
0.139997
0.139989
0.139982
0.139974
0.139966
0.139958
0.139949
0.139939
0.139928
0.139917
0.139905
0.139892
0.139878
0.139864
0.139848
0.139832
0.139814
0.139794
0.139773
0.139749
0.139722
0.139694
0.139653
0.140151
0.140146
0.140146
0.140153
0.140153
0.140153
0.140155
0.140155
0.140154
0.140153
0.14015
0.140146
0.140141
0.140136
0.14013
0.140123
0.140115
0.140106
0.140096
0.140085
0.140074
0.140061
0.140047
0.140032
0.140017
0.140002
0.139986
0.139968
0.139948
0.139925
0.139901
0.139881
0.139868
0.139861
0.139858
0.139859
0.139855
0.139869
0.139848
0.140151
0.140151
0.140146
0.140132
0.140123
0.140115
0.140105
0.140094
0.140083
0.140072
0.140062
0.140052
0.140043
0.140035
0.140027
0.140019
0.140011
0.140004
0.139997
0.13999
0.139982
0.139974
0.139965
0.139956
0.139946
0.139935
0.139924
0.139912
0.139899
0.139886
0.139871
0.139856
0.13984
0.139822
0.139802
0.139781
0.139756
0.139731
0.139694
0.140158
0.140156
0.140158
0.140162
0.140164
0.140165
0.140167
0.140168
0.140168
0.140168
0.140166
0.140164
0.14016
0.140156
0.14015
0.140144
0.140137
0.140129
0.14012
0.14011
0.1401
0.140088
0.140075
0.140062
0.140048
0.140032
0.140016
0.14
0.139981
0.139961
0.139937
0.139913
0.139891
0.139877
0.139869
0.13987
0.139864
0.139878
0.139862
0.140156
0.140155
0.14015
0.14014
0.140132
0.140125
0.140116
0.140105
0.140094
0.140084
0.140074
0.140065
0.140056
0.140047
0.140039
0.140031
0.140024
0.140017
0.14001
0.140003
0.139996
0.139988
0.13998
0.139971
0.139961
0.139951
0.13994
0.139929
0.139917
0.139905
0.139892
0.139878
0.139863
0.139846
0.139829
0.139809
0.139787
0.139764
0.139731
0.140161
0.140162
0.140164
0.140167
0.140169
0.140171
0.140174
0.140175
0.140176
0.140177
0.140177
0.140176
0.140175
0.140173
0.140169
0.140164
0.140158
0.140152
0.140144
0.140135
0.140125
0.140114
0.140102
0.14009
0.140077
0.140063
0.140047
0.140031
0.140013
0.139995
0.139973
0.139949
0.139923
0.139901
0.139884
0.139879
0.13987
0.139883
0.139877
0.140159
0.140157
0.140153
0.140145
0.140138
0.140132
0.140124
0.140114
0.140104
0.140094
0.140084
0.140075
0.140066
0.140057
0.140049
0.140042
0.140035
0.140028
0.140021
0.140014
0.140007
0.14
0.139992
0.139984
0.139974
0.139965
0.139955
0.139944
0.139933
0.139922
0.13991
0.139897
0.139883
0.139868
0.139852
0.139834
0.139814
0.139794
0.139764
0.140163
0.140165
0.140167
0.140171
0.140173
0.140176
0.140178
0.14018
0.140181
0.140182
0.140183
0.140183
0.140183
0.140183
0.140182
0.14018
0.140177
0.140173
0.140166
0.140159
0.14015
0.14014
0.14013
0.140118
0.140106
0.140093
0.140078
0.140063
0.140045
0.140027
0.140007
0.139985
0.13996
0.139933
0.139909
0.139893
0.139879
0.139887
0.139888
0.140161
0.14016
0.140155
0.140147
0.14014
0.140135
0.140129
0.140121
0.140112
0.140102
0.140092
0.140083
0.140074
0.140065
0.140058
0.140051
0.140044
0.140037
0.140031
0.140024
0.140018
0.140011
0.140003
0.139995
0.139986
0.139977
0.139968
0.139958
0.139948
0.139937
0.139926
0.139914
0.139901
0.139888
0.139873
0.139857
0.139839
0.13982
0.139794
0.140165
0.140167
0.14017
0.140173
0.140176
0.140179
0.140181
0.140183
0.140185
0.140187
0.140188
0.140188
0.140189
0.140189
0.140189
0.140188
0.140187
0.140186
0.140184
0.140181
0.140176
0.140169
0.140161
0.140149
0.140137
0.140124
0.14011
0.140095
0.140078
0.14006
0.140041
0.14002
0.139997
0.139971
0.139942
0.139917
0.139895
0.139895
0.139897
0.140163
0.140161
0.140157
0.140149
0.140142
0.140137
0.140131
0.140124
0.140117
0.140108
0.140099
0.140089
0.14008
0.140072
0.140064
0.140058
0.140051
0.140045
0.140039
0.140033
0.140026
0.14002
0.140013
0.140005
0.139997
0.139988
0.139979
0.13997
0.139961
0.139951
0.13994
0.139929
0.139918
0.139905
0.139892
0.139877
0.139861
0.139843
0.13982
0.140167
0.140169
0.140171
0.140175
0.140178
0.140181
0.140184
0.140186
0.140188
0.14019
0.140191
0.140192
0.140193
0.140193
0.140194
0.140194
0.140193
0.140193
0.140192
0.14019
0.140188
0.140186
0.140183
0.140178
0.140172
0.140161
0.140147
0.140131
0.140114
0.140096
0.140077
0.140056
0.140034
0.140009
0.13998
0.139951
0.139921
0.139909
0.139907
0.140165
0.140163
0.140158
0.140151
0.140144
0.140138
0.140132
0.140125
0.140118
0.140111
0.140103
0.140094
0.140085
0.140077
0.14007
0.140063
0.140057
0.140051
0.140045
0.140039
0.140034
0.140027
0.140021
0.140014
0.140006
0.139998
0.13999
0.139982
0.139973
0.139963
0.139954
0.139943
0.139933
0.139921
0.139909
0.139895
0.13988
0.139865
0.139844
0.140168
0.14017
0.140173
0.140177
0.14018
0.140183
0.140185
0.140188
0.14019
0.140192
0.140193
0.140195
0.140196
0.140197
0.140197
0.140198
0.140198
0.140198
0.140197
0.140197
0.140196
0.140195
0.140193
0.140191
0.140188
0.140184
0.140178
0.140169
0.140155
0.140136
0.140116
0.140095
0.140072
0.140048
0.140021
0.139991
0.139956
0.139933
0.139923
0.140166
0.140164
0.140159
0.140152
0.140145
0.140139
0.140133
0.140126
0.140118
0.140111
0.140104
0.140096
0.140088
0.140081
0.140074
0.140067
0.140062
0.140056
0.140051
0.140045
0.14004
0.140034
0.140028
0.140021
0.140014
0.140007
0.14
0.139992
0.139984
0.139975
0.139966
0.139957
0.139947
0.139936
0.139925
0.139912
0.139899
0.139884
0.139866
0.140169
0.140171
0.140174
0.140178
0.140181
0.140184
0.140187
0.140189
0.140192
0.140194
0.140195
0.140197
0.140198
0.140199
0.1402
0.1402
0.140201
0.140201
0.140201
0.140201
0.140201
0.140201
0.1402
0.140199
0.140197
0.140195
0.140193
0.140189
0.140183
0.140174
0.140159
0.14014
0.140116
0.140091
0.140064
0.140034
0.139999
0.139966
0.139947
0.140167
0.140164
0.140159
0.140152
0.140145
0.140139
0.140133
0.140125
0.140117
0.14011
0.140103
0.140096
0.14009
0.140083
0.140077
0.140071
0.140065
0.14006
0.140055
0.14005
0.140045
0.14004
0.140034
0.140028
0.140022
0.140015
0.140008
0.140001
0.139994
0.139986
0.139978
0.139969
0.13996
0.13995
0.13994
0.139929
0.139916
0.139902
0.139887
0.140169
0.140172
0.140175
0.140178
0.140182
0.140185
0.140188
0.14019
0.140193
0.140195
0.140196
0.140198
0.140199
0.1402
0.140201
0.140202
0.140203
0.140204
0.140204
0.140205
0.140205
0.140205
0.140205
0.140204
0.140203
0.140202
0.140201
0.140199
0.140196
0.140193
0.140187
0.140176
0.140161
0.14014
0.140114
0.140082
0.140049
0.140009
0.13998
0.140166
0.140163
0.140158
0.140151
0.140145
0.140139
0.140132
0.140124
0.140116
0.140108
0.140101
0.140095
0.140089
0.140084
0.140079
0.140074
0.140068
0.140064
0.140059
0.140055
0.14005
0.140045
0.14004
0.140034
0.140028
0.140022
0.140016
0.140009
0.140002
0.139995
0.139988
0.13998
0.139972
0.139963
0.139954
0.139944
0.139932
0.139919
0.139908
0.140169
0.140171
0.140175
0.140179
0.140182
0.140185
0.140188
0.140191
0.140193
0.140195
0.140197
0.140198
0.1402
0.140201
0.140202
0.140203
0.140204
0.140205
0.140206
0.140207
0.140207
0.140208
0.140208
0.140208
0.140208
0.140207
0.140206
0.140205
0.140204
0.140202
0.1402
0.140196
0.140189
0.140178
0.14016
0.140135
0.140106
0.140063
0.140026
0.140165
0.140162
0.140157
0.140149
0.140143
0.140137
0.14013
0.140121
0.140113
0.140105
0.140098
0.140092
0.140087
0.140083
0.140079
0.140075
0.140071
0.140067
0.140063
0.140059
0.140054
0.14005
0.140045
0.14004
0.140034
0.140029
0.140023
0.140017
0.14001
0.140004
0.139997
0.139989
0.139982
0.139974
0.139965
0.139956
0.139946
0.139933
0.139925
0.140167
0.14017
0.140174
0.140178
0.140181
0.140185
0.140188
0.14019
0.140192
0.140195
0.140196
0.140198
0.140199
0.140201
0.140202
0.140203
0.140204
0.140206
0.140207
0.140208
0.140209
0.140209
0.14021
0.140211
0.140211
0.140211
0.140211
0.14021
0.140209
0.140208
0.140207
0.140205
0.140203
0.140198
0.140191
0.140176
0.140156
0.140119
0.140081
0.140164
0.14016
0.140155
0.140147
0.140141
0.140135
0.140127
0.140118
0.140109
0.140101
0.140095
0.140089
0.140085
0.140081
0.140077
0.140075
0.140072
0.140069
0.140065
0.140062
0.140058
0.140054
0.14005
0.140045
0.14004
0.140035
0.140029
0.140023
0.140016
0.14001
0.140003
0.139996
0.139989
0.139982
0.139974
0.139965
0.139956
0.139945
0.139939
0.140166
0.140169
0.140173
0.140177
0.140181
0.140184
0.140187
0.140189
0.140191
0.140193
0.140195
0.140197
0.140198
0.1402
0.140201
0.140203
0.140204
0.140205
0.140206
0.140208
0.140209
0.14021
0.140211
0.140212
0.140213
0.140213
0.140213
0.140213
0.140213
0.140213
0.140212
0.140211
0.140209
0.140208
0.140205
0.1402
0.140191
0.140167
0.140135
0.140162
0.140159
0.140153
0.140145
0.140139
0.140132
0.140123
0.140114
0.140105
0.140097
0.140091
0.140085
0.140081
0.140078
0.140075
0.140072
0.14007
0.140068
0.140065
0.140063
0.14006
0.140057
0.140054
0.14005
0.140045
0.140039
0.140033
0.140026
0.140019
0.140012
0.140006
0.139999
0.139992
0.139985
0.139977
0.139969
0.139961
0.139951
0.139946
0.140164
0.140168
0.140172
0.140176
0.140179
0.140182
0.140185
0.140188
0.14019
0.140192
0.140194
0.140195
0.140197
0.140198
0.140199
0.140201
0.140202
0.140204
0.140205
0.140207
0.140208
0.14021
0.140211
0.140212
0.140213
0.140214
0.140215
0.140215
0.140216
0.140216
0.140215
0.140215
0.140214
0.140213
0.140212
0.14021
0.140208
0.140198
0.140179
0.14016
0.140157
0.140151
0.140143
0.140136
0.140129
0.140119
0.140109
0.1401
0.140092
0.140086
0.140081
0.140077
0.140074
0.140071
0.140069
0.140067
0.140064
0.140062
0.14006
0.140058
0.140055
0.140052
0.140049
0.140044
0.140037
0.14003
0.140023
0.140016
0.140008
0.140001
0.139995
0.139988
0.139981
0.139974
0.139967
0.13996
0.13995
0.139947
0.140162
0.140166
0.14017
0.140174
0.140178
0.140181
0.140184
0.140186
0.140188
0.14019
0.140191
0.140193
0.140194
0.140196
0.140197
0.140198
0.1402
0.140201
0.140203
0.140205
0.140206
0.140208
0.14021
0.140211
0.140213
0.140214
0.140215
0.140216
0.140217
0.140217
0.140218
0.140218
0.140218
0.140217
0.140217
0.140216
0.140215
0.140213
0.140206
0.140159
0.140155
0.140149
0.140141
0.140134
0.140126
0.140115
0.140104
0.140095
0.140087
0.140081
0.140077
0.140073
0.14007
0.140067
0.140064
0.140062
0.14006
0.140057
0.140055
0.140052
0.140049
0.140046
0.140041
0.140034
0.140026
0.140019
0.140011
0.140004
0.139997
0.13999
0.139984
0.139977
0.139971
0.139965
0.139958
0.139952
0.139944
0.139941
0.14016
0.140164
0.140168
0.140172
0.140176
0.140179
0.140181
0.140184
0.140185
0.140187
0.140188
0.14019
0.140191
0.140192
0.140194
0.140195
0.140197
0.140198
0.1402
0.140202
0.140204
0.140206
0.140208
0.140209
0.140211
0.140212
0.140214
0.140215
0.140216
0.140218
0.140219
0.140219
0.14022
0.14022
0.14022
0.14022
0.140219
0.140218
0.140219
0.140157
0.140153
0.140146
0.140138
0.140131
0.140122
0.140111
0.140099
0.14009
0.140082
0.140076
0.140071
0.140067
0.140064
0.140061
0.140058
0.140055
0.140053
0.14005
0.140047
0.140043
0.140038
0.140032
0.140025
0.140017
0.140009
0.140002
0.139995
0.139988
0.139982
0.139976
0.139971
0.139965
0.139959
0.139954
0.139948
0.139943
0.139936
0.139933
0.140158
0.140162
0.140166
0.14017
0.140173
0.140176
0.140179
0.140181
0.140182
0.140184
0.140185
0.140186
0.140187
0.140188
0.14019
0.140191
0.140193
0.140194
0.140196
0.140198
0.1402
0.140202
0.140204
0.140206
0.140208
0.14021
0.140212
0.140213
0.140215
0.140217
0.140218
0.140219
0.140221
0.140222
0.140222
0.140222
0.140223
0.140222
0.140224
0.140154
0.14015
0.140144
0.140135
0.140128
0.140118
0.140106
0.140094
0.140085
0.140077
0.140071
0.140066
0.140061
0.140057
0.140053
0.14005
0.140046
0.140042
0.140038
0.140033
0.140027
0.14002
0.140013
0.140006
0.139999
0.139992
0.139986
0.13998
0.139975
0.13997
0.139966
0.139962
0.139958
0.139954
0.13995
0.139946
0.139942
0.139937
0.139931
0.140156
0.140159
0.140164
0.140168
0.140171
0.140173
0.140176
0.140177
0.140178
0.14018
0.140181
0.140182
0.140183
0.140184
0.140185
0.140186
0.140188
0.14019
0.140191
0.140194
0.140196
0.140198
0.1402
0.140203
0.140205
0.140207
0.140209
0.140211
0.140213
0.140215
0.140216
0.140218
0.14022
0.140221
0.140223
0.140224
0.140225
0.140224
0.140227
0.140152
0.140148
0.140141
0.140132
0.140125
0.140114
0.140101
0.140089
0.14008
0.140072
0.140065
0.140059
0.140054
0.140048
0.140043
0.140038
0.140033
0.140027
0.14002
0.140014
0.140007
0.140002
0.139996
0.13999
0.139985
0.139981
0.139977
0.139974
0.139972
0.13997
0.139968
0.139966
0.139964
0.139962
0.13996
0.139959
0.139956
0.139956
0.139951
0.140153
0.140157
0.140161
0.140165
0.140168
0.14017
0.140172
0.140173
0.140174
0.140175
0.140176
0.140176
0.140177
0.140178
0.140179
0.140181
0.140182
0.140184
0.140186
0.140188
0.14019
0.140193
0.140195
0.140198
0.1402
0.140202
0.140204
0.140207
0.140209
0.140211
0.140214
0.140216
0.140218
0.14022
0.140222
0.140224
0.140226
0.140226
0.140228
0.140149
0.140145
0.140138
0.140129
0.140121
0.14011
0.140096
0.140084
0.140074
0.140066
0.140058
0.140051
0.140044
0.140037
0.14003
0.140023
0.140015
0.140008
0.140003
0.139998
0.139994
0.13999
0.139987
0.139984
0.139982
0.139982
0.139981
0.139981
0.139982
0.139984
0.139985
0.139987
0.139988
0.13999
0.139991
0.139991
0.139991
0.139991
0.139986
0.14015
0.140154
0.140158
0.140161
0.140164
0.140166
0.140167
0.140168
0.140169
0.14017
0.14017
0.140171
0.140171
0.140172
0.140173
0.140174
0.140176
0.140177
0.140179
0.140181
0.140183
0.140186
0.140188
0.140191
0.140194
0.140196
0.140199
0.140201
0.140204
0.140206
0.140209
0.140212
0.140214
0.140217
0.14022
0.140222
0.140225
0.140227
0.140229
0.140146
0.140141
0.140134
0.140125
0.140117
0.140104
0.14009
0.140078
0.140069
0.140059
0.14005
0.140042
0.140033
0.140024
0.140015
0.140007
0.140001
0.139997
0.139994
0.139992
0.13999
0.13999
0.13999
0.139991
0.139993
0.139996
0.139998
0.140001
0.140003
0.140005
0.140007
0.140009
0.14001
0.140011
0.140012
0.140013
0.140013
0.140014
0.14001
0.140146
0.14015
0.140154
0.140158
0.14016
0.140161
0.140162
0.140163
0.140163
0.140163
0.140164
0.140164
0.140164
0.140165
0.140166
0.140167
0.140168
0.140169
0.140171
0.140173
0.140175
0.140177
0.14018
0.140182
0.140185
0.140188
0.140191
0.140193
0.140196
0.140199
0.140203
0.140206
0.140209
0.140212
0.140215
0.140219
0.140222
0.140225
0.140229
0.140142
0.140137
0.14013
0.140121
0.140112
0.140099
0.140085
0.140073
0.140062
0.140052
0.140041
0.140031
0.14002
0.14001
0.140003
0.139999
0.139997
0.139996
0.139996
0.139997
0.139999
0.140002
0.140005
0.140008
0.140011
0.140014
0.140016
0.140018
0.14002
0.140022
0.140024
0.140025
0.140027
0.140028
0.140029
0.140029
0.14003
0.140031
0.140029
0.140142
0.140146
0.14015
0.140153
0.140155
0.140156
0.140157
0.140157
0.140157
0.140157
0.140156
0.140156
0.140156
0.140157
0.140157
0.140158
0.140158
0.140159
0.14016
0.140162
0.140164
0.140166
0.140169
0.140171
0.140174
0.140177
0.14018
0.140183
0.140186
0.14019
0.140193
0.140197
0.140201
0.140205
0.140209
0.140213
0.140217
0.140221
0.140226
0.140138
0.140133
0.140126
0.140117
0.140107
0.140093
0.140079
0.140066
0.140055
0.140043
0.140031
0.140019
0.140009
0.140004
0.140002
0.140002
0.140004
0.140007
0.140009
0.140012
0.140015
0.140018
0.140021
0.140023
0.140026
0.140029
0.140031
0.140034
0.140036
0.140038
0.140039
0.140041
0.140042
0.140044
0.140045
0.140046
0.140046
0.140047
0.140047
0.140138
0.140142
0.140146
0.140148
0.14015
0.140151
0.140151
0.14015
0.14015
0.140149
0.140149
0.140148
0.140148
0.140147
0.140147
0.140147
0.140147
0.140147
0.140148
0.140149
0.140151
0.140153
0.140156
0.140158
0.140161
0.140164
0.140167
0.14017
0.140174
0.140177
0.140181
0.140185
0.140189
0.140194
0.140198
0.140203
0.140208
0.140213
0.140219
0.140134
0.140129
0.140121
0.140112
0.140102
0.140087
0.140072
0.14006
0.140047
0.140034
0.140021
0.140011
0.140007
0.140007
0.14001
0.140014
0.140018
0.140021
0.140024
0.140027
0.14003
0.140032
0.140035
0.140038
0.140041
0.140044
0.140047
0.140049
0.140052
0.140054
0.140056
0.140058
0.14006
0.140062
0.140063
0.140065
0.140066
0.140067
0.140066
0.140133
0.140137
0.140141
0.140143
0.140144
0.140145
0.140144
0.140143
0.140142
0.140141
0.14014
0.140139
0.140138
0.140136
0.140135
0.140135
0.140134
0.140134
0.140135
0.140136
0.140138
0.14014
0.140142
0.140144
0.140147
0.14015
0.140153
0.140156
0.140159
0.140163
0.140167
0.140171
0.140175
0.14018
0.140185
0.14019
0.140196
0.140202
0.140209
0.140129
0.140124
0.140116
0.140107
0.140097
0.140081
0.140066
0.140053
0.140039
0.140025
0.140014
0.140011
0.140014
0.140019
0.140024
0.140028
0.140032
0.140035
0.140038
0.140041
0.140044
0.140047
0.14005
0.140054
0.140058
0.140061
0.140064
0.140068
0.140071
0.140074
0.140076
0.140079
0.140081
0.140083
0.140085
0.140087
0.140088
0.14009
0.14009
0.140128
0.140132
0.140135
0.140138
0.140138
0.140138
0.140137
0.140136
0.140134
0.140132
0.14013
0.140128
0.140126
0.140124
0.140123
0.140121
0.140121
0.140121
0.140121
0.140122
0.140124
0.140125
0.140128
0.14013
0.140133
0.140135
0.140138
0.140141
0.140145
0.140148
0.140152
0.140156
0.14016
0.140165
0.14017
0.140175
0.140181
0.140188
0.140196
0.140124
0.140119
0.140111
0.140102
0.140091
0.140074
0.14006
0.140045
0.140031
0.140018
0.140014
0.140018
0.140024
0.14003
0.140036
0.140041
0.140045
0.140049
0.140053
0.140056
0.14006
0.140064
0.140068
0.140072
0.140076
0.140081
0.140085
0.140089
0.140092
0.140096
0.140099
0.140102
0.140105
0.140107
0.140109
0.140112
0.140114
0.140116
0.140116
0.140123
0.140127
0.14013
0.140131
0.140132
0.140131
0.140129
0.140127
0.140125
0.140123
0.14012
0.140117
0.140114
0.140111
0.14011
0.140108
0.140107
0.140107
0.140107
0.140108
0.140109
0.140111
0.140113
0.140115
0.140118
0.14012
0.140123
0.140126
0.14013
0.140133
0.140137
0.140141
0.140145
0.140149
0.140154
0.140159
0.140165
0.140172
0.14018
0.140119
0.140114
0.140106
0.140097
0.140085
0.140068
0.140054
0.140038
0.140023
0.140017
0.14002
0.140027
0.140035
0.140042
0.140049
0.140055
0.14006
0.140065
0.14007
0.140074
0.140078
0.140083
0.140087
0.140092
0.140097
0.140102
0.140107
0.140111
0.140115
0.140119
0.140123
0.140126
0.140129
0.140132
0.140135
0.140138
0.14014
0.140143
0.140144
0.140117
0.140121
0.140123
0.140125
0.140124
0.140123
0.140121
0.140118
0.140115
0.140112
0.140108
0.140105
0.140101
0.140098
0.140096
0.140094
0.140093
0.140092
0.140092
0.140092
0.140093
0.140095
0.140097
0.140099
0.140102
0.140104
0.140107
0.140111
0.140114
0.140118
0.140122
0.140126
0.14013
0.140134
0.140139
0.140144
0.14015
0.140156
0.140164
0.140113
0.140109
0.140101
0.140091
0.140079
0.140062
0.140047
0.140031
0.140019
0.14002
0.140028
0.140037
0.140047
0.140056
0.140064
0.140071
0.140078
0.140083
0.140089
0.140094
0.140098
0.140103
0.140108
0.140114
0.140119
0.140125
0.14013
0.140135
0.140139
0.140143
0.140147
0.140151
0.140154
0.140158
0.140161
0.140164
0.140167
0.14017
0.140171
0.140112
0.140116
0.140118
0.140118
0.140117
0.140115
0.140112
0.140108
0.140105
0.1401
0.140095
0.140091
0.140088
0.140085
0.140082
0.14008
0.140079
0.140078
0.140077
0.140077
0.140078
0.140079
0.140081
0.140083
0.140086
0.140089
0.140092
0.140095
0.140098
0.140102
0.140106
0.140111
0.140115
0.14012
0.140125
0.140131
0.140137
0.140143
0.14015
0.140108
0.140103
0.140096
0.140086
0.140073
0.140055
0.14004
0.140024
0.140021
0.140026
0.140036
0.140048
0.140059
0.14007
0.140079
0.140087
0.140094
0.1401
0.140106
0.140111
0.140116
0.140121
0.140127
0.140132
0.140138
0.140144
0.140149
0.140154
0.140159
0.140163
0.140167
0.140171
0.140175
0.140179
0.140182
0.140186
0.140189
0.140193
0.140195
0.140108
0.140111
0.140113
0.140113
0.140111
0.140108
0.140104
0.140098
0.140094
0.140085
0.14008
0.140076
0.140073
0.14007
0.140068
0.140066
0.140065
0.140064
0.140063
0.140064
0.140064
0.140065
0.140067
0.140069
0.140071
0.140074
0.140076
0.140079
0.140083
0.140087
0.140091
0.140095
0.1401
0.140104
0.14011
0.140115
0.140122
0.140129
0.140136
0.140104
0.140099
0.140091
0.140081
0.140067
0.140049
0.140032
0.140021
0.140023
0.140033
0.140046
0.140059
0.140072
0.140084
0.140093
0.140102
0.140109
0.140115
0.140121
0.140126
0.140131
0.140136
0.140141
0.140146
0.140152
0.140157
0.140162
0.140167
0.140172
0.140176
0.140181
0.140185
0.140189
0.140193
0.140196
0.1402
0.140204
0.140208
0.140211
0.140103
0.140106
0.140107
0.140106
0.140104
0.1401
0.140095
0.140087
0.140081
0.140069
0.140063
0.14006
0.140057
0.140055
0.140053
0.140052
0.14005
0.14005
0.140049
0.140049
0.14005
0.140051
0.140052
0.140054
0.140056
0.140058
0.140061
0.140064
0.140067
0.14007
0.140074
0.140078
0.140082
0.140087
0.140092
0.140097
0.140103
0.14011
0.140118
0.140099
0.140094
0.140086
0.140076
0.140062
0.140043
0.140025
0.140022
0.140029
0.140042
0.140058
0.140073
0.140086
0.140098
0.140108
0.140116
0.140123
0.140129
0.140134
0.140139
0.140144
0.140149
0.140153
0.140159
0.140164
0.140169
0.140174
0.140178
0.140183
0.140187
0.140191
0.140195
0.140199
0.140203
0.140207
0.14021
0.140214
0.140219
0.140223
0.140097
0.1401
0.1401
0.140099
0.140096
0.140091
0.140085
0.140076
0.140068
0.140053
0.140046
0.140043
0.140041
0.14004
0.140038
0.140037
0.140036
0.140035
0.140035
0.140035
0.140035
0.140036
0.140037
0.140039
0.140041
0.140043
0.140045
0.140047
0.14005
0.140053
0.140056
0.14006
0.140064
0.140068
0.140072
0.140077
0.140083
0.140089
0.140096
0.140094
0.140089
0.140081
0.14007
0.140055
0.140037
0.140018
0.140023
0.140035
0.140053
0.140071
0.140087
0.140101
0.140113
0.140122
0.14013
0.140136
0.140142
0.140147
0.140151
0.140155
0.140159
0.140164
0.140168
0.140173
0.140178
0.140182
0.140187
0.140191
0.140195
0.140199
0.140203
0.140207
0.140211
0.140214
0.140218
0.140223
0.140227
0.140231
0.140091
0.140093
0.140093
0.140091
0.140087
0.140081
0.140074
0.140064
0.140054
0.140037
0.140031
0.140029
0.140027
0.140026
0.140025
0.140023
0.140022
0.140021
0.14002
0.14002
0.14002
0.14002
0.140021
0.140022
0.140024
0.140026
0.140028
0.14003
0.140033
0.140035
0.140038
0.140042
0.140045
0.140049
0.140053
0.140058
0.140063
0.140068
0.140075
0.140087
0.140083
0.140075
0.140064
0.140049
0.14003
0.140013
0.140026
0.140044
0.140065
0.140085
0.140101
0.140115
0.140125
0.140134
0.140141
0.140147
0.140151
0.140156
0.14016
0.140164
0.140167
0.140171
0.140176
0.14018
0.140185
0.140189
0.140194
0.140198
0.140202
0.140206
0.14021
0.140214
0.140218
0.140222
0.140226
0.140231
0.140235
0.14024
0.140084
0.140086
0.140085
0.140083
0.140078
0.140071
0.140063
0.140051
0.140039
0.140024
0.140019
0.140017
0.140017
0.140016
0.140015
0.140013
0.140012
0.14001
0.140009
0.140007
0.140006
0.140004
0.140003
0.140002
0.140002
0.140002
0.140002
0.140004
0.140006
0.140008
0.140011
0.140014
0.140018
0.140021
0.140026
0.14003
0.140036
0.140041
0.140048
0.140081
0.140076
0.140068
0.140058
0.140042
0.140024
0.140009
0.140031
0.140054
0.140078
0.140098
0.140113
0.140125
0.140135
0.140143
0.140149
0.140154
0.140158
0.140163
0.140166
0.14017
0.140174
0.140178
0.140183
0.140188
0.140193
0.140198
0.140203
0.140208
0.140213
0.140218
0.140223
0.140227
0.140232
0.140237
0.140242
0.140246
0.140252
0.140257
0.140076
0.140078
0.140077
0.140073
0.140068
0.140061
0.140051
0.140039
0.140025
0.140016
0.140014
0.140014
0.140015
0.140016
0.140018
0.140019
0.140021
0.140022
0.140023
0.140024
0.140024
0.140024
0.140023
0.140022
0.14002
0.140018
0.140016
0.140014
0.140012
0.140009
0.140007
0.140005
0.140005
0.140005
0.140007
0.140008
0.140011
0.140015
0.14002
0.140073
0.140069
0.140061
0.140051
0.140036
0.140017
0.140007
0.140037
0.140064
0.140089
0.140107
0.140122
0.140132
0.140141
0.140149
0.140155
0.14016
0.140165
0.14017
0.140174
0.140179
0.140184
0.140189
0.140195
0.140201
0.140208
0.140215
0.140221
0.140228
0.140234
0.140241
0.140247
0.140253
0.140259
0.140266
0.140272
0.140279
0.140286
0.140292
0.140068
0.140069
0.140067
0.140063
0.140058
0.14005
0.140039
0.140026
0.140013
0.140014
0.140016
0.140019
0.140022
0.140025
0.140028
0.140031
0.140033
0.140035
0.140037
0.140039
0.14004
0.140041
0.140041
0.140041
0.14004
0.14004
0.140039
0.140038
0.140036
0.140034
0.140032
0.140029
0.140027
0.140024
0.140022
0.14002
0.140018
0.140016
0.140016
0.140065
0.140061
0.140054
0.140043
0.140029
0.140012
0.140009
0.140043
0.140071
0.140095
0.140113
0.140126
0.140137
0.140147
0.140156
0.140164
0.140171
0.140177
0.140183
0.140189
0.140195
0.140202
0.140209
0.140216
0.140225
0.140234
0.140242
0.140251
0.140259
0.140268
0.140276
0.140284
0.140292
0.1403
0.140308
0.140316
0.140325
0.140334
0.140343
0.140058
0.140059
0.140057
0.140053
0.140047
0.140039
0.140028
0.140015
0.140006
0.140015
0.140022
0.140027
0.140032
0.140036
0.14004
0.140044
0.140047
0.14005
0.140053
0.140055
0.140057
0.140058
0.140059
0.14006
0.14006
0.14006
0.140059
0.140059
0.140057
0.140057
0.140055
0.140054
0.140051
0.140049
0.140046
0.140042
0.140037
0.140034
0.14003
0.140056
0.140052
0.140046
0.140036
0.140022
0.140007
0.140013
0.140046
0.140074
0.140097
0.140115
0.14013
0.140144
0.140157
0.140169
0.140179
0.140189
0.140197
0.140205
0.140212
0.140219
0.140227
0.140235
0.140244
0.140253
0.140262
0.140272
0.14028
0.140289
0.140297
0.140306
0.140314
0.140322
0.140329
0.140337
0.140345
0.140354
0.140363
0.140373
0.140047
0.140048
0.140046
0.140041
0.140036
0.140028
0.140017
0.140007
0.140004
0.140018
0.140027
0.140034
0.140041
0.140047
0.140052
0.140057
0.140061
0.140065
0.140068
0.140071
0.140074
0.140076
0.140077
0.140078
0.140079
0.14008
0.140081
0.140081
0.140081
0.140081
0.140081
0.140082
0.140081
0.140081
0.140081
0.14008
0.140079
0.140078
0.140076
0.140046
0.140042
0.140037
0.140028
0.140016
0.140005
0.140015
0.140045
0.140071
0.140096
0.140118
0.140138
0.140156
0.140172
0.140185
0.140196
0.140205
0.140213
0.14022
0.140227
0.140233
0.140239
0.140245
0.140252
0.140259
0.140265
0.140272
0.140278
0.140283
0.140288
0.140294
0.140299
0.140303
0.140308
0.140313
0.140318
0.140323
0.140328
0.140333
0.140035
0.140035
0.140033
0.14003
0.140024
0.140018
0.140009
0.140002
0.140007
0.140019
0.140029
0.140037
0.140046
0.140054
0.140061
0.140067
0.140073
0.140078
0.140083
0.140088
0.140092
0.140095
0.140098
0.1401
0.140101
0.140102
0.140103
0.140103
0.140101
0.140102
0.140102
0.140101
0.1401
0.140097
0.140095
0.140093
0.140092
0.140091
0.14009
0.140034
0.140032
0.140027
0.14002
0.14001
0.140004
0.140016
0.140038
0.140064
0.140096
0.140123
0.140144
0.14016
0.140171
0.14018
0.140186
0.140191
0.140195
0.140198
0.140201
0.140204
0.140207
0.140209
0.140212
0.140216
0.14022
0.140225
0.140229
0.140234
0.14024
0.140245
0.140251
0.140257
0.140264
0.14027
0.140277
0.140285
0.140294
0.140301
0.140022
0.140022
0.140021
0.140018
0.140014
0.140009
0.140002
0.140002
0.140008
0.140015
0.140023
0.140033
0.140044
0.140053
0.140061
0.140067
0.140073
0.140079
0.140084
0.140089
0.140094
0.140099
0.140104
0.140108
0.140113
0.140118
0.140122
0.140128
0.140135
0.140138
0.140143
0.140149
0.140155
0.140161
0.140167
0.140173
0.140179
0.140187
0.140195
0.140022
0.14002
0.140017
0.140012
0.140005
0.140003
0.140013
0.140025
0.140056
0.140088
0.140105
0.140113
0.140118
0.140121
0.140125
0.140128
0.140131
0.140135
0.140138
0.140141
0.140144
0.140149
0.140156
0.140165
0.140178
0.140191
0.140207
0.140223
0.14024
0.140258
0.140276
0.140294
0.140313
0.140332
0.140352
0.140372
0.140394
0.140418
0.140441
0.140008
0.140008
0.140007
0.140006
0.140004
0.140002
0.14
0.140001
0.140004
0.140005
0.140014
0.140028
0.140045
0.140062
0.140078
0.140094
0.140108
0.140122
0.140135
0.140146
0.140157
0.140166
0.140174
0.14018
0.140185
0.140189
0.140192
0.140195
0.140195
0.140197
0.140197
0.140197
0.140196
0.140194
0.140194
0.140195
0.140196
0.140199
0.140201
0.140007
0.140007
0.140006
0.140004
0.140001
0.140002
0.140006
0.140009
0.140032
0.140041
0.14003
0.140028
0.140035
0.140048
0.140063
0.140079
0.140094
0.140108
0.140121
0.140133
0.140145
0.140157
0.140169
0.140182
0.140195
0.140208
0.14022
0.140232
0.140242
0.140252
0.140262
0.14027
0.140278
0.140285
0.140292
0.140298
0.140303
0.140309
0.140314
0.120197
0.129574
0.154637
0.175382
0.183838
0.181292
0.169749
0.151799
0.131782
0.115208
0.106071
0.104456
0.107762
0.113087
0.118424
0.122891
0.126376
0.129073
0.131199
0.132911
0.134306
0.135451
0.136394
0.137172
0.137807
0.138316
0.138711
0.139007
0.139224
0.13938
0.139492
0.139574
0.139635
0.139678
0.139709
0.139735
0.139759
0.139784
0.139807
0.139827
0.139846
0.139861
0.139874
0.139888
0.1399
0.139909
0.139918
0.139929
0.139947
0.139974
0.140013
0.140064
0.140118
0.140166
0.140198
0.140212
0.140219
0.140225
0.140228
0.14023
0.14023
0.140227
0.140222
0.140212
0.140199
0.140183
0.140167
0.140154
0.14014
0.140122
0.1401
0.140078
0.140052
0.140022
0.140016
0.140028
0.140074
0.140088
0.140199
0.140202
0.110746
0.087216
0.0707202
0.0640467
0.0642658
0.069858
0.0786854
0.0881006
0.0967368
0.104184
0.110488
0.11574
0.120026
0.123499
0.126306
0.128578
0.130424
0.131932
0.13317
0.134194
0.135047
0.135762
0.136365
0.136878
0.137313
0.137683
0.137995
0.13826
0.138483
0.138672
0.138832
0.138967
0.139083
0.139184
0.139271
0.139349
0.139418
0.139481
0.139538
0.13959
0.139637
0.13968
0.139719
0.139754
0.139785
0.139813
0.139837
0.139859
0.13988
0.139901
0.139919
0.139932
0.13994
0.139941
0.139937
0.139931
0.139931
0.139955
0.139989
0.140012
0.140031
0.140049
0.140069
0.140092
0.140119
0.140147
0.140175
0.140199
0.140215
0.140227
0.140235
0.140243
0.140261
0.140298
0.14035
0.140379
0.140337
0.140307
0.140456
0.140318
0.146469
0.157086
0.165674
0.18424
0.197171
0.198018
0.187469
0.168476
0.145487
0.12445
0.110787
0.106039
0.107786
0.112572
0.117884
0.122511
0.126163
0.128976
0.131172
0.132925
0.134347
0.13551
0.136465
0.137249
0.137887
0.138395
0.138787
0.13908
0.139292
0.139443
0.13955
0.139626
0.139682
0.139722
0.139749
0.13977
0.139789
0.139808
0.139827
0.139845
0.139861
0.139875
0.139887
0.139898
0.139909
0.139918
0.139926
0.139935
0.139948
0.139971
0.140005
0.140048
0.140101
0.140152
0.140191
0.140209
0.140218
0.140224
0.140228
0.14023
0.14023
0.140229
0.140224
0.140214
0.140202
0.140186
0.14017
0.140156
0.140143
0.140125
0.140103
0.14008
0.140054
0.140024
0.140016
0.140027
0.140073
0.140087
0.140202
0.140204
0.121878
0.092346
0.0727482
0.066685
0.0688898
0.0755774
0.0841927
0.0928123
0.100558
0.107198
0.112786
0.117491
0.121348
0.124487
0.127039
0.12912
0.130822
0.132222
0.13338
0.134345
0.135155
0.13584
0.136421
0.136918
0.137341
0.137703
0.138012
0.138275
0.138496
0.138682
0.138839
0.138971
0.139084
0.139181
0.139267
0.139343
0.139411
0.139472
0.139528
0.13958
0.139628
0.139671
0.139711
0.139746
0.139777
0.139805
0.13983
0.139852
0.139873
0.139894
0.139913
0.139926
0.139933
0.139935
0.139931
0.139926
0.139932
0.139959
0.139992
0.140014
0.140033
0.140051
0.140071
0.140095
0.140123
0.140151
0.140179
0.140202
0.140219
0.14023
0.140238
0.140246
0.140265
0.140303
0.140356
0.140382
0.140339
0.140313
0.140465
0.140321
0.152155
0.171947
0.180806
0.18776
0.201443
0.20929
0.205154
0.189266
0.165379
0.139714
0.11954
0.109353
0.108144
0.111856
0.117014
0.121824
0.125716
0.128717
0.131035
0.132863
0.134335
0.135532
0.136511
0.137311
0.137958
0.13847
0.138863
0.139153
0.139362
0.139508
0.13961
0.139681
0.139732
0.139767
0.139791
0.139808
0.139822
0.139835
0.139849
0.139864
0.139877
0.139889
0.1399
0.139909
0.139918
0.139926
0.139933
0.13994
0.13995
0.139968
0.139994
0.140033
0.140084
0.140138
0.140182
0.140206
0.140216
0.140223
0.140228
0.14023
0.140231
0.14023
0.140225
0.140217
0.140204
0.140188
0.140172
0.140159
0.140145
0.140127
0.140105
0.140083
0.140056
0.140025
0.140016
0.140026
0.140071
0.140086
0.140205
0.140206
0.122077
0.0920924
0.0742162
0.0707526
0.0750174
0.0823291
0.0904137
0.0980696
0.104818
0.110569
0.115457
0.119567
0.122954
0.12573
0.128008
0.129886
0.131432
0.13271
0.133772
0.134663
0.135415
0.136055
0.136602
0.137071
0.137473
0.137817
0.138111
0.138359
0.138567
0.138741
0.138886
0.139009
0.139114
0.139205
0.139285
0.139356
0.139418
0.139474
0.139526
0.139575
0.139621
0.139663
0.139702
0.139738
0.139769
0.139797
0.139822
0.139845
0.139867
0.139888
0.139906
0.139919
0.139927
0.139928
0.139925
0.139922
0.139932
0.139964
0.139996
0.140017
0.140036
0.140054
0.140074
0.140099
0.140126
0.140155
0.140183
0.140206
0.140222
0.140233
0.140241
0.14025
0.140269
0.140309
0.140363
0.140386
0.140341
0.140321
0.140475
0.140324
0.145554
0.172303
0.189139
0.19658
0.201769
0.211631
0.216286
0.209535
0.190929
0.164484
0.137603
0.11834
0.110323
0.110975
0.115482
0.120535
0.124826
0.128154
0.130693
0.132661
0.134223
0.135483
0.136507
0.137338
0.138005
0.138529
0.138929
0.139223
0.139431
0.139574
0.139672
0.139738
0.139784
0.139815
0.139835
0.139848
0.139858
0.139866
0.139874
0.139884
0.139895
0.139905
0.139913
0.139921
0.139928
0.139934
0.13994
0.139946
0.139953
0.139967
0.139986
0.140019
0.140067
0.140124
0.140173
0.140202
0.140215
0.140223
0.140228
0.140231
0.140232
0.140231
0.140227
0.140219
0.140206
0.140191
0.140175
0.140161
0.140148
0.14013
0.140108
0.140085
0.140058
0.140027
0.140016
0.140025
0.140069
0.140085
0.140208
0.140208
0.114644
0.0887675
0.0763624
0.0763822
0.0820104
0.0892476
0.0965083
0.103133
0.108911
0.11389
0.118146
0.121709
0.124656
0.127089
0.129099
0.130762
0.132138
0.133283
0.134242
0.135052
0.135742
0.136332
0.13684
0.137277
0.137652
0.137973
0.138244
0.138472
0.138662
0.138821
0.138954
0.139066
0.139162
0.139245
0.139318
0.139382
0.139438
0.139489
0.139535
0.139578
0.139618
0.139657
0.139695
0.13973
0.139762
0.13979
0.139815
0.139838
0.13986
0.139881
0.139899
0.139913
0.13992
0.139921
0.139918
0.139918
0.139934
0.139969
0.139999
0.14002
0.140038
0.140056
0.140077
0.140102
0.14013
0.140159
0.140187
0.140211
0.140226
0.140236
0.140244
0.140253
0.140274
0.140316
0.14037
0.14039
0.140344
0.140329
0.140485
0.140327
0.131594
0.161281
0.185983
0.201214
0.207815
0.211589
0.218551
0.221227
0.213301
0.193581
0.165956
0.13843
0.11948
0.112325
0.113693
0.118424
0.123263
0.127141
0.130055
0.13226
0.133975
0.135338
0.136434
0.137317
0.138021
0.13857
0.138986
0.139288
0.1395
0.139643
0.139737
0.1398
0.13984
0.139866
0.139883
0.139892
0.139896
0.139899
0.139903
0.139908
0.139915
0.139921
0.139928
0.139933
0.139939
0.139944
0.139948
0.139952
0.139958
0.139968
0.139982
0.140006
0.14005
0.140107
0.140161
0.140196
0.140213
0.140222
0.140228
0.140231
0.140233
0.140233
0.140229
0.140221
0.140209
0.140193
0.140177
0.140164
0.140151
0.140133
0.140111
0.140087
0.140061
0.140029
0.140017
0.140025
0.140068
0.140083
0.140211
0.140212
0.104078
0.0858629
0.0802663
0.0832317
0.0893236
0.0959617
0.102247
0.107878
0.112814
0.117088
0.120726
0.123774
0.126313
0.128421
0.130173
0.131629
0.132843
0.133862
0.134724
0.135457
0.136087
0.13663
0.137099
0.137503
0.137849
0.138143
0.13839
0.138596
0.138768
0.138912
0.139031
0.139132
0.139218
0.139292
0.139357
0.139415
0.139466
0.139511
0.139552
0.139589
0.139624
0.139658
0.139691
0.139723
0.139755
0.139783
0.139809
0.139832
0.139854
0.139874
0.139893
0.139906
0.139913
0.139914
0.139912
0.139916
0.139938
0.139974
0.140003
0.140023
0.140041
0.140059
0.140081
0.140106
0.140134
0.140163
0.140191
0.140215
0.14023
0.14024
0.140247
0.140257
0.140279
0.140322
0.140377
0.140394
0.140346
0.140337
0.140495
0.140329
0.115204
0.142768
0.171727
0.195396
0.210121
0.216513
0.219334
0.223977
0.225341
0.217052
0.197144
0.169105
0.14109
0.121844
0.114648
0.116095
0.120814
0.125459
0.129025
0.131622
0.133567
0.135081
0.136284
0.137243
0.138001
0.138589
0.139031
0.139349
0.139569
0.139715
0.139808
0.139866
0.139902
0.139923
0.139934
0.139939
0.139939
0.139937
0.139935
0.139935
0.139937
0.13994
0.139944
0.139948
0.139951
0.139954
0.139957
0.139959
0.139963
0.13997
0.139981
0.139997
0.140034
0.140089
0.140148
0.140189
0.140211
0.140221
0.140227
0.140231
0.140234
0.140234
0.140231
0.140223
0.140212
0.140196
0.14018
0.140167
0.140153
0.140136
0.140113
0.14009
0.140063
0.140031
0.140017
0.140024
0.140066
0.140082
0.140214
0.140215
0.0953162
0.0861371
0.0861266
0.0906888
0.0965168
0.102294
0.107607
0.112359
0.11652
0.120112
0.123168
0.125741
0.127898
0.129701
0.131208
0.132471
0.133535
0.134437
0.135207
0.135869
0.136442
0.136938
0.137368
0.137738
0.138052
0.138318
0.13854
0.138725
0.138879
0.139007
0.139113
0.139203
0.139278
0.139344
0.139401
0.139452
0.139497
0.139537
0.139573
0.139606
0.139637
0.139666
0.139694
0.139722
0.139749
0.139777
0.139803
0.139826
0.139848
0.139868
0.139886
0.139899
0.139906
0.139907
0.139906
0.139915
0.139943
0.13998
0.140006
0.140026
0.140044
0.140062
0.140084
0.14011
0.140139
0.140168
0.140196
0.140219
0.140234
0.140243
0.140251
0.140261
0.140284
0.140329
0.140384
0.140398
0.140349
0.140347
0.140507
0.140331
0.10219
0.122297
0.149738
0.178259
0.201806
0.216899
0.223681
0.225977
0.228651
0.22907
0.220921
0.201465
0.173547
0.145109
0.125076
0.117153
0.118209
0.122771
0.127268
0.130612
0.132963
0.134695
0.13604
0.137105
0.137941
0.138584
0.139063
0.139406
0.13964
0.139791
0.139884
0.139939
0.13997
0.139985
0.139991
0.13999
0.139986
0.139979
0.139972
0.139966
0.139963
0.139962
0.139963
0.139963
0.139964
0.139966
0.139967
0.139968
0.13997
0.139974
0.139982
0.139994
0.14002
0.14007
0.140133
0.140181
0.140207
0.14022
0.140227
0.140232
0.140234
0.140235
0.140233
0.140226
0.140214
0.140199
0.140183
0.140169
0.140156
0.140139
0.140116
0.140092
0.140066
0.140033
0.140018
0.140023
0.140064
0.14008
0.140217
0.14022
0.0919724
0.0901329
0.093224
0.0981255
0.103284
0.108156
0.112581
0.116514
0.11995
0.122913
0.125441
0.127582
0.129389
0.130912
0.132197
0.133285
0.134211
0.135006
0.135691
0.136287
0.136805
0.137255
0.137643
0.137976
0.138258
0.138494
0.138692
0.138856
0.138993
0.139105
0.139198
0.139276
0.139341
0.139398
0.139448
0.139491
0.13953
0.139565
0.139597
0.139627
0.139654
0.139679
0.139703
0.139727
0.139749
0.139773
0.139797
0.139821
0.139843
0.139863
0.13988
0.139892
0.139899
0.1399
0.139902
0.139915
0.139949
0.139985
0.14001
0.140029
0.140047
0.140065
0.140088
0.140114
0.140143
0.140172
0.140201
0.140224
0.140238
0.140247
0.140254
0.140265
0.14029
0.140337
0.140391
0.140402
0.140352
0.140358
0.140518
0.140332
0.0966803
0.106716
0.12642
0.153342
0.181762
0.205877
0.22203
0.229746
0.231924
0.232893
0.232584
0.224904
0.206368
0.178985
0.150202
0.129034
0.119849
0.120118
0.124387
0.128771
0.131975
0.13414
0.135691
0.136886
0.137824
0.138544
0.139078
0.139456
0.13971
0.139872
0.139968
0.14002
0.140045
0.140054
0.140054
0.140047
0.140037
0.140025
0.140013
0.140002
0.139993
0.139987
0.139984
0.139981
0.13998
0.139979
0.139978
0.139977
0.139977
0.139979
0.139985
0.139994
0.14001
0.140052
0.140116
0.14017
0.140203
0.140218
0.140227
0.140232
0.140235
0.140236
0.140234
0.140228
0.140217
0.140202
0.140186
0.140172
0.140159
0.140142
0.14012
0.140095
0.140069
0.140036
0.140018
0.140022
0.140062
0.140077
0.140221
0.140225
0.094361
0.0965436
0.100617
0.105119
0.109476
0.113482
0.117084
0.120271
0.123053
0.125457
0.127518
0.129276
0.130773
0.132048
0.133135
0.134067
0.134871
0.135569
0.136177
0.136708
0.137172
0.137574
0.13792
0.138214
0.138463
0.138671
0.138845
0.138988
0.139107
0.139204
0.139283
0.139349
0.139405
0.139453
0.139495
0.139532
0.139566
0.139596
0.139623
0.139649
0.139673
0.139695
0.139716
0.139736
0.139755
0.139773
0.139793
0.139816
0.139838
0.139858
0.139874
0.139886
0.139892
0.139893
0.139898
0.139918
0.139956
0.13999
0.140014
0.140032
0.14005
0.140069
0.140092
0.140119
0.140148
0.140177
0.140206
0.140229
0.140243
0.140251
0.140258
0.14027
0.140296
0.140345
0.140399
0.140406
0.140355
0.14037
0.14053
0.140333
0.0984371
0.100407
0.109622
0.128185
0.154294
0.18279
0.207931
0.225679
0.234821
0.23728
0.236783
0.235844
0.228833
0.211572
0.185089
0.156103
0.133615
0.122778
0.121916
0.125743
0.130028
0.13316
0.135193
0.136588
0.137641
0.138456
0.139065
0.139494
0.13978
0.139958
0.140059
0.14011
0.14013
0.140132
0.140125
0.140111
0.140095
0.140077
0.140059
0.140042
0.140028
0.140016
0.140008
0.140002
0.139997
0.139993
0.13999
0.139988
0.139986
0.139986
0.139989
0.139995
0.140006
0.140036
0.140096
0.140156
0.140196
0.140216
0.140226
0.140232
0.140236
0.140237
0.140236
0.14023
0.14022
0.140205
0.140189
0.140175
0.140163
0.140145
0.140123
0.140098
0.140072
0.140038
0.140019
0.140022
0.140061
0.140074
0.140224
0.14023
0.100275
0.103761
0.107661
0.111461
0.114992
0.118196
0.121061
0.123592
0.125807
0.127729
0.129389
0.130818
0.132048
0.133109
0.134026
0.134822
0.135517
0.136126
0.136661
0.13713
0.137538
0.137891
0.138194
0.138451
0.138666
0.138847
0.138996
0.139119
0.139219
0.139301
0.139368
0.139423
0.139469
0.139508
0.139543
0.139574
0.139602
0.139627
0.139651
0.139673
0.139693
0.139712
0.13973
0.139747
0.139763
0.139778
0.139794
0.139812
0.139833
0.139853
0.139869
0.13988
0.139885
0.139888
0.139897
0.139925
0.139964
0.139995
0.140018
0.140036
0.140053
0.140073
0.140096
0.140124
0.140153
0.140183
0.140211
0.140234
0.140247
0.140255
0.140262
0.140274
0.140303
0.140354
0.140407
0.14041
0.140358
0.140383
0.140543
0.140333
0.104294
0.102299
0.103544
0.111375
0.128238
0.153178
0.181702
0.208099
0.227826
0.238838
0.24202
0.240609
0.238958
0.232589
0.216802
0.191534
0.162573
0.138743
0.126
0.123705
0.126915
0.13108
0.134192
0.136143
0.137405
0.138322
0.139015
0.139514
0.139845
0.140048
0.140159
0.140211
0.140226
0.140221
0.140205
0.140183
0.140159
0.140135
0.14011
0.140087
0.140067
0.14005
0.140036
0.140025
0.140017
0.14001
0.140005
0.14
0.139996
0.139994
0.139994
0.139998
0.140006
0.140024
0.140075
0.14014
0.140188
0.140213
0.140225
0.140232
0.140236
0.140238
0.140238
0.140233
0.140223
0.140208
0.140192
0.140178
0.140166
0.140149
0.140126
0.140101
0.140075
0.140041
0.14002
0.140021
0.140059
0.140072
0.140228
0.140236
0.107358
0.110713
0.113967
0.116998
0.119768
0.122268
0.124501
0.126477
0.128215
0.129735
0.131061
0.132216
0.133223
0.134103
0.134873
0.135551
0.136149
0.136676
0.137139
0.137546
0.137899
0.138203
0.138463
0.138682
0.138865
0.139018
0.139143
0.139246
0.139329
0.139396
0.13945
0.139494
0.139531
0.139563
0.139591
0.139616
0.139639
0.13966
0.139679
0.139698
0.139715
0.139731
0.139746
0.13976
0.139774
0.139786
0.139798
0.139812
0.139829
0.139848
0.139863
0.139873
0.139879
0.139884
0.139899
0.139933
0.139971
0.140001
0.140022
0.140039
0.140057
0.140077
0.140101
0.140129
0.140159
0.140188
0.140217
0.140239
0.140252
0.140259
0.140266
0.140279
0.14031
0.140363
0.140415
0.140414
0.140361
0.140397
0.140556
0.140332
0.111263
0.10834
0.106039
0.106367
0.112481
0.127192
0.150513
0.178795
0.206446
0.228396
0.241707
0.246299
0.245252
0.242553
0.23644
0.222036
0.19815
0.169444
0.144365
0.12958
0.125593
0.127989
0.131972
0.135088
0.136993
0.138145
0.138933
0.139508
0.139901
0.140142
0.140269
0.140324
0.140336
0.140323
0.140297
0.140266
0.140233
0.1402
0.140168
0.140138
0.140111
0.140088
0.140068
0.140053
0.14004
0.14003
0.140021
0.140014
0.140008
0.140003
0.140001
0.140003
0.140007
0.140018
0.140056
0.140122
0.140176
0.140208
0.140224
0.140232
0.140236
0.140239
0.140239
0.140235
0.140226
0.140211
0.140195
0.140182
0.140169
0.140152
0.14013
0.140104
0.140078
0.140044
0.140022
0.14002
0.140057
0.14007
0.140232
0.140243
0.114099
0.116827
0.119362
0.121689
0.123806
0.125717
0.127429
0.128954
0.130305
0.1315
0.132555
0.133486
0.134309
0.135037
0.135682
0.136255
0.136762
0.137211
0.137606
0.137951
0.138249
0.138505
0.138722
0.138905
0.139057
0.139182
0.139285
0.139367
0.139434
0.139487
0.139529
0.139564
0.139592
0.139616
0.139638
0.139658
0.139676
0.139692
0.139708
0.139723
0.139738
0.139751
0.139763
0.139775
0.139785
0.139795
0.139804
0.139815
0.139827
0.139843
0.139858
0.139867
0.139873
0.139882
0.139906
0.139942
0.139979
0.140006
0.140026
0.140043
0.140061
0.140081
0.140106
0.140134
0.140164
0.140194
0.140223
0.140245
0.140257
0.140264
0.140271
0.140285
0.140318
0.140373
0.140424
0.140418
0.140365
0.140412
0.14057
0.14033
0.117665
0.115123
0.112279
0.109708
0.1091
0.113365
0.125601
0.146815
0.174403
0.203103
0.227393
0.243455
0.250294
0.250077
0.246344
0.240269
0.227143
0.204753
0.176543
0.150396
0.133546
0.127675
0.129064
0.132774
0.135887
0.137765
0.138813
0.139474
0.139934
0.140231
0.140391
0.140454
0.140461
0.140439
0.140403
0.140361
0.140317
0.140274
0.140234
0.140196
0.140162
0.140131
0.140105
0.140084
0.140066
0.140052
0.14004
0.14003
0.140021
0.140014
0.14001
0.140008
0.14001
0.140017
0.140042
0.140102
0.140162
0.140202
0.140222
0.140231
0.140237
0.14024
0.140241
0.140237
0.140229
0.140215
0.140198
0.140185
0.140173
0.140156
0.140133
0.140107
0.140081
0.140047
0.140023
0.14002
0.140056
0.140067
0.140235
0.14025
0.119878
0.12194
0.123838
0.125579
0.127167
0.128607
0.129906
0.131074
0.132122
0.133059
0.133898
0.134647
0.135317
0.135916
0.136451
0.136928
0.137352
0.137726
0.138053
0.138338
0.138584
0.138793
0.138969
0.139116
0.139238
0.139337
0.139417
0.139482
0.139533
0.139573
0.139604
0.13963
0.139651
0.139668
0.139684
0.139699
0.139712
0.139725
0.139738
0.139749
0.139761
0.139771
0.139781
0.13979
0.139798
0.139805
0.139812
0.13982
0.139829
0.13984
0.139852
0.139861
0.139869
0.139885
0.139915
0.139952
0.139986
0.140012
0.140031
0.140047
0.140065
0.140086
0.140111
0.14014
0.14017
0.1402
0.140229
0.140251
0.140262
0.140268
0.140275
0.140291
0.140327
0.140383
0.140432
0.140422
0.14037
0.14043
0.140583
0.140328
0.122988
0.121085
0.118777
0.116075
0.113364
0.111922
0.114374
0.123964
0.142617
0.168946
0.198315
0.224923
0.244084
0.253708
0.254768
0.250145
0.243868
0.231851
0.211026
0.183564
0.156603
0.137773
0.129918
0.130154
0.13352
0.136631
0.138495
0.139438
0.139958
0.140298
0.140507
0.1406
0.14061
0.140577
0.140526
0.14047
0.140415
0.140361
0.14031
0.140262
0.140219
0.140181
0.140148
0.14012
0.140097
0.140077
0.140061
0.140048
0.140036
0.140027
0.14002
0.140015
0.140015
0.140019
0.140032
0.140081
0.140145
0.140193
0.140219
0.140231
0.140237
0.140241
0.140242
0.14024
0.140232
0.140218
0.140202
0.140188
0.140176
0.14016
0.140137
0.140111
0.140084
0.14005
0.140025
0.14002
0.140054
0.140065
0.140239
0.140257
0.124603
0.126105
0.127493
0.128773
0.129949
0.131026
0.132008
0.132901
0.133712
0.134446
0.135111
0.135711
0.136253
0.136739
0.137175
0.137564
0.137908
0.13821
0.138474
0.138701
0.138896
0.13906
0.139198
0.139312
0.139405
0.13948
0.13954
0.139587
0.139624
0.139653
0.139675
0.139693
0.139707
0.139718
0.139729
0.139739
0.139748
0.139758
0.139767
0.139776
0.139784
0.139792
0.139799
0.139805
0.139811
0.139815
0.13982
0.139826
0.139832
0.13984
0.139849
0.139858
0.13987
0.139892
0.139925
0.139961
0.139993
0.140017
0.140035
0.140051
0.140069
0.140091
0.140117
0.140147
0.140177
0.140207
0.140235
0.140256
0.140267
0.140273
0.14028
0.140298
0.140336
0.140395
0.140441
0.140426
0.140374
0.140448
0.140597
0.140324
0.127259
0.125908
0.124249
0.122199
0.119706
0.116971
0.114899
0.115721
0.122667
0.138411
0.162865
0.192343
0.22104
0.243473
0.256338
0.259278
0.25525
0.248364
0.236879
0.217329
0.190621
0.162973
0.142198
0.132242
0.131178
0.134145
0.137289
0.139193
0.140046
0.140412
0.140613
0.140731
0.140768
0.14074
0.140676
0.140602
0.140528
0.14046
0.140397
0.140339
0.140286
0.140239
0.140198
0.140162
0.140132
0.140107
0.140086
0.140068
0.140054
0.140041
0.140031
0.140024
0.140021
0.140022
0.14003
0.140063
0.140125
0.14018
0.140214
0.140229
0.140237
0.140241
0.140244
0.140242
0.140235
0.140221
0.140205
0.140192
0.14018
0.140163
0.140141
0.140115
0.140087
0.140053
0.140026
0.140019
0.140052
0.140063
0.140242
0.140266
0.128399
0.12947
0.130468
0.131399
0.132265
0.133066
0.133806
0.134488
0.135113
0.135686
0.136208
0.136683
0.137112
0.137498
0.137844
0.13815
0.13842
0.138655
0.138858
0.139032
0.13918
0.139303
0.139405
0.139489
0.139556
0.13961
0.139652
0.139684
0.139709
0.139727
0.139741
0.139752
0.13976
0.139766
0.139772
0.139778
0.139784
0.13979
0.139796
0.139802
0.139807
0.139813
0.139817
0.139821
0.139824
0.139826
0.139829
0.139832
0.139837
0.139843
0.13985
0.13986
0.139876
0.139902
0.139936
0.139971
0.140001
0.140023
0.14004
0.140056
0.140074
0.140097
0.140123
0.140153
0.140184
0.140214
0.140242
0.140263
0.140272
0.140278
0.140286
0.140305
0.140346
0.140406
0.14045
0.140429
0.140379
0.140469
0.140611
0.140319
0.130666
0.129727
0.128579
0.12716
0.125378
0.12314
0.120497
0.118054
0.117522
0.121972
0.134583
0.156516
0.185323
0.215583
0.241227
0.257766
0.263718
0.26116
0.25374
0.242559
0.224116
0.198157
0.169875
0.147084
0.134775
0.132125
0.134549
0.137756
0.139801
0.140644
0.140874
0.140919
0.140925
0.1409
0.140841
0.140758
0.140667
0.140579
0.140499
0.140427
0.140363
0.140305
0.140255
0.140211
0.140174
0.140142
0.140115
0.140093
0.140074
0.140058
0.140045
0.140035
0.140029
0.140027
0.140031
0.14005
0.140106
0.140165
0.140206
0.140227
0.140237
0.140242
0.140245
0.140244
0.140237
0.140225
0.140209
0.140195
0.140183
0.140167
0.140146
0.140119
0.140091
0.140057
0.140029
0.140019
0.140051
0.14006
0.140245
0.140274
0.131451
0.132201
0.132909
0.13358
0.134212
0.134804
0.135358
0.135872
0.136349
0.136788
0.13719
0.137556
0.137886
0.138182
0.138445
0.138677
0.138878
0.139052
0.139201
0.139326
0.139431
0.139518
0.139589
0.139646
0.139691
0.139725
0.139752
0.139772
0.139786
0.139796
0.139802
0.139807
0.139809
0.139811
0.139813
0.139815
0.139818
0.139821
0.139824
0.139827
0.13983
0.139833
0.139836
0.139837
0.139838
0.139838
0.139838
0.13984
0.139843
0.139847
0.139854
0.139866
0.139885
0.139914
0.139947
0.139981
0.140008
0.140028
0.140045
0.140061
0.140079
0.140103
0.14013
0.14016
0.140191
0.140221
0.140249
0.140269
0.140277
0.140283
0.140291
0.140313
0.140357
0.140419
0.140459
0.140433
0.140385
0.140491
0.140625
0.140312
0.133407
0.132768
0.131986
0.131028
0.129837
0.128321
0.126362
0.123915
0.121307
0.119771
0.121997
0.131391
0.150169
0.177294
0.208176
0.236546
0.256936
0.266611
0.266303
0.258889
0.24821
0.231113
0.206278
0.177711
0.152981
0.138023
0.133291
0.134774
0.137896
0.140143
0.141109
0.141307
0.14124
0.14113
0.141025
0.140921
0.140819
0.140718
0.140622
0.140533
0.140453
0.140382
0.140321
0.140267
0.140222
0.140182
0.140149
0.140121
0.140097
0.140077
0.140061
0.140047
0.140038
0.140033
0.140033
0.140044
0.140086
0.140146
0.140196
0.140223
0.140236
0.140242
0.140246
0.140246
0.14024
0.140228
0.140213
0.140199
0.140187
0.140172
0.14015
0.140123
0.140095
0.14006
0.140031
0.140019
0.140049
0.140058
0.140248
0.140283
0.133929
0.13444
0.134931
0.135405
0.135857
0.136287
0.136692
0.137072
0.137425
0.137751
0.13805
0.13832
0.138563
0.138779
0.138969
0.139133
0.139275
0.139395
0.139496
0.13958
0.139648
0.139704
0.139748
0.139782
0.139809
0.139828
0.139841
0.13985
0.139856
0.139858
0.139859
0.139858
0.139856
0.139854
0.139852
0.139851
0.139851
0.139851
0.139851
0.139852
0.139853
0.139854
0.139854
0.139853
0.139851
0.13985
0.139848
0.139848
0.139849
0.139853
0.13986
0.139874
0.139896
0.139926
0.139959
0.13999
0.140015
0.140034
0.14005
0.140066
0.140085
0.140109
0.140137
0.140168
0.140199
0.140229
0.140257
0.140275
0.140283
0.140288
0.140298
0.140322
0.140369
0.140432
0.140468
0.140436
0.140392
0.140515
0.140639
0.140304
0.135617
0.135198
0.134679
0.134044
0.133261
0.132281
0.131018
0.129348
0.127159
0.124564
0.122395
0.122746
0.129001
0.144145
0.16855
0.198791
0.228814
0.252477
0.26582
0.268083
0.262027
0.252018
0.236621
0.213728
0.185908
0.160029
0.142625
0.135461
0.135438
0.138023
0.140256
0.141324
0.141571
0.141488
0.14133
0.141167
0.141013
0.140876
0.140757
0.140653
0.140559
0.140474
0.140398
0.140333
0.140277
0.140229
0.140189
0.140154
0.140124
0.1401
0.140079
0.140062
0.140049
0.140041
0.140038
0.140043
0.140069
0.140127
0.140182
0.140217
0.140235
0.140243
0.140247
0.140247
0.140243
0.140232
0.140217
0.140203
0.140191
0.140176
0.140154
0.140127
0.140099
0.140064
0.140033
0.140019
0.140047
0.140055
0.140251
0.140293
0.135945
0.136276
0.136602
0.136923
0.137234
0.137534
0.137818
0.138086
0.138336
0.138566
0.138776
0.138965
0.139132
0.139279
0.139406
0.139514
0.139605
0.13968
0.139741
0.139791
0.13983
0.139861
0.139883
0.139899
0.13991
0.139917
0.13992
0.13992
0.139918
0.139915
0.13991
0.139905
0.139899
0.139894
0.139889
0.139885
0.139882
0.13988
0.139878
0.139877
0.139875
0.139874
0.139872
0.139869
0.139865
0.139861
0.139858
0.139856
0.139856
0.13986
0.139869
0.139885
0.139908
0.139939
0.139971
0.14
0.140023
0.14004
0.140055
0.140071
0.140091
0.140116
0.140145
0.140176
0.140207
0.140237
0.140264
0.140282
0.140289
0.140294
0.140305
0.140331
0.140382
0.140445
0.140477
0.140439
0.140399
0.140541
0.140651
0.140294
0.137402
0.137151
0.136832
0.136436
0.135946
0.135333
0.134554
0.133538
0.132166
0.13029
0.127875
0.125368
0.124267
0.127596
0.138869
0.159825
0.188439
0.2192
0.245503
0.262208
0.267351
0.262952
0.252719
0.238307
0.217677
0.191912
0.166501
0.147815
0.138606
0.136896
0.138587
0.140508
0.141489
0.141689
0.141578
0.141419
0.141266
0.141108
0.140948
0.140802
0.140679
0.140577
0.14049
0.140412
0.140344
0.140285
0.140235
0.140193
0.140157
0.140127
0.140101
0.14008
0.140063
0.140051
0.140044
0.140045
0.140059
0.140107
0.140164
0.140208
0.140232
0.140242
0.140247
0.140249
0.140246
0.140235
0.140221
0.140207
0.140195
0.14018
0.140159
0.140132
0.140103
0.140068
0.140036
0.14002
0.140046
0.140052
0.140254
0.140303
0.137581
0.137775
0.137974
0.138176
0.138375
0.138569
0.138754
0.138929
0.139092
0.139241
0.139375
0.139494
0.139598
0.139687
0.139762
0.139824
0.139874
0.139914
0.139944
0.139967
0.139983
0.139993
0.139999
0.140001
0.14
0.139996
0.13999
0.139984
0.139976
0.139967
0.139959
0.13995
0.139941
0.139932
0.139925
0.139918
0.139913
0.139908
0.139904
0.139901
0.139898
0.139894
0.13989
0.139885
0.139879
0.139874
0.139869
0.139865
0.139865
0.139869
0.139879
0.139897
0.139922
0.139952
0.139983
0.140009
0.14003
0.140046
0.140061
0.140077
0.140098
0.140124
0.140153
0.140184
0.140215
0.140245
0.140272
0.140289
0.140295
0.1403
0.140312
0.140342
0.140396
0.14046
0.140486
0.140441
0.140408
0.140569
0.140663
0.140281
0.139023
0.138929
0.138793
0.138611
0.138373
0.138064
0.137661
0.137134
0.136431
0.135466
0.134112
0.132257
0.13001
0.128172
0.128773
0.135253
0.150649
0.175177
0.205097
0.234138
0.256107
0.267139
0.266682
0.256608
0.241231
0.221792
0.198742
0.175149
0.155818
0.144076
0.139708
0.13981
0.141194
0.142066
0.142132
0.141807
0.141488
0.141297
0.141176
0.141049
0.140899
0.140748
0.14062
0.140518
0.140436
0.140365
0.140302
0.140248
0.140202
0.140164
0.140131
0.140104
0.140082
0.140065
0.140054
0.140049
0.140055
0.140086
0.140143
0.140195
0.140227
0.140242
0.140249
0.140251
0.140249
0.14024
0.140225
0.140211
0.1402
0.140185
0.140165
0.140137
0.140108
0.140073
0.14004
0.14002
0.140044
0.14005
0.140256
0.140313
0.139063
0.139131
0.139215
0.139311
0.139411
0.139511
0.139608
0.139698
0.139781
0.139856
0.139921
0.139977
0.140023
0.14006
0.140089
0.140109
0.140123
0.140131
0.140134
0.140133
0.140129
0.140121
0.140112
0.140101
0.140089
0.140076
0.140063
0.140049
0.140036
0.140022
0.140009
0.139996
0.139984
0.139973
0.139963
0.139954
0.139946
0.139939
0.139932
0.139927
0.139921
0.139915
0.139908
0.139901
0.139893
0.139886
0.13988
0.139875
0.139875
0.13988
0.139892
0.139912
0.139938
0.139968
0.139996
0.14002
0.140039
0.140053
0.140068
0.140085
0.140107
0.140133
0.140163
0.140195
0.140226
0.140256
0.140282
0.140297
0.140302
0.140307
0.140321
0.140355
0.140413
0.140476
0.140495
0.140444
0.14042
0.140601
0.140675
0.140267
0.140376
0.140406
0.140409
0.140387
0.140335
0.140248
0.140114
0.139923
0.139657
0.139287
0.138761
0.137978
0.136779
0.135022
0.132935
0.131866
0.134876
0.146368
0.16894
0.200811
0.236015
0.267023
0.287497
0.293902
0.286526
0.267831
0.243434
0.216344
0.188987
0.16519
0.148714
0.140807
0.139475
0.141106
0.142742
0.143187
0.142678
0.141935
0.141427
0.141208
0.141117
0.14101
0.140859
0.140701
0.140571
0.140474
0.140396
0.140329
0.140269
0.140218
0.140175
0.140139
0.14011
0.140086
0.140069
0.140058
0.140057
0.140071
0.140118
0.140174
0.140217
0.14024
0.14025
0.140253
0.140252
0.140245
0.140231
0.140217
0.140205
0.140191
0.140171
0.140143
0.140113
0.140078
0.140043
0.140021
0.140043
0.140047
0.140258
0.140324
0.140295
0.140243
0.140217
0.140211
0.140221
0.14024
0.140263
0.140287
0.140309
0.140328
0.140342
0.140352
0.140356
0.140356
0.140351
0.140343
0.140331
0.140316
0.140299
0.14028
0.14026
0.140239
0.140218
0.140196
0.140175
0.140155
0.140135
0.140116
0.140097
0.140079
0.140062
0.140046
0.14003
0.140016
0.140003
0.139992
0.139981
0.139972
0.139963
0.139955
0.139946
0.139938
0.139929
0.139919
0.139909
0.1399
0.139893
0.139888
0.139889
0.139896
0.13991
0.139932
0.139958
0.139986
0.140012
0.140032
0.140048
0.140062
0.140077
0.140095
0.140118
0.140146
0.140176
0.140208
0.140239
0.140269
0.140293
0.140306
0.14031
0.140316
0.140334
0.140372
0.140435
0.140495
0.140505
0.140447
0.140437
0.140639
0.140685
0.140249
0.14121
0.141277
0.141324
0.141358
0.141381
0.141391
0.141385
0.141359
0.141305
0.141216
0.141075
0.140853
0.140478
0.1398
0.138618
0.136947
0.135764
0.137944
0.148203
0.171025
0.206592
0.249684
0.29189
0.3248
0.342282
0.341482
0.323605
0.292376
0.255624
0.217964
0.183702
0.157472
0.142195
0.137179
0.138549
0.14171
0.143685
0.143803
0.142856
0.141858
0.141301
0.141123
0.141061
0.140952
0.140789
0.140629
0.140507
0.140419
0.140348
0.140285
0.14023
0.140183
0.140145
0.140114
0.140089
0.140072
0.140063
0.140067
0.140096
0.140149
0.140201
0.140234
0.14025
0.140256
0.140256
0.140249
0.140237
0.140223
0.140211
0.140197
0.140178
0.14015
0.140119
0.140083
0.140048
0.140022
0.140042
0.140044
0.140259
0.140335
0.141095
0.140986
0.140889
0.14081
0.140749
0.140703
0.140668
0.140641
0.14062
0.140602
0.140585
0.140568
0.14055
0.14053
0.140509
0.140486
0.140461
0.140435
0.140408
0.14038
0.140352
0.140324
0.140297
0.140269
0.140243
0.140218
0.140194
0.140171
0.140149
0.140128
0.140108
0.140089
0.140071
0.140055
0.14004
0.140026
0.140014
0.140002
0.139991
0.13998
0.13997
0.139959
0.139947
0.139936
0.139924
0.139914
0.139906
0.139902
0.139905
0.139914
0.13993
0.139953
0.139979
0.140004
0.140026
0.140044
0.140059
0.140072
0.140087
0.140106
0.140131
0.140159
0.14019
0.140222
0.140254
0.140282
0.140305
0.140316
0.140319
0.140326
0.140347
0.140392
0.140457
0.140515
0.140513
0.14045
0.140461
0.140679
0.140692
0.140228
0.141501
0.141539
0.141574
0.141612
0.141656
0.141706
0.14176
0.141816
0.141871
0.141921
0.14196
0.14198
0.141964
0.141865
0.141555
0.140818
0.139548
0.138396
0.139782
0.14834
0.169563
0.206255
0.255332
0.308692
0.356422
0.389754
0.402801
0.393328
0.363759
0.31943
0.270026
0.221642
0.180346
0.151504
0.137172
0.134673
0.138239
0.142382
0.144294
0.143946
0.142661
0.141606
0.141145
0.141051
0.141004
0.140876
0.140705
0.140556
0.140448
0.140367
0.140299
0.140239
0.140189
0.140148
0.140115
0.140091
0.140074
0.140069
0.140082
0.140125
0.14018
0.140224
0.140248
0.140257
0.140259
0.140254
0.140242
0.140229
0.140216
0.140203
0.140184
0.140157
0.140125
0.140089
0.140052
0.140024
0.14004
0.140042
0.14026
0.140346
0.141452
0.141384
0.141303
0.141217
0.141131
0.14105
0.140976
0.14091
0.140852
0.140801
0.140756
0.140716
0.140679
0.140645
0.140611
0.140579
0.140546
0.140514
0.140482
0.14045
0.140418
0.140386
0.140355
0.140325
0.140296
0.140268
0.140242
0.140216
0.140192
0.140169
0.140147
0.140127
0.140108
0.14009
0.140073
0.140057
0.140043
0.140029
0.140016
0.140004
0.139991
0.139978
0.139964
0.139951
0.139939
0.139928
0.139921
0.139918
0.139923
0.139934
0.139952
0.139975
0.139999
0.140021
0.140041
0.140056
0.140069
0.140082
0.140098
0.140119
0.140144
0.140174
0.140205
0.140237
0.140269
0.140296
0.140317
0.140325
0.140328
0.140338
0.140363
0.140413
0.140482
0.140534
0.14052
0.140454
0.140491
0.140721
0.140696
0.140203
0.141313
0.141351
0.141407
0.141481
0.141571
0.141675
0.141791
0.141916
0.142047
0.142183
0.142319
0.142453
0.142581
0.142695
0.14276
0.142663
0.142173
0.141054
0.139581
0.13945
0.144652
0.160909
0.193419
0.242699
0.302951
0.364105
0.415265
0.447408
0.454915
0.436308
0.395303
0.33957
0.279122
0.221754
0.175318
0.145643
0.133442
0.133736
0.138997
0.143353
0.144651
0.1437
0.142221
0.141286
0.140989
0.140954
0.140885
0.140736
0.140579
0.140461
0.140377
0.140309
0.140246
0.140193
0.140149
0.140115
0.140091
0.140077
0.140078
0.140104
0.140155
0.140207
0.140241
0.140257
0.140262
0.140258
0.140248
0.140234
0.140222
0.140209
0.140191
0.140164
0.140132
0.140095
0.140057
0.140026
0.140039
0.140039
0.14026
0.140357
0.14132
0.141334
0.141337
0.141324
0.141292
0.141245
0.141187
0.141122
0.141055
0.140988
0.140924
0.140864
0.140809
0.140758
0.14071
0.140666
0.140624
0.140584
0.140546
0.140509
0.140473
0.140438
0.140404
0.140372
0.140341
0.140311
0.140283
0.140256
0.14023
0.140206
0.140182
0.140161
0.14014
0.140121
0.140102
0.140085
0.140069
0.140054
0.140039
0.140025
0.14001
0.139995
0.13998
0.139966
0.139953
0.139943
0.139937
0.139936
0.139943
0.139956
0.139975
0.139997
0.140019
0.140038
0.140055
0.140068
0.14008
0.140093
0.14011
0.140132
0.140159
0.14019
0.140222
0.140254
0.140284
0.140311
0.140328
0.140335
0.140338
0.14035
0.140381
0.140438
0.140508
0.140552
0.140525
0.140459
0.140528
0.140763
0.140694
0.140175
0.14115
0.141287
0.141437
0.141596
0.141764
0.14194
0.142125
0.142315
0.142509
0.142703
0.142895
0.143083
0.143266
0.143445
0.143619
0.143765
0.143788
0.143459
0.142448
0.140655
0.138975
0.140236
0.149666
0.173471
0.216043
0.275824
0.344838
0.411443
0.463892
0.492983
0.493533
0.465348
0.413307
0.34751
0.278143
0.214715
0.16654
0.139123
0.130901
0.134283
0.140533
0.144285
0.14462
0.143203
0.141836
0.141205
0.141071
0.141006
0.140843
0.14064
0.140481
0.14038
0.140309
0.140248
0.140194
0.140149
0.140115
0.140091
0.140082
0.140092
0.140131
0.140185
0.14023
0.140255
0.140264
0.140262
0.140253
0.14024
0.140228
0.140215
0.140198
0.140172
0.140139
0.140101
0.140063
0.140028
0.140039
0.140036
0.140259
0.140367
0.141048
0.141021
0.141037
0.141072
0.141108
0.141134
0.141144
0.141137
0.141114
0.141079
0.141033
0.140981
0.140926
0.14087
0.140815
0.140762
0.140711
0.140663
0.140617
0.140574
0.140532
0.140493
0.140455
0.140419
0.140385
0.140353
0.140322
0.140293
0.140266
0.14024
0.140215
0.140192
0.14017
0.140149
0.140129
0.140111
0.140093
0.140076
0.14006
0.140044
0.140027
0.140011
0.139995
0.13998
0.139968
0.139959
0.139955
0.139957
0.139965
0.13998
0.139999
0.140019
0.140038
0.140055
0.140069
0.14008
0.140092
0.140106
0.140124
0.140148
0.140176
0.140207
0.140239
0.140271
0.140301
0.140325
0.14034
0.140345
0.140349
0.140365
0.140402
0.140465
0.140535
0.140569
0.140529
0.140468
0.140573
0.140806
0.140686
0.140145
0.141546
0.141804
0.142047
0.142285
0.142525
0.142773
0.143023
0.143268
0.143506
0.143733
0.143948
0.14415
0.144339
0.144518
0.144691
0.144865
0.145034
0.145135
0.144976
0.144203
0.142467
0.139943
0.138226
0.141179
0.154955
0.186027
0.237762
0.306644
0.382599
0.452438
0.50369
0.527252
0.518762
0.479769
0.416614
0.342074
0.266334
0.200716
0.155215
0.13348
0.13053
0.136326
0.142106
0.144169
0.14326
0.141653
0.140779
0.1407
0.140857
0.140867
0.140713
0.140527
0.140392
0.140306
0.140243
0.140189
0.140145
0.140112
0.140092
0.140088
0.140111
0.14016
0.140213
0.140248
0.140264
0.140266
0.140258
0.140246
0.140234
0.140221
0.140204
0.140179
0.140146
0.140108
0.140068
0.140031
0.140038
0.140033
0.140258
0.140376
0.141242
0.141034
0.140903
0.140838
0.140823
0.140838
0.140868
0.1409
0.140927
0.140945
0.140951
0.140945
0.140926
0.140897
0.140861
0.14082
0.140775
0.140728
0.140682
0.140636
0.140592
0.140549
0.140508
0.140469
0.140432
0.140396
0.140363
0.140332
0.140302
0.140274
0.140247
0.140222
0.140198
0.140176
0.140155
0.140135
0.140116
0.140097
0.140079
0.140061
0.140043
0.140026
0.140009
0.139995
0.139983
0.139976
0.139975
0.139979
0.13999
0.140005
0.140022
0.140041
0.140057
0.140071
0.140082
0.140093
0.140104
0.140119
0.140139
0.140165
0.140194
0.140225
0.140257
0.140289
0.140318
0.14034
0.140352
0.140355
0.140361
0.140382
0.140426
0.140494
0.140562
0.140584
0.140531
0.140479
0.140625
0.140847
0.140671
0.140118
0.142296
0.142666
0.143003
0.143336
0.143658
0.143964
0.144251
0.144516
0.144758
0.144979
0.145179
0.145359
0.145522
0.145669
0.145804
0.145935
0.146075
0.146231
0.146379
0.146391
0.145967
0.144665
0.14219
0.139069
0.137617
0.14271
0.161326
0.200144
0.261184
0.338547
0.419733
0.489907
0.53611
0.549889
0.528431
0.475911
0.402315
0.320141
0.241561
0.179555
0.143003
0.131386
0.135286
0.142997
0.147186
0.146708
0.144036
0.141747
0.140764
0.140661
0.14075
0.140712
0.140569
0.140423
0.140318
0.140244
0.140188
0.140144
0.140112
0.140095
0.140101
0.140138
0.140191
0.140236
0.140262
0.140269
0.140264
0.140253
0.140241
0.140227
0.140212
0.140187
0.140155
0.140116
0.140075
0.140035
0.140038
0.14003
0.140252
0.140386
0.141811
0.141438
0.141165
0.14098
0.140861
0.140787
0.140742
0.140717
0.140709
0.140717
0.140732
0.14075
0.140765
0.140774
0.140775
0.140767
0.140751
0.140728
0.140698
0.140664
0.140626
0.140587
0.140548
0.140509
0.140472
0.140435
0.1404
0.140367
0.140335
0.140306
0.140277
0.14025
0.140225
0.140201
0.140178
0.140156
0.140135
0.140115
0.140095
0.140076
0.140058
0.14004
0.140024
0.140011
0.140001
0.139997
0.139998
0.140004
0.140016
0.14003
0.140047
0.140062
0.140076
0.140087
0.140097
0.140106
0.140119
0.140135
0.140157
0.140184
0.140214
0.140245
0.140278
0.140308
0.140335
0.140355
0.140364
0.140367
0.140376
0.140403
0.140455
0.140527
0.14059
0.140597
0.140531
0.140496
0.140687
0.140885
0.140651
0.140104
0.143613
0.144095
0.144496
0.144845
0.14515
0.145416
0.145648
0.14585
0.146024
0.146175
0.146305
0.146417
0.146514
0.146599
0.146674
0.146743
0.146813
0.146896
0.147012
0.147166
0.147297
0.147203
0.146485
0.144641
0.14147
0.137912
0.137096
0.145091
0.169864
0.218372
0.290945
0.378923
0.466966
0.538145
0.578508
0.579977
0.541986
0.470874
0.381309
0.286793
0.202953
0.14432
0.117149
0.115702
0.126694
0.137901
0.143608
0.144235
0.142718
0.141338
0.140748
0.140634
0.140603
0.140515
0.140399
0.140299
0.140225
0.14017
0.140129
0.140103
0.140096
0.140118
0.140165
0.140219
0.140256
0.140271
0.140269
0.140258
0.140245
0.140232
0.140217
0.140194
0.140161
0.140121
0.140079
0.140038
0.140039
0.140028
0.140254
0.140393
0.142891
0.142259
0.141747
0.14136
0.141086
0.140901
0.140781
0.140704
0.140655
0.140623
0.140603
0.140591
0.140584
0.14058
0.140581
0.140587
0.140594
0.140598
0.140599
0.140593
0.140581
0.140563
0.140539
0.140512
0.140483
0.140453
0.140422
0.140391
0.140361
0.140331
0.140303
0.140275
0.140249
0.140223
0.140199
0.140175
0.140153
0.140131
0.14011
0.140089
0.14007
0.140052
0.140037
0.140025
0.140018
0.140016
0.140019
0.140027
0.140039
0.140053
0.140068
0.140081
0.140091
0.1401
0.140109
0.140119
0.140132
0.14015
0.140173
0.140201
0.140232
0.140263
0.140295
0.140326
0.140351
0.140367
0.140374
0.140376
0.140389
0.140422
0.140482
0.140557
0.140615
0.140606
0.140529
0.140513
0.140744
0.140918
0.140623
0.140087
0.145014
0.145286
0.145481
0.145633
0.145756
0.145858
0.145945
0.146022
0.146091
0.146157
0.146219
0.146279
0.146337
0.146395
0.146452
0.146509
0.146566
0.146626
0.146696
0.146793
0.14694
0.147146
0.147346
0.147324
0.146657
0.144807
0.14152
0.137647
0.136172
0.142912
0.165277
0.209473
0.275932
0.357537
0.441197
0.511711
0.555842
0.56503
0.538002
0.478973
0.399965
0.314385
0.237237
0.180947
0.149792
0.138886
0.138779
0.141366
0.142766
0.142613
0.141867
0.141256
0.140924
0.140742
0.1406
0.140469
0.140356
0.140267
0.140198
0.140149
0.140119
0.140113
0.140139
0.140185
0.140233
0.140263
0.140273
0.140268
0.140256
0.140242
0.140228
0.140206
0.140176
0.140135
0.140092
0.140047
0.140042
0.140026
0.140235
0.14041
0.144517
0.143939
0.143339
0.142769
0.142259
0.141827
0.14148
0.141218
0.141022
0.140877
0.140769
0.140689
0.140627
0.14058
0.140543
0.140515
0.140493
0.140477
0.140464
0.140457
0.140453
0.140449
0.140444
0.140434
0.140421
0.140406
0.140387
0.140367
0.140346
0.140323
0.140301
0.140277
0.140254
0.140231
0.140208
0.140186
0.140164
0.140143
0.140123
0.140104
0.140087
0.140073
0.140061
0.140054
0.140051
0.140053
0.140059
0.140068
0.140079
0.14009
0.1401
0.140109
0.140117
0.140124
0.140133
0.140144
0.140161
0.140182
0.140208
0.140237
0.140268
0.1403
0.140331
0.140358
0.140379
0.140389
0.140393
0.140401
0.140425
0.140471
0.140541
0.140615
0.14065
0.140611
0.140534
0.140588
0.14086
0.140951
0.140588
0.140107
)
;

boundaryField
{
    inlet
    {
        type            freestream;
        freestreamValue uniform 0.14;
        value           nonuniform List<scalar> 
134
(
0.14
0.14
0.14
0.14
0.14
0.14
0.14
0.14
0.14
0.14
0.140014
0.140028
0.140045
0.140062
0.140078
0.140094
0.140108
0.140122
0.140135
0.140146
0.14
0.140157
0.140166
0.140174
0.14018
0.140185
0.140189
0.140192
0.140195
0.140195
0.140197
0.140197
0.140197
0.140196
0.140194
0.140194
0.140195
0.140196
0.140199
0.140201
0.14
0.14
0.14
0.14
0.14
0.14
0.14
0.140202
0.140204
0.140206
0.140208
0.140212
0.140215
0.14022
0.140225
0.14023
0.140236
0.140243
0.14025
0.140257
0.140266
0.140274
0.140283
0.140293
0.140303
0.140313
0.140324
0.140335
0.140346
0.140357
0.140367
0.140376
0.140386
0.140393
0.14041
0.14
0.14
0.14
0.14
0.14
0.14
0.14
0.14
0.14
0.14
0.14
0.14
0.14
0.14
0.14
0.14
0.14
0.14
0.14
0.14
0.14
0.14
0.14
0.14
0.14
0.14
0.14
0.14
0.14
0.14
0.14
0.14
0.14
0.14
0.14
0.14
0.14
0.14
0.14
0.14
0.14
0.14
0.14
0.14
0.14
0.14
0.14
0.14
0.14
0.14
0.14
0.14
0.14
0.14
0.14
0.14
0.14
0.14
0.14
)
;
    }
    outlet
    {
        type            freestream;
        freestreamValue uniform 0.14;
        value           nonuniform List<scalar> 
160
(
0.145014
0.144517
0.145286
0.143939
0.145481
0.143339
0.145633
0.142769
0.145756
0.142259
0.145858
0.141827
0.145945
0.14148
0.146022
0.141218
0.146091
0.141022
0.146157
0.140877
0.146219
0.140769
0.146279
0.140689
0.146337
0.140627
0.146395
0.14058
0.146452
0.140543
0.146509
0.140515
0.146566
0.140493
0.146626
0.140477
0.146696
0.140464
0.146793
0.140457
0.14694
0.140453
0.147146
0.140449
0.147346
0.140444
0.147324
0.140434
0.146657
0.140421
0.144807
0.140406
0.14152
0.140387
0.137647
0.140367
0.136172
0.140346
0.142912
0.140323
0.165277
0.140301
0.209473
0.140277
0.275932
0.140254
0.357537
0.140231
0.441197
0.140208
0.511711
0.140186
0.555842
0.140164
0.56503
0.140143
0.538002
0.140123
0.478973
0.140104
0.399965
0.140087
0.314385
0.140073
0.237237
0.140061
0.180947
0.140054
0.149792
0.140051
0.138886
0.140053
0.138779
0.140059
0.141366
0.140068
0.142766
0.140079
0.142613
0.14009
0.141867
0.1401
0.141256
0.140109
0.140924
0.140117
0.140742
0.140124
0.1406
0.140133
0.140469
0.140144
0.140356
0.140161
0.140267
0.140182
0.140198
0.140208
0.140149
0.140237
0.140119
0.140268
0.140113
0.1403
0.140139
0.140331
0.140185
0.140358
0.140233
0.140379
0.140263
0.140389
0.140273
0.140393
0.140268
0.140401
0.140256
0.140425
0.140242
0.140471
0.140228
0.140541
0.140206
0.140615
0.140176
0.14065
0.140135
0.140611
0.140092
0.140534
0.140047
0.140588
0.140042
0.14086
0.140026
0.140951
0.140235
0.140588
0.14041
0.140107
)
;
    }
    walls
    {
        type            fixedValue;
        value           uniform 0;
    }
    frontAndBack
    {
        type            empty;
    }
}


// ************************************************************************* //
