/*--------------------------------*- C++ -*----------------------------------*\
  =========                 |
  \\      /  F ield         | OpenFOAM: The Open Source CFD Toolbox
   \\    /   O peration     | Website:  https://openfoam.org
    \\  /    A nd           | Version:  7
     \\/     M anipulation  |
\*---------------------------------------------------------------------------*/
FoamFile
{
    version     2.0;
    format      ascii;
    class       volScalarField;
    location    "100";
    object      p;
}
// * * * * * * * * * * * * * * * * * * * * * * * * * * * * * * * * * * * * * //

dimensions      [0 2 -2 0 0 0 0];

internalField   nonuniform List<scalar> 
10720
(
-44.8189
-115.626
-199.328
-282.05
-359.026
-437.826
-508.066
-567.571
-619.736
-661.053
-693.288
-717.7
-734.707
-745.421
-750.564
-749.724
-743.68
-731.098
-713.073
-688.275
-657.699
-620.582
-579.09
-534.12
-489.072
-448.867
-412.562
-376.723
-341.085
-305.87
-270.917
-236.098
-201.318
-166.367
-131.013
-94.222
-55.7311
-9.99402
35.1286
25.9614
90.0731
158.005
220.999
274.225
313.516
335.361
341.846
337.551
322.612
300.542
276.258
252.017
228.818
207.336
187.241
168.534
150.756
133.638
116.649
99.7445
82.5912
65.2933
48.2677
33.4796
22.0151
12.7609
5.30964
-0.336696
-4.12868
-6.16732
-6.56178
-5.3991
-2.68188
1.59242
7.83554
16.5801
31.5669
56.584
52.5734
-1.22549
-61.605
-125.937
-192.228
-260.277
-326.581
-389.052
-447
-498.657
-543.635
-581.769
-613.115
-637.837
-655.804
-666.708
-670.986
-668.248
-659.031
-642.743
-619.913
-590.277
-555.454
-516.555
-476.562
-439.643
-405.383
-371.118
-336.69
-302.416
-268.221
-234.015
-199.729
-165.171
-130.121
-93.5619
-55.2495
-9.58556
34.7613
100.878
146.849
192.507
236.296
274.52
304.529
323.384
330.745
327.795
315.888
298.082
277.42
255.714
234.047
213.16
193.194
174.232
156.08
138.538
121.256
104.131
86.9431
69.7814
53.07
38.3347
26.5049
16.812
8.91141
2.82258
-1.40347
-3.84132
-4.59656
-3.75701
-1.32531
2.71115
8.76789
17.368
32.2693
56.2661
66.121
18.0228
-36.1981
-96.0667
-158.341
-222.399
-286.624
-348.421
-406.246
-459.054
-505.6
-545.505
-578.637
-604.798
-624.016
-636.486
-642.501
-641.841
-634.671
-620.76
-600.392
-573.621
-541.664
-505.774
-468.426
-433.041
-399.75
-366.491
-332.965
-299.445
-265.884
-232.199
-198.331
-164.106
-129.316
-92.9612
-54.8156
-9.3261
34.561
109.403
151.279
192.693
231.723
265.154
291.363
308.432
316.206
315.234
306.438
291.959
273.974
254.172
233.765
213.598
194.055
175.291
157.253
139.791
122.647
105.681
88.7419
71.897
55.5312
40.8523
28.7718
18.8486
10.751
4.47645
0.0674575
-2.54371
-3.46158
-2.77172
-0.475377
3.44857
9.41678
17.9507
32.7307
55.7678
85.5591
45.0178
-1.30802
-52.3558
-106.083
-162.455
-219.836
-276.45
-331.005
-382.35
-429.343
-471.292
-507.7
-538.197
-562.508
-580.616
-592.397
-597.51
-595.863
-587.322
-572.04
-550.208
-522.804
-491.115
-457.281
-424.227
-392.536
-360.699
-328.36
-295.8
-263.034
-230
-196.66
-162.858
-128.399
-92.3127
-54.3951
-9.19758
34.2463
121.804
156.518
191.149
224.364
253.192
276.345
292.212
300.353
300.981
294.763
283.26
268.145
250.814
232.373
213.637
195.072
176.92
159.248
141.995
125.005
108.17
91.4046
74.7821
58.662
44.0337
31.7561
21.6025
13.2658
6.73597
2.06019
-0.81743
-1.9885
-1.52916
0.564361
4.32079
10.1557
18.5789
33.1625
55.2496
90.9398
54.94
13.5988
-32.2237
-80.5777
-131.877
-184.746
-237.607
-289.467
-339.176
-385.597
-427.932
-465.495
-497.731
-524.218
-544.716
-558.853
-566.488
-567.443
-561.692
-549.335
-530.635
-506.397
-477.838
-446.801
-415.729
-385.419
-354.811
-323.544
-291.888
-259.901
-227.535
-194.756
-161.421
-127.346
-91.5846
-53.9604
-9.15164
33.6922
123.197
153.926
184.682
214.217
239.912
260.866
275.831
284.24
286.13
282.05
273.125
260.635
245.685
229.228
212.029
194.587
177.215
160.074
143.191
126.495
109.923
93.4366
77.1188
61.3032
46.808
34.4183
24.0773
15.5376
8.79041
3.88658
0.784226
-0.598628
-0.332113
1.58881
5.19838
10.9103
19.2184
33.5768
54.6969
93.5493
61.6093
24.7504
-16.0937
-59.2
-105.273
-153.048
-201.26
-249.185
-295.78
-340.074
-381.302
-418.718
-451.672
-479.644
-502.218
-518.988
-529.734
-534.164
-532.11
-523.558
-508.722
-488.247
-463.243
-435.311
-406.516
-377.809
-348.555
-318.449
-287.756
-256.582
-224.907
-192.711
-159.867
-126.203
-90.8075
-53.532
-9.21645
32.9069
122.178
149.354
176.75
203.248
226.433
245.645
259.862
268.425
271.272
268.89
262.114
251.937
239.227
224.774
209.257
193.151
176.795
160.406
144.076
127.814
111.604
95.4541
79.4645
63.9514
49.6078
37.1467
26.642
17.9162
10.9617
5.83185
2.49918
0.892086
0.948593
2.67886
6.12409
11.6954
19.8674
33.9555
54.0921
92.7915
63.9765
30.6352
-6.33055
-45.2628
-87.0867
-130.67
-174.913
-219.331
-262.99
-305.057
-344.844
-381.591
-414.615
-443.331
-467.212
-485.775
-498.627
-505.429
-505.96
-500.192
-488.328
-470.911
-448.925
-423.749
-397.103
-369.981
-342.074
-313.146
-283.44
-253.102
-222.138
-190.546
-158.215
-124.989
-89.9937
-53.1211
-9.40353
31.9045
118.649
143.124
167.931
192.038
213.225
231.03
244.596
253.206
256.771
255.725
250.712
242.517
231.825
219.273
205.438
190.744
175.521
160.018
144.375
128.659
112.906
97.1642
81.5528
66.3736
52.2262
39.7586
29.1382
20.2584
13.1193
7.77853
4.22487
2.39979
2.24995
3.79098
7.07024
12.4938
20.5153
34.29
53.4414
90.4907
64.3162
33.9699
0.352036
-34.9558
-73.0009
-112.744
-153.227
-194.133
-234.67
-274.113
-311.888
-347.297
-379.672
-408.403
-432.917
-452.656
-467.179
-476.114
-479.164
-476.201
-467.345
-453.019
-434.056
-411.641
-387.217
-361.777
-335.282
-307.582
-278.91
-249.446
-219.227
-188.268
-156.474
-123.712
-89.1484
-52.7283
-9.7062
30.6974
114.017
136.239
158.893
181.016
200.542
217.176
230.151
238.723
242.82
242.812
239.226
232.701
223.782
212.979
200.769
187.508
173.5
158.995
144.16
129.102
113.9
98.6374
83.4526
68.6364
54.7228
42.3024
31.6079
22.6015
15.2973
9.75909
5.99183
3.95148
3.59374
4.94087
8.04648
13.3101
21.1621
34.5795
52.7495
87.1252
63.1533
35.3287
4.53094
-27.7107
-62.5045
-98.9081
-136.056
-173.773
-211.365
-248.226
-283.892
-317.728
-349.114
-377.457
-402.158
-422.627
-438.37
-448.95
-454.01
-453.346
-447.035
-435.406
-419.163
-399.306
-377.033
-353.285
-328.218
-301.772
-274.167
-245.612
-216.172
-185.876
-154.649
-122.378
-88.2767
-52.3506
-10.1114
29.3086
108.706
129.062
149.919
170.376
188.497
204.131
216.559
225.037
229.51
230.308
227.871
222.736
215.349
206.116
195.425
183.564
170.798
157.357
143.415
129.103
114.533
99.8169
85.1086
70.6925
57.0538
44.7357
34.0141
24.9149
17.4706
11.753
7.78348
5.53373
4.96974
6.121
9.04759
14.1403
21.8039
34.8227
52.017
83.1858
61.1008
35.4494
7.09266
-22.4959
-54.448
-87.887
-122.032
-156.806
-191.598
-225.913
-259.378
-291.429
-321.526
-349.104
-373.569
-394.334
-410.868
-422.706
-429.463
-430.85
-426.871
-417.756
-404.078
-386.671
-366.517
-344.487
-320.876
-295.711
-269.209
-241.596
-212.967
-183.367
-152.738
-120.989
-87.3841
-51.9876
-10.6092
27.7698
103.104
121.869
141.194
160.22
177.132
191.888
203.809
212.149
216.88
218.297
216.782
212.796
206.715
198.868
189.568
179.04
167.503
155.157
142.166
128.672
114.805
100.697
86.5154
72.5378
59.2149
47.0516
36.3509
27.1935
19.6357
13.7579
9.59849
7.14611
6.37799
7.33126
10.0729
14.9828
22.4389
35.0194
51.2457
78.9345
58.4809
34.715
8.47877
-18.7991
-48.2627
-79.087
-110.561
-142.664
-174.867
-206.765
-238.069
-268.284
-296.939
-323.523
-347.477
-368.22
-385.218
-397.964
-406.071
-409.168
-407.2
-400.318
-388.971
-373.842
-355.73
-335.413
-313.271
-289.406
-264.035
-237.396
-209.61
-180.738
-150.741
-119.546
-86.4743
-51.6431
-11.1937
26.1055
97.4143
114.811
132.807
150.591
166.449
180.421
191.861
200.035
204.931
206.821
206.043
203.003
198.029
191.39
183.342
174.057
163.704
152.451
140.443
127.816
114.709
101.265
87.6558
74.1549
61.1891
49.2313
38.6
29.4222
21.7794
15.7635
11.4292
8.78284
7.81444
8.56873
11.1202
15.8354
23.0646
35.17
50.4389
74.5558
55.5327
33.4239
9.05276
-16.1973
-43.4629
-71.9627
-101.04
-130.725
-160.544
-190.167
-219.376
-247.744
-274.873
-300.305
-323.52
-343.975
-361.139
-374.492
-383.642
-388.17
-387.953
-383.068
-373.852
-360.849
-344.701
-326.08
-305.413
-282.863
-258.647
-233.012
-206.098
-177.987
-148.654
-118.049
-85.5495
-51.3216
-11.8627
24.3325
91.7783
107.979
124.81
141.493
156.424
169.687
180.667
188.659
193.647
195.895
195.704
193.443
189.399
183.805
176.87
168.722
159.491
149.305
138.285
126.555
114.25
101.515
88.5208
75.535
62.9661
51.2623
40.7485
31.5893
23.8923
17.7619
13.2695
10.4395
9.27589
9.83089
12.187
16.6959
23.6785
35.2755
49.5995
70.1702
52.4099
31.7708
9.0528
-14.4023
-39.7151
-66.1428
-93.0703
-120.566
-148.209
-175.717
-202.936
-229.501
-255.076
-279.264
-301.596
-321.564
-338.66
-352.364
-362.28
-367.971
-369.24
-366.103
-358.803
-347.76
-333.474
-316.516
-297.319
-276.09
-253.049
-228.442
-202.432
-175.112
-146.477
-116.497
-84.6107
-51.027
-12.6135
22.4602
86.2769
101.427
117.219
132.921
147.024
159.641
170.182
177.976
183.003
185.517
185.793
184.168
180.906
176.21
170.254
163.135
154.946
145.783
135.739
124.916
113.438
101.445
89.1029
76.6688
64.5354
53.1309
42.7819
33.6814
25.9624
19.7434
15.1118
12.1104
10.758
11.1145
13.2708
17.5617
24.2785
35.3368
48.7311
65.8551
49.2207
29.8959
8.65556
-13.1983
-36.7654
-61.3374
-86.3305
-111.845
-137.5
-163.053
-188.399
-213.229
-237.263
-260.164
-281.515
-300.844
-317.681
-331.517
-341.953
-348.563
-351.078
-349.46
-343.87
-334.622
-322.092
-306.749
-289.005
-269.098
-247.245
-223.691
-198.61
-172.113
-144.208
-114.889
-83.6578
-50.762
-13.4425
20.4963
80.9647
95.1751
110.041
124.858
138.214
150.234
160.357
167.944
172.967
175.675
176.321
175.217
172.609
168.68
163.58
157.382
150.15
141.952
132.853
122.93
112.291
101.063
89.4015
77.5508
65.8885
54.8261
44.6872
35.6861
27.9787
21.6983
16.9482
13.7893
12.256
12.4158
14.3684
18.43
24.8623
35.3561
47.8371
61.66
46.0388
27.8973
7.98751
-12.4296
-34.4285
-57.3275
-80.5772
-104.295
-128.129
-151.88
-175.478
-198.661
-221.2
-242.806
-263.115
-281.702
-298.13
-311.922
-322.673
-329.977
-333.513
-333.195
-329.114
-321.493
-310.603
-296.81
-280.495
-261.9
-241.243
-218.76
-194.635
-168.989
-141.848
-113.227
-82.6911
-50.5262
-14.3461
18.4492
75.8727
89.2379
103.264
117.281
129.954
141.421
151.146
158.518
163.506
166.35
167.288
166.608
164.549
161.274
156.919
151.539
145.177
137.876
129.676
120.632
110.83
100.379
89.4195
78.1785
67.0189
56.3377
46.4522
37.5908
29.9295
23.6164
18.7702
15.4694
13.7645
13.7307
15.4762
19.298
25.4278
35.3352
46.9219
57.6167
42.9148
25.8454
7.14143
-11.9793
-32.559
-53.9439
-75.615
-97.6985
-119.871
-141.966
-163.939
-185.568
-206.668
-226.998
-246.238
-264.013
-279.923
-293.523
-304.411
-312.214
-316.567
-317.346
-314.582
-308.423
-299.049
-286.735
-271.81
-254.513
-235.052
-213.654
-190.507
-165.74
-139.397
-111.509
-81.7101
-50.32
-15.3172
16.3278
71.017
83.617
96.879
110.164
122.21
133.16
142.506
149.66
154.587
157.523
158.689
158.356
156.753
154.035
150.324
145.666
140.088
133.613
126.26
118.062
109.081
99.4076
89.1621
78.552
67.9234
57.6583
48.0662
39.3837
31.8032
25.4873
20.5687
17.1432
15.2776
15.0544
16.5905
20.1626
25.9728
35.2767
45.9895
53.7459
39.8809
23.7889
6.18478
-11.7596
-31.0487
-51.0596
-71.2942
-91.8886
-112.545
-133.115
-153.58
-173.753
-193.483
-212.572
-230.743
-247.664
-262.976
-276.267
-287.15
-295.274
-300.264
-301.951
-300.322
-295.462
-287.478
-276.56
-262.979
-246.955
-228.685
-208.382
-186.231
-162.369
-136.854
-109.737
-80.7154
-50.1419
-16.3489
14.1415
66.4042
78.3079
90.8689
103.48
114.949
125.413
134.397
141.331
146.178
149.169
150.511
150.46
149.239
146.995
143.841
139.817
134.94
129.218
122.654
115.259
107.075
98.1692
88.641
78.6755
68.6
58.7817
49.5196
41.0536
33.5888
27.3002
22.3344
18.803
16.7888
16.3817
17.7069
21.0204
26.4958
35.1835
45.0441
50.0584
36.9596
21.766
5.16652
-11.7017
-29.8151
-48.5705
-67.4962
-86.7298
-105.996
-125.164
-144.236
-163.048
-181.485
-199.38
-216.496
-232.545
-247.201
-260.094
-270.853
-279.149
-284.613
-287.037
-286.373
-282.658
-275.937
-266.324
-254.03
-239.248
-222.156
-202.951
-181.811
-158.879
-134.221
-107.91
-79.7057
-49.9904
-17.4328
11.9022
62.035
73.2999
85.2141
97.2033
108.135
118.143
126.78
133.494
138.249
141.267
142.743
142.921
142.018
140.176
137.503
134.034
129.78
124.74
118.903
112.263
104.842
96.6858
87.8701
78.556
69.0504
59.7043
50.8047
42.5906
35.2752
29.0446
24.0575
20.4402
18.2908
17.7069
18.8207
21.8682
26.9946
35.0586
44.0912
46.5583
34.1658
19.7986
4.12573
-11.7578
-28.7916
-46.3977
-64.1234
-82.1124
-100.103
-117.981
-135.764
-153.311
-170.528
-187.284
-203.373
-218.546
-232.515
-244.942
-255.484
-263.826
-269.621
-272.629
-272.772
-270.053
-264.467
-256.064
-244.993
-231.414
-215.482
-197.373
-177.255
-155.271
-131.501
-106.029
-78.6811
-49.8633
-18.5602
9.62148
57.9063
68.5818
79.8976
91.3103
101.738
111.317
119.621
126.118
130.769
133.79
135.367
135.732
135.095
133.595
131.335
128.351
124.649
120.223
115.05
109.113
102.415
94.9814
86.8651
78.203
69.2788
60.4251
51.9159
43.9859
36.8524
30.7101
25.7281
22.046
19.7762
19.0238
19.927
22.7022
27.4682
34.9052
43.1354
43.2469
31.508
17.905
3.08771
-11.8879
-27.9291
-44.4772
-61.1027
-77.9477
-94.7653
-111.455
-128.045
-144.413
-160.488
-176.163
-191.262
-205.571
-218.836
-230.751
-241.001
-249.285
-255.287
-258.741
-259.549
-257.685
-253.111
-245.819
-235.901
-223.479
-208.68
-191.659
-172.57
-151.553
-128.694
-104.095
-77.6402
-49.7573
-19.7215
7.31137
54.0117
64.1419
74.9016
85.7768
95.7326
104.904
112.889
119.172
123.712
126.719
128.37
128.885
128.469
127.26
125.357
122.795
119.581
115.703
111.134
105.846
99.8261
93.0827
85.6465
77.6298
69.2914
60.9447
52.8492
45.2319
38.3109
32.2864
27.3362
23.6112
21.237
20.3258
21.0203
23.5189
27.9149
34.7268
42.1816
40.1217
28.9898
16.0972
2.07346
-12.0636
-27.1874
-42.7605
-58.3719
-74.1633
-89.9005
-105.495
-120.982
-136.256
-151.262
-165.914
-180.067
-193.532
-206.087
-217.458
-227.36
-235.503
-241.605
-245.385
-246.728
-245.592
-241.908
-235.627
-226.787
-215.469
-201.772
-185.825
-167.766
-147.729
-125.805
-102.11
-76.5818
-49.6679
-20.9065
4.98509
50.3448
59.967
70.208
80.5797
90.0915
98.8766
106.556
112.629
117.052
120.031
121.733
122.369
122.14
121.178
119.582
117.387
114.602
111.213
107.189
102.495
97.107
91.0169
84.2358
76.851
69.0967
61.2662
53.6027
46.323
39.6426
33.7642
28.8721
25.1267
22.6647
21.606
22.0952
24.3145
28.3337
34.5267
41.235
37.1789
26.6129
14.3817
1.09691
-12.2619
-26.5359
-41.2064
-55.8815
-70.6985
-85.4391
-100.022
-114.488
-128.746
-142.754
-156.446
-169.695
-182.343
-194.194
-205.005
-214.515
-222.452
-228.564
-232.566
-234.328
-233.8
-230.894
-225.524
-217.684
-207.412
-194.779
-179.887
-162.855
-143.806
-122.838
-100.073
-75.5041
-49.5903
-22.1038
2.65665
46.8962
56.0444
65.799
75.6979
84.7909
93.2101
100.596
106.462
110.766
113.706
115.442
116.175
116.1
115.348
114.017
112.143
109.735
106.78
103.246
99.0931
94.2885
88.8108
82.6542
75.8828
68.7061
61.3953
54.1767
47.2552
40.8402
35.1344
30.3261
26.5829
24.0509
22.8568
23.1458
25.0853
28.7236
34.3083
40.3006
34.4133
24.3757
12.7633
0.16859
-12.4678
-25.9505
-39.7838
-53.591
-67.5076
-81.3248
-94.9715
-108.492
-121.806
-134.884
-147.674
-160.067
-171.929
-183.09
-193.333
-202.423
-210.103
-216.15
-220.283
-222.366
-222.337
-220.101
-215.545
-208.624
-199.337
-187.725
-173.863
-157.849
-139.794
-119.796
-97.9878
-74.4051
-49.519
-23.3033
0.339022
43.6561
52.3615
61.6595
71.1121
79.8097
87.881
94.9847
100.649
104.831
107.724
109.48
110.289
110.344
109.772
108.669
107.074
104.997
102.426
99.3306
95.6675
91.3984
86.4912
80.9251
74.7441
68.1324
61.3394
54.5736
48.026
41.898
36.3893
31.6892
27.9706
25.387
24.0707
24.1661
25.8274
29.0838
34.0748
39.3832
31.8184
22.2761
11.2436
-0.704904
-12.6668
-25.4126
-38.4668
-51.4682
-64.5487
-77.5119
-90.2912
-102.936
-115.372
-127.581
-139.524
-151.11
-162.222
-172.711
-182.386
-191.037
-198.424
-204.345
-208.534
-210.849
-211.222
-209.557
-205.723
-199.639
-191.273
-180.635
-167.773
-152.762
-135.701
-116.687
-95.8547
-73.2829
-49.447
-24.4927
-1.95335
40.6156
48.9049
57.7732
66.8053
75.128
82.8671
89.6997
95.1674
99.2279
102.067
103.831
104.7
104.863
104.445
103.539
102.186
100.4
98.1694
95.4649
92.2435
88.4628
84.0831
79.0717
73.4538
67.3901
61.1077
54.7972
48.6352
42.8119
37.5216
32.953
29.281
26.664
25.2397
25.15
26.537
29.4136
33.8291
38.4871
29.3869
20.3105
9.82314
-1.51933
-12.8496
-24.9074
-37.2343
-49.4854
-61.7894
-73.9591
-85.9335
-97.7634
-109.385
-120.786
-131.936
-142.76
-153.158
-162.998
-172.114
-180.315
-187.384
-193.13
-197.313
-199.782
-200.472
-199.287
-196.086
-190.76
-183.25
-173.534
-161.635
-147.61
-131.54
-113.515
-93.6763
-72.1343
-49.3677
-25.6606
-4.20686
37.7651
45.663
54.1255
62.7591
70.726
78.1484
84.7208
89.998
93.9369
96.718
98.4797
99.396
99.6492
99.3624
98.6265
97.4856
95.9536
94.0236
91.6668
88.8421
85.5049
81.61
77.1155
72.031
66.4943
60.7112
54.854
49.084
43.5793
38.5263
34.1098
30.5052
27.8736
26.3562
26.0913
27.2102
29.7125
33.5742
37.6165
27.112
18.4748
8.50046
-2.27221
-13.0104
-24.4236
-36.0707
-47.6219
-59.2025
-70.6338
-81.8606
-92.9334
-103.796
-114.443
-124.853
-134.959
-144.679
-153.898
-162.467
-170.216
-176.948
-182.485
-186.609
-189.169
-190.1
-189.314
-186.661
-182.016
-175.293
-166.446
-155.475
-142.41
-127.32
-110.288
-91.4538
-70.9577
-49.2728
-26.7951
-6.40738
35.0951
42.6236
50.7023
58.9577
66.5865
73.7068
80.0286
85.1213
88.9399
91.6596
93.4123
94.3643
94.6931
94.5186
93.9303
92.9734
91.6645
89.9991
87.9514
85.4817
82.5453
79.0933
75.0776
70.4942
65.4609
60.1617
54.7514
49.3754
44.199
39.3985
35.1529
31.6353
29.0077
27.4124
26.9837
27.8433
29.9796
33.3122
36.775
24.9867
16.7634
7.27387
-2.96222
-13.1438
-23.9521
-34.9627
-45.8596
-56.765
-67.5078
-78.0388
-88.4075
-98.5647
-108.509
-118.225
-127.659
-136.737
-145.362
-153.4
-160.701
-167.084
-172.385
-176.409
-179.005
-180.113
-179.652
-177.473
-173.434
-167.432
-159.398
-149.311
-137.18
-123.054
-107.013
-89.1915
-69.7497
-49.155
-27.8861
-8.54105
32.5961
39.7753
47.4904
55.3873
62.6938
69.5259
75.6067
80.52
84.2201
86.8764
88.6144
89.5929
89.9844
89.9062
89.446
88.6499
87.5368
86.1046
84.3305
82.1776
79.6018
76.5529
72.9782
68.8632
64.3066
59.4723
54.498
49.5143
44.6718
40.1356
36.0768
32.6644
30.0583
28.4009
27.8213
28.4326
30.2145
33.045
35.9654
23.0035
15.172
6.13991
-3.5889
-13.2471
-23.4865
-33.8995
-44.1846
-54.4582
-64.559
-74.4412
-84.1547
-93.6537
-102.943
-112.011
-120.812
-129.286
-137.345
-144.871
-151.731
-157.762
-162.807
-166.699
-169.287
-170.517
-170.317
-168.54
-165.039
-159.691
-152.415
-143.166
-131.936
-118.758
-103.698
-86.8905
-68.5083
-49.0071
-28.9212
-10.5956
30.2588
37.1075
44.4781
52.0336
59.0329
65.5895
71.4385
76.1782
79.7618
82.3534
84.0724
85.0701
85.5142
85.5186
85.1695
84.5138
83.5721
82.3452
80.8133
78.9421
76.6897
74.0063
70.8357
67.1553
63.0471
58.6562
54.1042
49.5065
44.9996
40.736
36.8774
33.5859
31.0182
29.3147
28.5983
28.9742
30.4164
32.7743
35.1899
21.1551
13.6947
5.09582
-4.15344
-13.3182
-23.0222
-32.8732
-42.584
-52.2665
-61.7673
-71.0432
-80.1456
-89.032
-97.7094
-106.172
-114.381
-122.284
-129.806
-136.842
-143.272
-148.95
-153.729
-157.463
-160.008
-161.313
-161.317
-159.881
-156.85
-152.096
-145.521
-137.063
-126.699
-114.442
-100.354
-84.5549
-67.2308
-48.8194
-29.8911
-12.5589
28.075
34.61
41.6532
48.8835
55.5897
61.8827
67.5092
72.0804
75.5502
78.0765
79.7729
80.7837
81.2717
81.3474
81.0946
80.5616
79.7704
78.7241
77.4061
75.7854
73.8225
71.4685
68.6663
65.387
61.6979
57.7269
53.5804
49.3595
45.1862
41.1999
37.5514
34.3951
31.8812
30.1474
29.3093
29.465
30.5848
32.5009
34.45
19.4348
12.326
4.13805
-4.65741
-13.3561
-22.5547
-31.8769
-41.048
-50.1761
-59.1149
-67.825
-76.3564
-84.671
-92.7779
-100.675
-108.329
-115.696
-122.709
-129.277
-135.291
-140.619
-145.128
-148.686
-151.158
-152.5
-152.66
-151.508
-148.889
-144.668
-138.738
-131.023
-121.485
-110.124
-96.9862
-82.1884
-65.9148
-48.5861
-30.7848
-14.4197
26.0359
32.2729
39.0049
45.9254
52.3515
58.3918
63.8045
68.2128
71.5715
74.0322
75.7035
76.7226
77.2465
77.384
77.2154
76.7898
76.1308
75.2431
74.1138
72.7152
71.0104
68.9524
66.4847
63.5739
60.2744
56.6982
52.938
49.0813
45.2362
41.5286
38.0976
35.0877
32.6421
30.8931
29.9492
29.9014
30.7186
32.2252
33.7461
17.8355
11.0606
3.26257
-5.10253
-13.3606
-22.0822
-30.9057
-39.5693
-48.1767
-56.5892
-64.7695
-72.7673
-80.548
-88.1217
-95.49
-102.624
-109.488
-116.021
-122.142
-127.756
-132.743
-136.978
-140.349
-142.727
-144.074
-144.349
-143.432
-141.17
-137.426
-132.087
-125.067
-116.313
-105.815
-93.6073
-79.7943
-64.5591
-48.2993
-31.5942
-16.1682
24.1336
30.0874
36.5228
43.1477
49.306
55.1043
60.3111
64.5626
67.8129
70.2085
71.8522
72.8753
73.4295
73.6198
73.5248
73.1933
72.6504
71.9023
70.9394
69.7374
68.2622
66.4695
64.3043
61.73
58.7905
55.5833
52.1884
48.681
45.1556
41.7249
38.5155
35.6612
33.2965
31.5469
30.5136
30.2807
30.817
31.9473
33.0781
16.3507
9.89316
2.46556
-5.49122
-13.3324
-21.6027
-29.9557
-38.1417
-46.2599
-54.1781
-61.8625
-69.3609
-76.6423
-83.7178
-90.592
-97.2401
-103.63
-109.711
-115.41
-120.64
-125.295
-129.26
-132.435
-134.702
-136.03
-136.386
-135.66
-133.706
-130.388
-125.587
-119.213
-111.202
-101.531
-90.2256
-77.3772
-63.1627
-47.9529
-32.3111
-17.796
22.3603
28.0448
34.1973
40.5394
46.4418
52.0081
57.0169
61.117
64.2618
66.593
68.2079
69.2318
69.8106
70.0463
70.0155
69.7668
69.3256
68.7007
67.8845
66.856
65.5847
64.029
62.1362
59.8682
57.2594
54.3949
51.3431
48.1678
44.9511
41.7926
38.8062
36.1143
33.8412
32.1049
30.9988
30.5999
30.8789
31.6665
32.4449
14.9737
8.81809
1.74299
-5.82601
-13.272
-21.1153
-29.0237
-36.7589
-44.4167
-51.8708
-59.0904
-66.1214
-72.936
-79.5464
-85.9581
-92.1511
-98.0974
-103.752
-109.051
-113.916
-118.251
-121.951
-124.926
-127.072
-128.361
-128.77
-128.198
-126.508
-123.567
-119.256
-113.479
-106.167
-97.2867
-86.8513
-74.942
-61.7242
-47.5416
-32.9283
-19.2949
20.7085
26.1364
32.019
38.0909
43.7482
49.0922
53.9107
57.8643
60.9069
63.1745
64.7595
65.7809
66.3799
66.6551
66.6802
66.504
66.1525
65.6355
64.9486
64.0735
62.9828
61.6384
59.9901
57.9995
55.6933
53.145
50.4132
47.5516
44.6305
41.737
38.9722
36.4467
34.2744
32.5641
31.4017
30.857
30.9033
31.3819
31.8447
13.6984
7.83037
1.09075
-6.10954
-13.1807
-20.6196
-28.1073
-35.4176
-42.6412
-49.659
-56.4422
-63.0354
-69.4129
-75.5883
-81.5682
-87.3354
-92.866
-98.121
-103.042
-107.56
-111.588
-115.029
-117.806
-119.823
-121.058
-121.497
-121.048
-119.584
-116.976
-113.108
-107.883
-101.225
-93.0938
-83.494
-72.4936
-60.2448
-47.0605
-33.44
-20.6593
19.1713
24.3546
29.9793
35.7928
41.2153
46.3459
50.9813
54.7936
57.737
59.9419
61.4963
62.5131
63.1281
63.4371
63.5113
63.3987
63.1258
62.7041
62.1308
61.391
60.4601
59.3034
57.8738
56.1335
54.1029
51.8451
49.41
46.8424
44.2018
41.5636
39.0167
36.6597
34.5953
32.9226
31.7201
31.0499
30.889
31.0921
31.275
12.519
6.92474
0.504845
-6.34473
-13.06
-20.1155
-27.2053
-34.1139
-40.9286
-47.5358
-53.9091
-60.0919
-66.0605
-71.8286
-77.4044
-82.7733
-87.9146
-92.7941
-97.3597
-101.549
-105.284
-108.477
-111.057
-112.941
-114.113
-114.562
-114.21
-112.938
-110.624
-107.156
-102.437
-96.3892
-88.966
-80.1636
-70.0374
-58.7247
-46.5071
-33.8424
-21.8842
17.7418
22.6916
28.07
33.6359
38.8336
43.7594
48.2185
51.8947
54.7417
56.8851
58.4085
59.4184
60.0463
60.3845
60.5014
60.4444
60.2407
59.9026
59.4293
58.8085
58.0188
57.0286
55.7942
54.2789
52.498
50.5056
48.3439
46.0498
43.6736
41.2794
38.9446
36.7557
34.8044
33.1796
31.9524
31.1772
30.8351
30.7955
30.7327
11.4293
6.09647
-0.0187945
-6.53443
-12.9116
-19.6033
-26.3161
-32.8451
-39.2743
-45.4946
-51.483
-57.2805
-62.8657
-68.2531
-73.4512
-78.4476
-83.2245
-87.7519
-91.9833
-95.8625
-99.319
-102.273
-104.662
-106.413
-107.513
-107.959
-107.682
-106.573
-104.518
-101.41
-97.1541
-91.6728
-84.9148
-76.869
-67.5794
-57.1658
-45.8794
-34.132
-22.9665
16.4137
21.1405
26.2832
31.6123
36.5943
41.3233
45.6128
49.1574
51.9112
53.9945
55.4865
56.488
57.1257
57.4886
57.6427
57.6346
57.4916
57.2268
56.8413
56.3253
55.6598
54.8169
53.7563
52.4429
50.8872
49.1361
47.2249
45.1839
43.0547
40.8917
38.7611
36.7382
34.9034
33.3354
32.0979
31.238
30.7404
30.49
30.2143
10.4242
5.34067
-0.484056
-6.6817
-12.7374
-19.0838
-25.4394
-31.6095
-37.6743
-43.5305
-49.1565
-54.5926
-59.8186
-64.8493
-69.6941
-74.3424
-78.7786
-82.9764
-86.8942
-90.4818
-93.6748
-96.4018
-98.6055
-100.225
-101.249
-101.681
-101.461
-100.49
-98.6622
-95.8771
-92.0444
-87.0867
-80.9508
-73.6195
-65.125
-55.5709
-45.1763
-34.3074
-23.9042
15.1807
19.6945
24.6117
29.7137
34.4889
39.0289
43.1552
46.5728
49.2362
51.2605
52.7209
53.7128
54.3578
54.7417
54.928
54.9626
54.8727
54.6722
54.3637
53.9395
53.3835
52.6706
51.7642
50.631
49.278
47.7452
46.0624
44.2539
42.3541
40.4082
38.4726
36.6118
34.8951
33.3915
32.157
31.2318
30.6039
30.1736
29.7161
9.49827
4.6529
-0.894735
-6.7892
-12.5394
-18.5577
-24.5746
-30.4051
-36.1255
-41.6386
-46.924
-52.0206
-56.9099
-61.6068
-66.1211
-70.4436
-74.5616
-78.4512
-82.0752
-85.3885
-88.3335
-90.8452
-92.872
-94.3621
-95.3083
-95.7187
-95.5419
-94.6875
-93.059
-90.5637
-87.1158
-82.6405
-77.0836
-70.4228
-62.6805
-53.9431
-44.399
-34.3681
-24.6969
14.037
18.3473
23.0484
27.9328
32.5096
36.868
40.8369
44.1321
46.7077
48.6745
50.1031
51.084
51.7341
52.1356
52.3499
52.4218
52.3783
52.234
51.9928
51.649
51.1892
50.5907
49.8208
48.8481
47.6768
46.3408
44.8649
43.2689
41.5806
39.8373
38.0863
36.3819
34.7835
33.3502
32.1306
31.1586
30.4248
29.844
29.2338
8.64658
4.02846
-1.25446
-6.85992
-12.3195
-18.0259
-23.7216
-29.2304
-34.6259
-39.8152
-44.78
-49.5576
-54.1311
-58.5157
-62.7209
-66.7392
-70.5597
-74.1613
-77.5107
-80.5671
-83.2788
-85.5872
-87.4459
-88.8114
-89.6798
-90.0632
-89.9175
-89.1621
-87.7089
-85.473
-82.3742
-78.3418
-73.3214
-67.2871
-60.2521
-52.2863
-43.5492
-34.3157
-25.3458
12.977
17.0926
21.5869
26.2624
30.6489
34.8326
38.65
41.8268
44.3176
46.2279
47.6249
48.5938
49.2467
49.663
49.9013
50.0055
50.0025
49.9072
49.7249
49.4513
49.0754
48.5776
47.9282
47.098
46.0888
44.9294
43.6405
42.2375
40.743
39.1873
37.6095
36.0549
34.5734
33.2149
32.0208
31.0191
30.2026
29.4988
28.7633
7.86431
3.46341
-1.56691
-6.89671
-12.0797
-17.4895
-22.8804
-28.0847
-33.1727
-38.0568
-42.7196
-47.1976
-51.4751
-55.5671
-59.4833
-63.2175
-66.7603
-70.0931
-73.1859
-76.0023
-78.4954
-80.6128
-82.3129
-83.5593
-84.3513
-84.7042
-84.5809
-83.9094
-82.6103
-80.6065
-77.824
-74.1964
-69.671
-64.2189
-57.8454
-50.6053
-42.6302
-34.1526
-25.8532
11.9955
15.9249
20.221
24.6963
28.8998
32.9156
36.5869
39.6493
42.0578
43.9129
45.2782
46.2341
46.888
47.3164
47.5752
47.7075
47.7397
47.687
47.5557
47.3434
47.0409
46.6312
46.0878
45.3835
44.5186
43.517
42.3961
41.1677
39.8497
38.4667
37.0503
35.6378
34.2705
32.9898
31.8303
30.8146
29.9367
29.1359
28.3004
7.14691
2.95354
-1.83543
-6.90233
-11.8219
-16.95
-22.0512
-26.9672
-31.7645
-36.3604
-40.7392
-44.9356
-48.9354
-52.7533
-56.3993
-59.8681
-63.1519
-66.234
-69.0878
-71.6801
-73.9692
-75.9077
-77.4589
-78.5924
-79.3106
-79.6313
-79.5237
-78.9234
-77.7601
-75.9637
-73.4671
-70.2087
-66.1379
-61.2244
-55.4666
-48.905
-41.6462
-33.8827
-26.2226
11.0876
14.8387
18.9449
23.2279
27.2558
31.1098
34.6403
37.5923
39.9207
41.7219
43.0555
43.9976
44.6509
45.0888
45.3651
45.5213
45.584
45.5683
45.4814
45.3222
45.0835
44.7506
44.3
43.7071
42.97
42.1089
41.1382
40.0669
38.9089
37.6837
36.4167
35.138
33.8812
32.68
31.5626
30.5468
29.6273
28.7531
27.8408
6.49003
2.49514
-2.06334
-6.87939
-11.5482
-16.4082
-21.2345
-25.8772
-30.3998
-34.7237
-38.8349
-42.7666
-46.5059
-50.0672
-53.4607
-56.6819
-59.724
-62.5726
-65.2038
-67.5876
-69.6865
-71.4582
-72.8703
-73.8977
-74.5457
-74.8338
-74.7366
-74.1973
-73.1536
-71.5426
-69.3041
-66.3813
-62.7267
-58.3089
-53.121
-47.1911
-40.6023
-33.5111
-26.4591
10.2485
13.8288
17.7529
21.8514
25.7104
29.4089
32.8036
35.6486
37.8993
39.6476
40.9497
41.8771
42.5283
42.9734
43.2643
43.4411
43.5299
43.5462
43.4975
43.3843
43.2009
42.9348
42.5654
42.0701
41.4459
40.7095
39.8725
38.9419
37.9281
36.8464
35.7168
34.5633
33.4124
32.2911
31.2219
30.2181
29.2746
28.3486
27.3808
5.88964
2.08438
-2.25369
-6.83052
-11.2602
-15.8654
-20.4309
-24.8145
-29.077
-33.1442
-37.0033
-40.6863
-44.1812
-47.5024
-50.6598
-53.6499
-56.4672
-59.0986
-61.5226
-63.7127
-65.6348
-67.2515
-68.5341
-69.4626
-70.0443
-70.3002
-70.2099
-69.7233
-68.785
-67.34
-65.3339
-62.7155
-59.4401
-55.477
-50.8142
-45.4691
-39.5043
-33.0438
-26.5683
9.47355
12.8905
16.6399
20.5612
24.2579
27.8066
31.0702
33.8116
35.9869
37.6833
38.954
39.8659
40.5134
40.9638
41.2667
41.4609
41.5721
41.6157
41.6
41.5265
41.3908
41.1826
40.8838
40.4739
39.949
39.3226
38.6043
37.799
36.9146
35.9627
34.9587
33.9214
32.8713
31.8294
30.813
29.8314
28.8796
27.921
26.9166
5.34182
1.71796
-2.40959
-6.75804
-10.9602
-15.3228
-19.6404
-23.7786
-27.7952
-31.6201
-35.2418
-38.6908
-41.9567
-45.053
-47.99
-50.7645
-53.3723
-55.8017
-58.0336
-60.0438
-61.8022
-63.2753
-64.438
-65.2749
-65.7946
-66.0195
-65.9334
-65.4924
-64.6479
-63.3511
-61.5542
-59.2111
-56.2804
-52.7321
-48.551
-43.745
-38.3587
-32.4876
-26.5571
8.75868
12.0191
15.601
19.3521
22.8926
26.297
29.434
32.0752
34.177
35.8225
37.0617
37.9575
38.6001
39.0539
39.3662
39.575
39.7053
39.7722
39.7847
39.7451
39.6504
39.4922
39.2548
38.9194
38.4814
37.9517
37.338
36.644
35.8751
35.04
34.1503
33.2202
32.2653
31.3013
30.341
29.3903
28.4434
27.4692
26.4452
4.84288
1.39249
-2.53386
-6.66433
-10.6498
-14.7816
-18.8639
-22.7694
-26.5534
-30.1495
-33.5475
-36.7767
-39.8277
-42.7137
-45.4448
-48.0184
-50.4314
-52.6731
-54.7266
-56.5704
-58.1774
-59.5179
-60.57
-61.3221
-61.7846
-61.9804
-61.8969
-61.4958
-60.7344
-59.5703
-57.9615
-55.8667
-53.2484
-50.0773
-46.3359
-42.0246
-37.1727
-31.8501
-26.4328
8.09982
11.2102
14.6314
18.219
21.6095
24.8748
27.8894
30.4336
32.4638
34.0593
35.2671
36.146
36.7823
37.2377
37.5574
37.7783
37.9244
38.011
38.0474
38.0368
37.9774
37.8622
37.6775
37.4068
37.0446
36.5996
36.078
35.4822
34.8159
34.0854
33.2991
32.4674
31.6018
30.7136
29.8114
28.8983
27.9678
26.9927
25.9638
4.38933
1.10491
-2.62915
-6.55158
-10.3305
-14.2427
-18.1015
-21.7865
-25.3505
-28.7307
-31.918
-34.9407
-37.7901
-40.4793
-43.0182
-45.4048
-47.6365
-49.7042
-51.5925
-53.2824
-54.7497
-55.9681
-56.9186
-57.5929
-58.0028
-58.1717
-58.0897
-57.7236
-57.0364
-55.9911
-54.5512
-52.68
-50.3436
-47.5144
-44.173
-40.3138
-35.9529
-31.1394
-26.2037
7.4931
10.4597
13.7268
17.1573
20.4033
23.5344
26.431
28.881
30.8415
32.388
33.5642
34.4256
35.0544
35.5099
35.8349
36.0653
36.2246
36.3277
36.3844
36.3984
36.369
36.2904
36.1512
35.9364
35.6402
35.2691
34.828
34.3185
33.743
33.1056
32.4124
31.6707
30.8883
30.0729
29.2299
28.3596
27.4548
26.4912
25.4701
3.97786
0.852183
-2.69808
-6.42194
-10.0041
-13.7075
-17.354
-20.83
-24.1858
-27.3622
-30.3512
-33.1797
-35.8402
-38.3453
-40.7047
-42.917
-44.9804
-46.8867
-48.6224
-50.1704
-51.5089
-52.615
-53.4725
-54.0759
-54.4379
-54.5821
-54.501
-54.1661
-53.5451
-52.6062
-51.3179
-49.6477
-47.5653
-45.0448
-42.0658
-38.6181
-34.7071
-30.3636
-25.8784
6.93497
9.76378
12.8829
16.1625
19.2694
22.2713
25.0536
27.4123
29.3049
30.8031
31.9478
32.791
33.4112
33.8651
34.1936
34.4315
34.6015
34.7183
34.7918
34.8264
34.8223
34.775
34.6748
34.5082
34.2689
33.962
33.5911
33.1572
32.6616
32.107
31.4972
30.8372
30.1319
29.3861
28.6022
27.7785
26.9069
25.9652
24.9628
3.60536
0.631561
-2.74302
-6.27736
-9.67204
-13.1767
-16.6217
-19.8998
-23.0585
-26.0425
-28.8448
-31.491
-33.9743
-36.3074
-38.4993
-40.5496
-42.4566
-44.2134
-45.8079
-47.225
-48.4452
-49.4485
-50.2212
-50.7601
-51.0787
-51.2005
-51.1203
-50.8131
-50.2516
-49.4081
-48.2555
-46.7658
-44.9116
-42.6689
-40.0173
-36.9427
-33.4421
-29.5314
-25.4658
6.42198
9.11873
12.0958
15.2303
18.2033
21.0805
23.7524
26.0225
27.8488
29.2995
30.4127
31.2371
31.8477
32.2986
32.629
32.8722
33.0506
33.1785
33.266
33.3179
33.335
33.3141
33.247
33.1218
32.9317
32.6803
32.3704
32.0024
31.5769
31.0953
30.56
29.9739
29.3397
28.6597
27.9341
27.1595
26.3268
25.4153
24.4405
3.26888
0.440349
-2.76627
-6.11969
-9.33575
-12.6514
-15.905
-18.9953
-21.9678
-24.7704
-27.3967
-29.8717
-32.1891
-34.3612
-36.397
-38.2964
-40.0584
-41.6769
-43.1411
-44.4376
-45.5494
-46.4587
-47.1541
-47.6346
-47.9143
-48.0162
-47.9368
-47.6547
-47.1465
-46.3887
-45.3578
-44.0295
-42.38
-40.3868
-38.0299
-35.2925
-32.1649
-28.6512
-24.9748
5.9509
8.52108
11.3617
14.3568
17.2009
19.9579
22.5228
24.7069
26.4685
27.8724
28.9542
29.7592
30.3592
30.8059
31.1365
31.3834
31.5681
31.7048
31.8036
31.8697
31.9045
31.9058
31.8668
31.7768
31.6289
31.4253
31.1682
30.8576
30.4933
30.0761
29.607
29.0873
28.5183
27.9002
27.2314
26.5072
25.7175
24.8428
23.9028
2.96563
0.276118
-2.76995
-5.95076
-8.99666
-12.1324
-15.2042
-18.1167
-20.9131
-23.5444
-26.0052
-28.3192
-30.4812
-32.503
-34.3933
-36.1524
-37.7798
-39.2703
-40.6143
-41.8001
-42.8126
-43.6362
-44.2615
-44.6894
-44.9342
-45.0184
-44.9401
-44.6808
-44.2207
-43.5396
-42.6177
-41.434
-39.9675
-38.1978
-36.1053
-33.6717
-30.8822
-27.7312
-24.4147
5.51873
7.96761
10.6773
13.5383
16.2583
18.8991
21.3606
23.4611
25.1596
26.5174
27.5676
28.3529
28.9414
29.3825
29.712
29.9609
30.1502
30.2937
30.4014
30.479
30.5284
30.5481
30.5327
30.4726
30.3609
30.1984
29.9868
29.7258
29.4149
29.0541
28.6436
28.1837
27.6741
27.1138
26.4997
25.8261
25.0822
24.2492
23.3495
2.69302
0.136473
-2.7561
-5.77216
-8.65593
-11.6206
-14.5198
-17.2637
-19.8936
-22.3633
-24.6683
-26.8313
-28.8476
-30.7288
-32.4836
-34.1123
-35.6151
-36.9873
-38.2207
-39.3047
-40.2262
-40.9717
-41.5336
-41.9142
-42.1279
-42.1968
-42.1199
-41.8816
-41.4647
-40.8527
-40.0284
-38.9739
-37.6708
-36.1008
-34.245
-32.0842
-29.6
-26.7796
-23.7944
5.12268
7.45521
10.0392
12.7712
15.3716
17.9004
20.2616
22.281
23.9178
25.2301
26.2489
27.0139
27.59
28.0247
28.3518
28.6012
28.7934
28.9418
29.0564
29.1432
29.2043
29.2392
29.2436
29.2087
29.1277
29.0004
28.8279
28.6098
28.3453
28.0339
27.6752
27.2686
26.813
26.3063
25.7445
25.1208
24.4242
23.6362
22.7811
2.4486
0.0192972
-2.72665
-5.58545
-8.31475
-11.1166
-13.8519
-16.4362
-18.9085
-21.2258
-23.3841
-25.4053
-27.2853
-29.0353
-30.6637
-32.1713
-33.5586
-34.8215
-35.9531
-36.9438
-37.7822
-38.4568
-38.9614
-39.2995
-39.4858
-39.5414
-39.4662
-39.247
-38.8695
-38.3194
-37.5824
-36.6433
-35.486
-34.0941
-32.4497
-30.5334
-28.3242
-25.8039
-23.1226
4.76
6.98103
9.44429
12.0522
14.5375
16.9581
19.2223
21.1627
22.7392
24.0067
24.9941
25.7384
26.3015
26.7286
27.0521
27.3008
27.4944
27.6462
27.766
27.8597
27.9303
27.9775
27.9981
27.9844
27.9294
27.832
27.693
27.5118
27.2876
27.0193
26.7063
26.3473
25.9406
25.4833
24.9709
24.3959
23.7471
23.0061
22.1983
2.23005
-0.0775269
-2.68328
-5.39203
-7.9742
-10.6212
-13.201
-15.6339
-17.9573
-20.1307
-22.151
-24.0389
-25.7913
-27.4187
-28.9295
-30.3247
-31.6049
-32.7672
-33.805
-34.7102
-35.4728
-36.083
-36.536
-36.8361
-36.9981
-37.0423
-36.9692
-36.7678
-36.4258
-35.9314
-35.2727
-34.4365
-33.4091
-32.1758
-30.7199
-29.022
-27.0598
-24.8112
-22.4078
4.42822
6.54231
8.88967
11.3784
13.7526
16.0687
18.2389
20.1026
21.6201
22.8434
23.7995
24.5227
25.0721
25.4909
25.8098
26.0566
26.2504
26.404
26.5273
26.6263
26.7041
26.7612
26.7952
26.799
26.7658
26.6938
26.5834
26.4339
26.2445
26.0139
25.741
25.4244
25.0617
24.6499
24.1838
23.6557
23.0542
22.3612
21.6025
2.03525
-0.155895
-2.62768
-5.19327
-7.63526
-10.1349
-12.567
-14.8565
-17.0391
-19.0767
-20.9671
-22.73
-24.3628
-25.8758
-27.277
-28.5678
-29.7491
-30.8183
-31.77
-32.597
-33.2906
-33.8424
-34.2489
-34.5152
-34.6559
-34.6903
-34.6197
-34.4347
-34.125
-33.6807
-33.0919
-32.3476
-31.4359
-30.3436
-29.0553
-27.5523
-25.8114
-23.8081
-21.6579
4.12496
6.13649
8.37258
10.7465
13.0138
15.2289
17.3081
19.0972
20.557
21.7368
22.6616
23.3635
23.8987
24.3082
24.6216
24.8655
25.0584
25.2127
25.3381
25.4407
25.524
25.5889
25.6335
25.6518
25.6368
25.5862
25.5001
25.3778
25.2184
25.0205
24.783
24.5039
24.181
23.8107
23.3878
22.9044
22.3491
21.7041
20.9949
1.86212
-0.217613
-2.56138
-4.99037
-7.29881
-9.65838
-11.9501
-14.1037
-16.1531
-18.0627
-19.8308
-21.4764
-22.9972
-24.4033
-25.7025
-26.8964
-27.9861
-28.9696
-29.8421
-30.5975
-31.2283
-31.7272
-32.0919
-32.3282
-32.4502
-32.4764
-32.4086
-32.2387
-31.9583
-31.5591
-31.033
-30.3706
-29.5617
-28.5947
-27.4554
-26.126
-24.5831
-22.8007
-20.8803
3.84798
5.76119
7.89043
10.154
12.3182
14.4359
16.4268
18.1433
19.5466
20.6835
21.5772
22.2575
22.7779
23.1777
23.4848
23.7249
23.9159
24.0698
24.1961
24.301
24.3882
24.4589
24.512
24.542
24.5421
24.5094
24.4439
24.3449
24.2113
24.0419
23.8353
23.5896
23.3024
22.97
22.5871
22.146
21.6351
21.0374
20.3776
1.70881
-0.264354
-2.4858
-4.78441
-6.96564
-9.19195
-11.3504
-13.3753
-15.2986
-17.0874
-18.7404
-20.2758
-21.6917
-22.998
-24.2023
-25.3062
-26.3112
-27.2156
-28.0154
-28.7053
-29.2789
-29.7301
-30.0574
-30.2669
-30.3727
-30.3921
-30.3272
-30.1714
-29.9176
-29.5591
-29.0889
-28.4996
-27.7821
-26.9264
-25.9194
-24.7443
-23.3781
-21.7941
-20.0818
3.59521
5.41411
7.44077
9.5982
11.663
13.6865
15.5918
17.2377
18.5857
19.6804
20.5433
21.2019
21.7071
22.0965
22.3966
22.6322
22.8204
22.973
23.0992
23.2053
23.295
23.37
23.4295
23.469
23.4814
23.4636
23.4155
23.3362
23.2248
23.0802
22.9007
22.6846
22.4294
22.1315
21.7856
21.384
20.9157
20.3638
19.7525
1.57355
-0.297706
-2.40227
-4.57649
-6.63655
-8.73604
-10.768
-12.6707
-14.4749
-16.1496
-17.6942
-19.126
-20.4438
-21.6568
-22.7726
-23.7931
-24.7197
-25.5512
-26.2842
-26.9143
-27.4359
-27.844
-28.1378
-28.3237
-28.4153
-28.429
-28.3674
-28.2246
-27.995
-27.673
-27.2531
-26.7288
-26.0927
-25.3357
-24.4461
-23.408
-22.1992
-20.7931
-19.2688
3.36471
5.09318
7.02135
9.07663
11.0456
12.9781
14.8004
16.3776
17.6715
18.7246
19.5569
20.1937
20.6836
21.062
21.3546
21.585
21.7698
21.9202
22.0455
22.1518
22.2429
22.3207
22.3851
22.432
22.4544
22.449
22.4153
22.3528
22.2606
22.1373
21.9816
21.7918
21.5652
21.2985
20.9866
20.6219
20.1939
19.686
19.1216
1.45467
-0.319111
-2.31201
-4.36758
-6.31219
-8.29103
-10.2028
-11.9898
-13.6811
-15.2481
-16.6906
-18.0251
-19.2508
-20.3768
-21.4102
-22.3531
-23.2071
-23.9714
-24.6432
-25.2186
-25.693
-26.0621
-26.3259
-26.4909
-26.5703
-26.5795
-26.5212
-26.3906
-26.183
-25.894
-25.5189
-25.0526
-24.4887
-23.8193
-23.0338
-22.1173
-21.0487
-19.8019
-18.4468
3.15464
4.7964
6.63004
8.58706
10.4636
12.3082
14.0498
15.5601
16.8009
17.8131
18.6153
19.2304
19.7046
20.0718
20.3564
20.5811
20.7618
20.9095
21.0331
21.1388
21.2304
21.3099
21.3778
21.4303
21.4607
21.4654
21.4439
21.3956
21.3196
21.2149
21.08
20.9133
20.7124
20.474
20.1932
19.8628
19.4726
19.0066
18.4873
1.35061
-0.329959
-2.21616
-4.15856
-5.99316
-7.8572
-9.65472
-11.3319
-12.9164
-14.3816
-15.7278
-16.9708
-18.1102
-19.1548
-20.1114
-20.9823
-21.7691
-22.4714
-23.087
-23.6124
-24.0439
-24.3779
-24.6149
-24.7615
-24.8303
-24.836
-24.7811
-24.6619
-24.4744
-24.215
-23.8802
-23.4656
-22.9658
-22.3741
-21.6808
-20.8722
-19.9283
-18.8239
-17.6209
2.96331
4.52196
6.26486
8.12734
9.91479
11.6743
13.3377
14.7828
15.9713
16.9435
17.716
18.3095
18.7679
19.1236
19.3998
19.6184
19.7946
19.939
20.0604
20.1648
20.256
20.3364
20.4066
20.4633
20.5
20.5129
20.5013
20.465
20.403
20.3142
20.1976
20.0513
19.8734
19.6605
19.4081
19.1094
18.7545
18.3282
17.8517
1.25995
-0.331548
-2.11585
-3.95029
-5.68008
-7.43485
-9.12378
-10.6968
-12.18
-13.5489
-14.8042
-15.9612
-17.0196
-17.988
-18.873
-19.6769
-20.4015
-21.0467
-21.6105
-22.0903
-22.4828
-22.7851
-22.9982
-23.1287
-23.1885
-23.1914
-23.1401
-23.0314
-22.8622
-22.6297
-22.3309
-21.9624
-21.5197
-20.9968
-20.3851
-19.6723
-18.8392
-17.8619
-16.7955
2.78911
4.2681
5.92399
7.6955
9.39699
11.0742
12.6615
14.0432
15.1802
16.1131
16.8566
17.4287
17.8711
18.2151
18.4828
18.6949
18.8662
19.007
19.1257
19.2283
19.3186
19.399
19.4705
19.5302
19.5718
19.5912
19.5879
19.5615
19.5114
19.4364
19.3356
19.2075
19.05
18.8601
18.6337
18.3641
18.0421
17.653
17.217
1.18136
-0.325034
-2.01204
-3.74351
-5.37346
-7.02426
-8.60992
-10.084
-11.4711
-12.7489
-13.9184
-14.994
-15.9764
-16.8736
-17.6918
-18.4332
-19.1001
-19.6925
-20.2089
-20.647
-21.004
-21.2778
-21.4695
-21.5858
-21.6379
-21.6388
-21.5912
-21.4924
-21.34
-21.1317
-20.8654
-20.538
-20.146
-19.6842
-19.1449
-18.5168
-17.7822
-16.9183
-15.9742
2.6306
4.03324
5.60566
7.28958
8.90815
10.5058
12.0191
13.3389
14.4251
15.3197
16.0348
16.5857
17.0121
17.3443
17.6032
17.8087
17.9749
18.1118
18.2275
18.3279
18.4167
18.4966
18.5687
18.6304
18.6756
18.7002
18.7036
18.6855
18.6454
18.5824
18.4954
18.3832
18.2439
18.0748
17.8719
17.6291
17.3375
16.9832
16.5853
1.11363
-0.311434
-1.90561
-3.53884
-5.07364
-6.62544
-8.11287
-9.49302
-10.7889
-11.9804
-13.0686
-14.0675
-14.9784
-15.8089
-16.5645
-17.2477
-17.861
-18.4046
-18.8773
-19.2772
-19.602
-19.8501
-20.0228
-20.1267
-20.1723
-20.1719
-20.1279
-20.0385
-19.9015
-19.7152
-19.478
-19.1875
-18.8406
-18.433
-17.9579
-17.4049
-16.7577
-15.9949
-15.1603
2.48644
3.81588
5.30822
6.90772
8.44624
9.96686
11.408
12.6676
13.7036
14.5613
15.249
15.7786
16.1888
16.5091
16.7592
16.9579
17.119
17.2518
17.3643
17.4621
17.5492
17.628
17.7
17.763
17.8108
17.8394
17.8483
17.8371
17.8055
17.7527
17.6778
17.5796
17.4566
17.3061
17.1246
16.9062
16.6428
16.3209
15.9585
1.0555
-0.291864
-1.79752
-3.33704
-4.78122
-6.23861
-7.63249
-8.92335
-10.1323
-11.2422
-12.2533
-13.1797
-14.0237
-14.7915
-15.4883
-16.1171
-16.6804
-17.1788
-17.6111
-17.976
-18.2715
-18.4965
-18.6523
-18.7453
-18.7855
-18.7843
-18.7442
-18.6635
-18.5407
-18.3745
-18.1636
-17.9062
-17.5996
-17.2402
-16.822
-16.3356
-15.7659
-15.0932
-14.3565
2.35526
3.61471
5.03043
6.54856
8.00984
9.45566
10.8262
12.027
13.0129
13.8359
14.4973
15.0055
15.3995
15.7079
15.9491
16.141
16.2967
16.4253
16.5345
16.6297
16.7147
16.7922
16.8637
16.9272
16.9768
17.0086
17.0218
17.0164
16.9919
16.9479
16.8835
16.7977
16.6891
16.5554
16.3932
16.1973
15.9597
15.6678
15.3386
1.00577
-0.267749
-1.68914
-3.13952
-4.49724
-5.86485
-7.16944
-8.37511
-9.50095
-10.5335
-11.4703
-12.3278
-13.1094
-13.8188
-14.4602
-15.0377
-15.5546
-16.0111
-16.4062
-16.7389
-17.0077
-17.2117
-17.3525
-17.436
-17.4717
-17.4701
-17.4338
-17.3614
-17.2518
-17.1039
-16.9169
-16.6892
-16.4188
-16.1024
-15.7347
-15.3074
-14.8067
-14.2142
-13.5648
2.23584
3.42858
4.77116
6.21128
7.59843
8.97194
10.2736
11.4163
12.3494
13.1398
13.7769
14.264
14.6416
14.9384
15.1709
15.3562
15.5065
15.6309
15.7367
15.8292
15.9121
15.988
16.0587
16.1223
16.1732
16.2074
16.2241
16.2234
16.205
16.1685
16.1132
16.0383
15.9425
15.8239
15.6792
15.5036
15.2897
15.0255
14.7273
0.96356
-0.23976
-1.58108
-2.94679
-4.22239
-5.50476
-6.72423
-7.84883
-8.89517
-9.85498
-10.7187
-11.5094
-12.2326
-12.8873
-13.4762
-14.0056
-14.4791
-14.8968
-15.2576
-15.5608
-15.8054
-15.9906
-16.1182
-16.1935
-16.2257
-16.2242
-16.1917
-16.1272
-16.0297
-15.8987
-15.7334
-15.5326
-15.2946
-15.0166
-14.694
-14.3193
-13.8798
-13.3589
-12.7875
2.12717
3.25621
4.52912
5.89428
7.21045
8.51423
9.74979
10.8356
11.7119
12.4714
13.0857
13.5517
13.9131
14.1985
14.4227
14.6012
14.7464
14.8666
14.9691
15.0589
15.1397
15.2141
15.2838
15.3473
15.3991
15.4352
15.4549
15.4582
15.445
15.415
15.3677
15.3024
15.218
15.1128
14.9839
14.8267
14.6346
14.3959
14.1262
0.928891
-0.207177
-1.47182
-2.75674
-3.95418
-5.15543
-6.29439
-7.34237
-8.31358
-9.20391
-9.99755
-10.7266
-11.3959
-11.9977
-12.5358
-13.0191
-13.4518
-13.8328
-14.1613
-14.4372
-14.6595
-14.8278
-14.9437
-15.012
-15.0413
-15.0403
-15.0118
-14.9548
-14.8687
-14.7532
-14.6077
-14.4312
-14.2226
-13.9791
-13.6969
-13.3691
-12.9843
-12.5271
-12.0254
2.02871
3.09654
4.30156
5.59366
6.84068
8.07587
9.24785
10.279
11.1039
11.8366
12.427
12.8698
13.2146
13.4886
13.704
13.8756
14.0153
14.1313
14.2305
14.3176
14.3962
14.469
14.5378
14.6012
14.6536
14.6913
14.7134
14.7202
14.7115
14.6873
14.647
14.5902
14.516
14.4228
14.3081
14.1678
13.9954
13.78
13.5366
0.901337
-0.170219
-1.36079
-2.56824
-3.69045
-4.81362
-5.87519
-6.85068
-7.75066
-8.57436
-9.30031
-9.97992
-10.6032
-11.1517
-11.6382
-12.0775
-12.4717
-12.8179
-13.1157
-13.3657
-13.5673
-13.72
-13.8252
-13.8877
-13.9148
-13.9149
-13.8905
-13.8408
-13.7653
-13.6643
-13.537
-13.3827
-13.2006
-12.9884
-12.7422
-12.4564
-12.1203
-11.7202
-11.281
1.93994
2.9486
4.08728
5.30703
6.48527
7.65074
8.75925
9.73329
10.518
11.2389
11.8041
12.2185
12.5456
12.8088
13.0156
13.1801
13.3142
13.4258
13.5216
13.6059
13.6824
13.7535
13.8213
13.8843
13.9373
13.9763
14.0007
14.0105
14.0058
13.9867
13.9526
13.9034
13.8383
13.7559
13.6539
13.5286
13.3741
13.1801
12.9607
0.881034
-0.140026
-1.27316
-2.41521
-3.47044
-4.5186
-5.49575
-6.38397
-7.18498
-7.91922
-8.52033
-9.1856
-9.81559
-10.3427
-10.8053
-11.2297
-11.6128
-11.9481
-12.2358
-12.4777
-12.6731
-12.8215
-12.9241
-12.9853
-13.0128
-13.0149
-12.9944
-12.9503
-12.883
-12.793
-12.6768
-12.5375
-12.3737
-12.1831
-11.962
-11.7052
-11.4033
-11.0434
-10.6484
1.87224
2.83322
3.9198
5.07461
6.18583
7.27185
8.2891
9.15275
9.84503
10.6357
11.2171
11.6219
11.9481
12.2152
12.4242
12.5894
12.724
12.8364
12.9327
13.0177
13.0949
13.1671
13.2363
13.3012
13.3566
13.3983
13.4253
13.4381
13.4367
13.4213
13.3916
13.3476
13.2885
13.2133
13.1198
13.0044
12.8618
12.682
12.4789
0.865718
-0.113736
-1.19791
-2.28274
-3.27565
-4.24913
-5.13861
-5.92931
-6.61391
-7.23968
-7.677
-8.36177
-9.03403
-9.56188
-10.0193
-10.4478
-10.8379
-11.1784
-11.4701
-11.7156
-11.9147
-12.0664
-12.1722
-12.2363
-12.2668
-12.2722
-12.2559
-12.2164
-12.1555
-12.074
-11.964
-11.8343
-11.6831
-11.5073
-11.3034
-11.0668
-10.7888
-10.4571
-10.0932
1.81756
2.73869
3.77844
4.87223
5.91521
6.91249
7.82049
8.55262
9.12963
10.0295
10.6572
11.0676
11.4032
11.6834
11.9021
12.0735
12.2129
12.3294
12.4291
12.5171
12.5972
12.6723
12.7446
12.8131
12.8723
12.9174
12.9476
12.9634
12.965
12.9526
12.9262
12.8857
12.8306
12.7601
12.6723
12.5635
12.4287
12.2582
12.0657
0.852003
-0.0854565
-1.1202
-2.14744
-3.07814
-3.97724
-4.78115
-5.47674
-6.05165
-6.572
-6.85699
-7.54841
-8.25391
-8.78015
-9.22854
-9.6568
-10.0508
-10.3946
-10.6887
-10.9368
-11.139
-11.2937
-11.4026
-11.4695
-11.5032
-11.5122
-11.5005
-11.4662
-11.4122
-11.3402
-11.2371
-11.1175
-10.9799
-10.8194
-10.633
-10.4168
-10.1628
-9.85933
-9.52833
1.76388
2.64495
3.63725
4.66982
5.64556
6.55395
7.3568
7.96549
8.42949
9.41599
10.0916
10.508
10.8496
11.1407
11.3686
11.5461
11.69
11.81
11.9129
12.0036
12.0863
12.1641
12.2395
12.3115
12.3743
12.423
12.4568
12.4759
12.4808
12.4716
12.4486
12.4118
12.361
12.2953
12.2131
12.1111
11.9842
11.823
11.6412
0.839721
-0.0557275
-1.04095
-2.01089
-2.87994
-3.70554
-4.42656
-5.02937
-5.50203
-5.91601
-6.06599
-6.74916
-7.47452
-7.99757
-8.43508
-8.85862
-9.25315
-9.59811
-9.89321
-10.1428
-10.3471
-10.5045
-10.6163
-10.6861
-10.7229
-10.7355
-10.7283
-10.6987
-10.6514
-10.5881
-10.4912
-10.3812
-10.2561
-10.1102
-9.94057
-9.74415
-9.51346
-9.23686
-8.93284
1.7114
2.55266
3.49727
4.46906
5.37892
6.19833
6.90134
7.39116
7.74898
8.79586
9.51848
9.94444
10.2895
10.5889
10.8251
11.0085
11.1566
11.2802
11.386
11.4793
11.5643
11.6445
11.7227
11.7981
11.8646
11.917
11.9544
11.9771
11.9856
11.98
11.9607
11.9279
11.8815
11.821
11.7447
11.6496
11.5308
11.379
11.2078
0.828958
-0.0249044
-0.960944
-1.87442
-2.68298
-3.4366
-4.07782
-4.5904
-4.96825
-5.2735
-5.30732
-5.96762
-6.69717
-7.21371
-7.6389
-8.05399
-8.44533
-8.78932
-9.08403
-9.33395
-9.53962
-9.69946
-9.81419
-9.88771
-9.92897
-9.94678
-9.94621
-9.92399
-9.88601
-9.83405
-9.74671
-9.64874
-9.53834
-9.40868
-9.25688
-9.08049
-8.87328
-8.62559
-8.36092
1.66063
2.46256
3.35965
4.27167
5.11734
5.84767
6.45643
6.82765
7.08703
8.16998
8.93565
9.37514
9.72407
10.0301
10.2732
10.4615
10.6132
10.7401
10.849
10.9451
11.0326
11.1153
11.1962
11.2749
11.3452
11.4016
11.443
11.4698
11.4822
11.4806
11.4653
11.4366
11.3947
11.3391
11.2687
11.1805
11.07
10.9279
10.7676
0.819646
0.00646211
-0.881533
-1.73985
-2.48973
-3.1735
-3.73858
-4.164
-4.45413
-4.64745
-4.583
-5.20612
-5.92308
-6.42832
-6.83979
-7.24319
-7.62762
-7.96824
-8.26116
-8.51069
-8.71728
-8.87905
-8.99597
-9.07165
-9.11464
-9.13438
-9.13653
-9.11737
-9.08392
-9.03807
-8.95548
-8.86523
-8.76558
-8.64904
-8.51307
-8.35563
-8.16994
-7.94344
-7.68671
1.61218
2.37586
3.226
4.08005
4.86296
5.50408
6.024
6.27297
6.43953
7.53904
8.34173
8.7969
9.15096
9.46474
9.71603
9.90948
10.0637
10.1923
10.3031
10.4012
10.491
10.5761
10.6598
10.7418
10.816
10.8767
10.9227
10.9544
10.9722
10.976
10.9661
10.9429
10.9064
10.8565
10.7921
10.7107
10.6079
10.4748
10.3232
0.811685
0.0370585
-0.805068
-1.61056
-2.3038
-2.92027
-3.41249
-3.75363
-3.96187
-4.0399
-3.894
-4.46605
-5.15369
-5.64159
-6.03716
-6.42566
-6.79959
-7.13403
-7.42347
-7.67162
-7.87939
-8.04489
-8.16855
-8.25391
-8.30871
-8.3412
-8.35734
-8.35322
-8.33677
-8.30971
-8.24386
-8.17149
-8.09088
-7.99351
-7.87681
-7.73997
-7.57993
-7.39277
-7.21082
1.56721
2.29466
3.09926
3.89778
4.61775
5.16771
5.60183
5.72061
5.79673
6.90213
7.73885
8.20956
8.56599
8.88498
9.14636
9.34988
9.51142
9.64399
9.75675
9.856
9.94682
10.0333
10.119
10.2037
10.2811
10.3452
10.3947
10.4303
10.4523
10.4608
10.4564
10.4393
10.4097
10.3675
10.3117
10.2399
10.1482
10.029
9.89702
0.804724
0.0653211
-0.734657
-1.49086
-2.1302
-2.682
-3.10312
-3.36094
-3.49122
-3.45193
-3.23978
-3.74784
-4.39025
-4.85346
-5.22968
-5.5999
-5.95995
-6.28576
-6.56982
-6.81423
-7.01881
-7.18069
-7.29858
-7.37455
-7.41806
-7.44071
-7.44859
-7.43729
-7.41499
-7.38284
-7.31324
-7.24146
-7.16596
-7.07812
-6.97548
-6.85615
-6.71145
-6.522
-6.27596
1.52649
2.22051
2.98224
3.72858
4.38373
4.83944
5.18874
5.16312
5.14244
6.24997
7.12774
7.62391
7.98428
8.29906
8.55713
8.76256
8.93151
9.07452
9.19741
9.30483
9.40161
9.49267
9.58247
9.67191
9.75536
9.82627
9.8827
9.92489
9.95282
9.96651
9.96614
9.95211
9.92486
9.88468
9.83127
9.76275
9.67478
9.55544
9.40937
0.798484
0.0912477
-0.670387
-1.38202
-1.97188
-2.46395
-2.81661
-2.99348
-3.05019
-2.89133
-2.62005
-3.05105
-3.63408
-4.06409
-4.41594
-4.76301
-5.10419
-5.41883
-5.70019
-5.94961
-6.16701
-6.35058
-6.5006
-6.61945
-6.70893
-6.77334
-6.82091
-6.84867
-6.86821
-6.87983
-6.84766
-6.80934
-6.76436
-6.70334
-6.62452
-6.53018
-6.42583
-6.32305
-6.28382
1.48909
2.15209
2.87426
3.5736
4.16428
4.53196
4.80187
4.60346
4.46209
5.56037
6.48133
7.02446
7.42205
7.75795
8.01516
8.20235
8.34764
8.47259
8.58686
8.6936
8.7945
8.89188
8.98857
9.08444
9.17377
9.25165
9.31771
9.37272
9.4167
9.4495
9.47085
9.48035
9.47738
9.46107
9.43031
9.38377
9.32173
9.2466
9.19119
0.793376
0.116028
-0.610467
-1.2822
-1.82893
-2.27031
-2.56313
-2.67159
-2.66343
-2.37435
-2.0355
-2.37802
-2.8872
-3.27288
-3.59595
-3.91648
-4.22968
-4.51616
-4.7693
-4.98948
-5.17419
-5.31695
-5.41144
-5.45785
-5.47544
-5.48463
-5.48749
-5.4756
-5.45422
-5.42337
-5.3607
-5.30339
-5.24899
-5.18911
-5.12042
-5.03827
-4.92354
-4.73605
-4.41004
1.455
2.08934
2.77585
3.43403
3.96556
4.26733
4.46401
4.04124
3.75482
4.83095
5.75816
6.31758
6.75702
7.16425
7.50329
7.75532
7.9326
8.05706
8.1507
8.23024
8.30638
8.386
8.47347
8.56681
8.65432
8.7257
8.77882
8.81495
8.83567
8.84236
8.83633
8.81936
8.79331
8.75966
8.71837
8.66534
8.5871
8.44957
8.21232
0.790116
0.132665
-0.568075
-1.20725
-1.71663
-2.11223
-2.34817
-2.39758
-2.31992
-1.88047
-1.47594
-1.73663
-2.15635
-2.47654
-2.76019
-3.06067
-3.3727
-3.67827
-3.97019
-4.24803
-4.51282
-4.76634
-5.00958
-5.23571
-5.41882
-5.55029
-5.65584
-5.74178
-5.83103
-5.92023
-5.94722
-5.95089
-5.94837
-5.9333
-5.90222
-5.86247
-5.84139
-5.88835
-6.13405
1.43306
2.04824
2.70758
3.3278
3.79848
4.03802
4.11137
3.39733
3.00684
4.12842
5.06528
5.57848
5.9304
6.24851
6.55183
6.84489
7.12522
7.37932
7.59569
7.77233
7.91472
8.03216
8.1379
8.25096
8.38462
8.52773
8.6642
8.78891
8.90048
8.99804
9.07962
9.14247
9.18441
9.20431
9.20394
9.19069
9.18838
9.24994
9.48279
0.786457
0.120707
-0.581127
-1.2055
-1.68232
-2.02047
-2.17112
-2.12235
-1.90881
-1.30236
-0.899855
-1.12015
-1.46187
-1.69868
-1.88469
-2.06513
-2.24303
-2.41078
-2.56324
-2.69526
-2.79512
-2.84401
-2.82816
-2.7557
-2.68801
-2.65812
-2.64417
-2.61508
-2.56355
-2.52719
-2.46177
-2.40589
-2.36668
-2.33126
-2.29277
-2.24301
-2.1384
-1.89983
-1.35055
1.43817
2.05765
2.70884
3.29329
3.68281
3.79634
3.57774
2.52037
2.1212
3.42827
4.59371
5.34488
5.8149
6.06059
6.10865
6.03459
5.91964
5.82959
5.79196
5.80938
5.87351
5.97585
6.10046
6.20789
6.25506
6.25966
6.25517
6.24671
6.23325
6.21456
6.1943
6.17732
6.16709
6.1646
6.16514
6.15092
6.06969
5.81519
5.21479
0.777561
0.0806913
-0.646227
-1.27641
-1.73087
-2.00759
-2.05354
-1.86468
-1.44588
-0.67712
-0.287719
-0.462609
-0.772764
-1.06585
-1.36235
-1.67244
-1.99869
-2.34266
-2.70901
-3.10633
-3.54639
-4.03539
-4.55065
-5.03437
-5.38293
-5.59571
-5.80465
-5.97022
-6.24641
-6.65015
-6.53506
-6.55516
-6.67704
-6.76716
-6.81012
-6.85058
-6.9608
-7.24421
-7.89961
1.45819
2.09929
2.75958
3.31896
3.62641
3.57092
2.96091
1.59855
0.968829
2.14083
3.43899
4.72117
5.96726
7.14848
8.151
8.91795
9.46734
9.81731
10.0148
10.1126
10.1564
10.1835
10.2479
10.4365
10.7829
11.1601
11.4698
11.7237
11.9435
12.1331
12.2859
12.3983
12.4726
12.5153
12.5422
12.5852
12.7251
13.0847
13.8669
115.36
113.373
110.931
108.098
104.677
100.648
96.0413
90.927
85.432
79.7252
73.9689
68.2818
62.7305
57.3463
52.141
47.1212
42.2909
37.6535
33.211
28.9646
24.9123
21.0525
17.3814
13.8954
10.5904
7.46164
4.50363
1.71104
-0.919804
-3.39206
-5.70777
-7.86783
-9.87336
-11.7242
-13.4204
-14.9621
-16.3496
-17.5836
-18.6657
-19.5978
-20.3827
-21.0243
-21.5272
-21.8967
-22.139
-22.2613
-22.2709
-22.1758
-21.9843
-21.7052
-21.3472
-20.919
-20.4293
-19.8865
-19.2984
-18.6728
-18.0167
-17.3368
-16.6389
-15.9287
-15.2107
-14.4892
-13.7677
-13.0494
-12.3373
-11.6326
-10.9399
-10.3462
-9.81685
-9.28137
-8.70473
-8.17084
-7.49178
-7.09311
-6.08099
-6.28106
-4.15627
-6.31868
-1.00005
-8.36753
115.043
111.441
107.544
103.497
99.3632
95.2194
91.1242
87.1075
83.1874
79.3778
75.6899
72.1351
68.7233
65.4628
62.3605
59.4211
56.6477
54.0419
51.6028
49.3279
47.2131
45.253
43.4408
41.769
40.2294
38.8133
37.512
36.3167
35.2189
34.2102
33.2826
32.4284
31.64
30.9106
30.2332
29.6014
29.0088
28.4497
27.918
27.4085
26.9156
26.4345
25.9605
25.4895
25.0174
24.5414
24.0584
23.5665
23.0641
22.5499
22.0234
21.4845
20.9335
20.3712
19.7985
19.217
18.6283
18.0344
17.4372
16.8388
16.2412
15.6463
15.0559
14.4716
13.8955
13.3286
12.7738
12.3065
11.9032
11.4889
11.0654
10.6355
10.1979
9.79052
9.28278
9.15108
8.00719
9.65144
4.80697
14.1994
46.4255
46.0565
45.8037
45.5888
45.3445
45.0708
44.7366
44.289
43.68
42.8767
41.8634
40.6384
39.2084
37.5851
35.7843
33.8235
31.7221
29.5002
27.1785
24.7779
22.3195
19.8235
17.3095
14.7951
12.2971
9.83126
7.41351
5.05776
2.77659
0.579799
-1.52416
-3.52813
-5.42653
-7.21426
-8.88681
-10.4408
-11.873
-13.1812
-14.3634
-15.4188
-16.347
-17.1487
-17.8255
-18.3794
-18.814
-19.1335
-19.3425
-19.4467
-19.4523
-19.366
-19.195
-18.9467
-18.6285
-18.2481
-17.8127
-17.3298
-16.8063
-16.2488
-15.6636
-15.0563
-14.4323
-13.7961
-13.152
-12.5035
-11.8545
-11.2064
-10.564
-10.0099
-9.51352
-9.01168
-8.46409
-7.96264
-7.30716
-6.93988
-5.95057
-6.16676
-4.09997
-6.19609
-1.09252
-8.19206
46.6065
46.7785
47.2504
47.6521
47.9703
48.1917
48.307
48.3123
48.2079
47.9964
47.6807
47.2643
46.7525
46.1513
45.468
44.7112
43.8902
43.015
42.0968
41.1469
40.1766
39.1965
38.217
37.2477
36.2969
35.3716
34.4776
33.6193
32.7995
32.02
31.2813
30.5828
29.9231
29.3001
28.7113
28.1535
27.6235
27.1179
26.6332
26.1655
25.7115
25.2674
24.8297
24.3951
23.9604
23.5227
23.0798
22.6293
22.1697
21.6996
21.2182
20.725
20.22
19.7034
19.176
18.6389
18.0933
17.5409
16.9833
16.4226
15.8605
15.2991
14.7402
14.1854
13.6368
13.0954
12.5643
12.1159
11.7282
11.3291
10.9201
10.5045
10.0798
9.68719
9.1892
9.07171
7.94842
9.54465
4.89345
13.8675
25.3002
24.9448
24.5917
24.2433
23.8662
23.458
23.0223
22.56
22.0733
21.5664
21.0426
20.5042
19.9493
19.3709
18.7584
18.0997
17.3836
16.6005
15.7422
14.8028
13.7789
12.6698
11.4771
10.2056
8.86216
7.45579
5.99659
4.49592
2.96649
1.42173
-0.124888
-1.65951
-3.16945
-4.64229
-6.06659
-7.43198
-8.7292
-9.94997
-11.0872
-12.1347
-13.0879
-13.9429
-14.6973
-15.3493
-15.8989
-16.3467
-16.6944
-16.9447
-17.101
-17.1677
-17.1498
-17.0526
-16.8821
-16.6445
-16.3461
-15.9934
-15.5927
-15.1504
-14.6724
-14.1644
-13.6319
-13.0798
-12.5125
-11.934
-11.3485
-10.7581
-10.1674
-9.6544
-9.19229
-8.72466
-8.20867
-7.73813
-7.11389
-6.767
-5.82483
-6.01942
-4.07402
-6.01473
-1.23656
-7.91156
25.5481
25.7691
26.0159
26.2514
26.5175
26.807
27.1167
27.4424
27.7791
28.1212
28.4628
28.7974
29.1188
29.4206
29.6964
29.9402
30.1463
30.3096
30.426
30.4922
30.5063
30.4674
30.3758
30.2337
30.0439
29.8104
29.5379
29.2322
28.8986
28.543
28.1708
27.7872
27.3964
27.0021
26.6073
26.2142
25.824
25.4377
25.0553
24.6764
24.3003
23.9258
23.5514
23.1753
22.7959
22.4113
22.0199
21.6202
21.2107
20.7905
20.3587
19.9149
19.4588
18.9907
18.5109
18.0202
17.5197
17.0107
16.4947
15.9734
15.4488
14.9227
14.397
13.8735
13.3541
12.8399
12.3342
11.9062
11.5356
11.1533
10.7604
10.3609
9.951
9.57289
9.09121
8.97344
7.90674
9.38722
5.03114
13.4838
25.7304
25.523
25.3008
25.0692
24.8102
24.5036
24.1353
23.6923
23.1644
22.5494
21.8534
21.0892
20.2719
19.4138
18.5228
17.603
16.6575
15.6886
14.6977
13.6858
12.6531
11.5992
10.5233
9.42433
8.30168
7.15477
5.98398
4.79009
3.57563
2.34379
1.0994
-0.151471
-1.40184
-2.64388
-3.86887
-5.06806
-6.23239
-7.35317
-8.4219
-9.4308
-10.3728
-11.242
-12.0332
-12.742
-13.3657
-13.9021
-14.3505
-14.7111
-14.9848
-15.1739
-15.2812
-15.3102
-15.2653
-15.151
-14.9726
-14.7356
-14.4453
-14.1076
-13.7281
-13.3121
-12.8651
-12.3919
-11.8973
-11.3854
-10.8606
-10.3256
-9.78478
-9.31158
-8.8818
-8.44598
-7.95964
-7.51838
-6.9231
-6.59783
-5.69419
-5.88305
-4.02213
-5.87506
-1.29722
-7.72755
25.8983
26.0473
26.1755
26.2876
26.3873
26.4696
26.5363
26.5882
26.6261
26.6512
26.6649
26.6686
26.6636
26.6515
26.6336
26.6108
26.5841
26.5537
26.5195
26.481
26.4371
26.3864
26.3272
26.2575
26.1753
26.0789
25.9667
25.8374
25.6905
25.5257
25.3435
25.1445
24.9299
24.7012
24.4599
24.2075
23.9455
23.6752
23.3976
23.1136
22.8235
22.5274
22.2252
21.9162
21.5998
21.2751
20.9411
20.5969
20.2415
19.8741
19.4942
19.1013
18.6953
18.2761
17.8441
17.3999
16.9444
16.4787
16.0041
15.5223
15.035
14.544
14.0513
13.5587
13.0681
12.5808
12.1001
11.692
11.3378
10.9718
10.5947
10.2107
9.81557
9.45148
8.98472
8.87109
7.84326
9.26132
5.07288
13.2364
22.2361
22.0332
21.8263
21.6284
21.4321
21.2274
21.0043
20.7545
20.4683
20.1356
19.7487
19.3041
18.8027
18.2475
17.6412
16.985
16.279
15.5236
14.7199
13.8698
12.9758
12.0412
11.0696
10.065
9.03112
7.97221
6.89213
5.79477
4.68396
3.56343
2.43681
1.30835
0.182058
-0.937411
-2.04503
-3.13531
-4.20245
-5.2402
-6.24217
-7.20186
-8.11302
-8.96964
-9.76619
-10.4976
-11.1597
-11.749
-12.2631
-12.7003
-13.0599
-13.342
-13.5478
-13.6792
-13.7385
-13.7292
-13.6549
-13.5199
-13.3289
-13.0866
-12.7979
-12.4681
-12.1019
-11.7041
-11.2796
-10.8325
-10.3672
-9.88681
-9.39571
-8.96203
-8.56447
-8.16044
-7.70401
-7.29231
-6.72538
-6.42435
-5.55368
-5.74908
-3.94922
-5.75499
-1.31162
-7.59102
22.3867
22.5059
22.6284
22.7531
22.8767
22.9982
23.117
23.2314
23.3401
23.4418
23.5349
23.6181
23.6903
23.7503
23.7973
23.8308
23.8504
23.8561
23.8483
23.8274
23.7943
23.7499
23.6952
23.6309
23.5582
23.4775
23.3895
23.2943
23.1921
23.0827
22.9659
22.8411
22.708
22.5661
22.415
22.2544
22.0841
21.9039
21.7139
21.5139
21.3041
21.0844
20.8546
20.6146
20.3638
20.102
19.8283
19.5423
19.2434
18.931
18.6046
18.264
17.909
17.5396
17.1561
16.7589
16.349
15.9271
15.4946
15.0528
14.6034
14.1481
13.689
13.2278
12.7667
12.3068
11.8517
11.4638
11.1263
10.7768
10.416
10.0481
9.66825
9.31861
8.86689
8.7602
7.7623
9.14348
5.06348
13.0331
17.4907
17.3049
17.1131
16.9283
16.7444
16.559
16.3683
16.1656
15.9453
15.7016
15.4289
15.1235
14.7846
14.4135
14.0124
13.5829
13.1246
12.6357
12.114
11.557
10.9633
10.3313
9.66051
8.95068
8.20249
7.41716
6.59676
5.74385
4.86185
3.95448
3.02604
2.08125
1.125
0.162355
-0.801264
-1.76052
-2.70976
-3.64342
-4.55561
-5.4406
-6.29255
-7.10589
-7.87505
-8.59489
-9.26068
-9.86826
-10.4141
-10.8952
-11.3097
-11.656
-11.9339
-12.1435
-12.2859
-12.3627
-12.3763
-12.3298
-12.2264
-12.0701
-11.865
-11.6153
-11.3256
-11.0002
-10.6436
-10.2599
-9.85359
-9.42783
-8.98676
-8.59324
-8.22892
-7.85781
-7.43273
-7.05182
-6.51496
-6.23909
-5.40332
-5.60526
-3.86897
-5.62454
-1.32279
-7.43878
17.621
17.7214
17.8313
17.9449
18.0625
18.1846
18.3109
18.4411
18.5751
18.7122
18.8521
18.994
19.1371
19.2804
19.4226
19.5628
19.6993
19.8308
19.9558
20.0729
20.1806
20.2778
20.3634
20.4364
20.4963
20.5427
20.5754
20.5946
20.6006
20.5938
20.5746
20.5434
20.5007
20.4466
20.3814
20.305
20.2174
20.1183
20.0076
19.885
19.7504
19.6035
19.444
19.2718
19.0865
18.8877
18.6751
18.4483
18.2067
17.9501
17.6781
17.3905
17.0872
16.7683
16.4339
16.0845
15.7208
15.3436
14.954
14.5533
14.1429
13.7246
13.3002
12.8717
12.4412
12.0099
11.5815
11.2149
10.8951
10.5632
10.2197
9.86884
9.50566
9.17129
8.73674
8.63597
7.67253
9.00799
5.05044
12.8026
14.505
14.3527
14.1928
14.0345
13.8736
13.7103
13.5453
13.3753
13.1941
12.9966
12.7775
12.5318
12.2563
11.9511
11.6181
11.2605
10.8803
10.4789
10.0559
9.61031
9.14117
8.64775
8.12923
7.58496
7.01425
6.41667
5.79183
5.1398
4.46101
3.75645
3.02759
2.27669
1.50638
0.720028
-0.0785584
-0.885033
-1.69472
-2.50258
-3.30331
-4.09142
-4.86142
-5.60772
-6.3249
-7.00753
-7.65069
-8.24972
-8.80029
-9.29876
-9.74199
-10.1276
-10.4538
-10.7196
-10.9246
-11.0692
-11.1543
-11.1817
-11.1537
-11.0728
-10.9423
-10.7658
-10.5468
-10.2894
-9.99745
-9.67487
-9.32586
-8.95374
-8.5624
-8.20917
-7.87845
-7.54076
-7.14806
-6.79849
-6.29329
-6.0426
-5.2447
-5.45079
-3.78403
-5.48136
-1.33261
-7.26665
14.6182
14.7139
14.8169
14.9222
15.0311
15.1433
15.2586
15.377
15.4984
15.6227
15.7499
15.8797
16.0119
16.1464
16.283
16.4214
16.5612
16.7018
16.8429
16.9838
17.1236
17.2614
17.3961
17.5267
17.6519
17.7704
17.881
17.9826
18.0741
18.1547
18.2236
18.2803
18.3243
18.3554
18.3733
18.3779
18.3689
18.3464
18.3099
18.2595
18.195
18.1162
18.0229
17.9149
17.792
17.654
17.5005
17.3312
17.1458
16.9441
16.7257
16.4905
16.2385
15.9697
15.6843
15.3826
15.0652
14.7328
14.3864
14.0272
13.6565
13.2758
12.8871
12.4922
12.0932
11.6914
11.2908
10.9463
10.6449
10.3314
10.006
9.67314
9.32765
9.00925
8.59385
8.4973
7.5743
8.85312
5.03468
12.5502
12.4997
12.373
12.2389
12.1035
11.9641
11.8211
11.677
11.532
11.3835
11.2269
11.0577
10.8714
10.6629
10.4289
10.1686
9.88317
9.57458
9.24466
8.8944
8.52366
8.13184
7.71842
7.28315
6.8259
6.34669
5.84553
5.32254
4.77787
4.21198
3.62536
3.01883
2.39347
1.75065
1.09203
0.419819
-0.263508
-0.954901
-1.65101
-2.34791
-3.04145
-3.72708
-4.40014
-5.0557
-5.68884
-6.29474
-6.86864
-7.40609
-7.90296
-8.35559
-8.76081
-9.11602
-9.41915
-9.66885
-9.86428
-10.0054
-10.0926
-10.1272
-10.1107
-10.0454
-9.93372
-9.77874
-9.58364
-9.35193
-9.087
-8.79271
-8.47239
-8.12944
-7.81585
-7.51846
-7.21389
-6.85373
-6.53552
-6.06288
-5.83718
-5.07874
-5.28832
-3.69217
-5.33147
-1.33221
-7.08971
12.5981
12.6854
12.7783
12.8741
12.9737
13.0766
13.1829
13.2925
13.4052
13.521
13.6397
13.7612
13.8851
14.0114
14.1396
14.2698
14.4013
14.5341
14.6679
14.8023
14.9369
15.0713
15.2052
15.3379
15.4691
15.5978
15.7235
15.8454
15.9626
16.0742
16.1794
16.2771
16.3665
16.4467
16.5168
16.576
16.6235
16.6585
16.6805
16.6888
16.6829
16.6623
16.6267
16.5757
16.509
16.4263
16.3274
16.2117
16.0792
15.9294
15.7622
15.5774
15.375
15.1548
14.917
14.662
14.3901
14.1019
13.7983
13.4804
13.1494
12.8066
12.4539
12.0929
11.726
11.3543
10.9818
10.66
10.3775
10.0828
9.77615
9.46162
9.13451
8.83235
8.43767
8.34423
7.46509
8.68383
5.00547
12.2945
10.7935
10.6862
10.5721
10.4559
10.3347
10.2086
10.0797
9.94964
9.81896
9.68607
9.54759
9.39978
9.23882
9.06055
8.86156
8.64073
8.39873
8.13701
7.85699
7.55959
7.24468
6.91158
6.55953
6.18798
5.79651
5.38485
4.95279
4.50033
4.02771
3.53537
3.02394
2.49445
1.94796
1.38585
0.809784
0.221654
-0.376397
-0.98182
-1.59185
-2.20328
-2.81276
-3.41651
-4.01063
-4.59096
-5.15319
-5.69305
-6.20627
-6.68882
-7.13679
-7.54675
-7.91556
-8.24056
-8.51964
-8.75119
-8.93419
-9.06821
-9.15336
-9.19042
-9.18053
-9.12539
-9.02719
-8.88841
-8.71193
-8.50065
-8.25793
-7.98692
-7.69063
-7.41554
-7.15075
-6.87872
-6.55103
-6.26385
-5.82427
-5.62343
-4.90524
-5.11867
-3.59216
-5.17706
-1.31934
-6.91269
10.8782
10.9545
11.0356
11.12
11.2082
11.3
11.3955
11.4946
11.5974
11.7038
11.8139
11.9274
12.0443
12.1645
12.2879
12.4142
12.5432
12.6746
12.8082
12.9435
13.0803
13.218
13.3563
13.4945
13.6323
13.769
13.9041
14.0369
14.1669
14.2933
14.4157
14.5332
14.6453
14.7511
14.8499
14.9409
15.023
15.0955
15.1574
15.2077
15.2457
15.2703
15.2811
15.2772
15.2581
15.2233
15.1722
15.1045
15.0198
14.9177
14.7978
14.6601
14.5043
14.3303
14.1381
13.9279
13.7
13.4549
13.1932
12.9158
12.6239
12.3188
12.0019
11.6751
11.3404
10.9992
10.6553
10.3564
10.0932
9.81758
9.52994
9.23413
8.92587
8.64017
8.2673
8.17633
7.34317
8.50145
4.96033
12.0374
9.36198
9.27061
9.17338
9.07372
8.96912
8.85896
8.74441
8.62692
8.50794
8.38827
8.26712
8.14188
8.00933
7.86629
7.70914
7.53462
7.34135
7.12976
6.90115
6.65691
6.39815
6.12505
5.83709
5.53349
5.21359
4.87684
4.52282
4.15114
3.76166
3.35434
2.9294
2.48727
2.02856
1.5541
1.06503
0.562665
0.0486742
-0.475065
-1.00629
-1.54257
-2.08111
-2.61896
-3.1529
-3.67936
-4.19477
-4.69532
-5.17721
-5.63658
-6.06974
-6.47311
-6.84346
-7.17775
-7.47348
-7.72844
-7.94098
-8.10989
-8.23459
-8.31485
-8.35106
-8.34411
-8.29542
-8.2067
-8.08014
-7.91811
-7.7234
-7.49894
-7.24713
-7.0091
-6.77603
-6.53576
-6.24017
-5.98361
-5.57739
-5.40116
-4.72386
-4.94139
-3.48386
-5.01693
-1.29626
-6.7336
9.43515
9.50198
9.57301
9.64713
9.72464
9.80559
9.89007
9.97814
10.0698
10.1652
10.2641
10.3668
10.4731
10.583
10.6964
10.8134
10.9337
11.0573
11.1841
11.3139
11.4464
11.5813
11.7184
11.8572
11.9972
12.1381
12.279
12.4196
12.559
12.6968
12.832
12.9642
13.0927
13.2166
13.3355
13.4484
13.5545
13.6531
13.7431
13.8238
13.894
13.9528
13.9994
14.0329
14.0525
14.0574
14.0469
14.0205
13.9777
13.9178
13.8406
13.7457
13.6327
13.5016
13.3521
13.1843
12.9983
12.7944
12.5731
12.3351
12.0815
11.8132
11.5319
11.2391
10.9367
10.626
10.311
10.0354
9.79159
9.5354
9.2671
8.99027
8.70126
8.43211
8.082
7.99308
7.20779
8.30501
4.90147
11.7741
8.20059
8.12251
8.03937
7.95377
7.8636
7.76824
7.66818
7.564
7.45658
7.34729
7.23723
7.12615
7.01216
6.89255
6.76453
6.6249
6.47048
6.29964
6.11251
5.91021
5.69407
5.46524
5.22407
4.97011
4.7026
4.42092
4.12459
3.81334
3.48695
3.14535
2.78853
2.41669
2.03004
1.62898
1.21409
0.786178
0.346248
-0.104381
-0.564159
-1.03123
-1.50352
-1.97874
-2.45419
-2.92705
-3.39425
-3.8526
-4.29865
-4.729
-5.14012
-5.52865
-5.8913
-6.22502
-6.52697
-6.79471
-7.02609
-7.2195
-7.37354
-7.48744
-7.56087
-7.59403
-7.58754
-7.54244
-7.46024
-7.34273
-7.19212
-7.01095
-6.8011
-6.5984
-6.39585
-6.18625
-5.92217
-5.69549
-5.32261
-5.17057
-4.53454
-4.75619
-3.36746
-4.85044
-1.26426
-6.55008
8.26419
8.32319
8.38573
8.45101
8.51932
8.59071
8.66532
8.74324
8.82457
8.90936
8.99768
9.08954
9.18498
9.28397
9.38653
9.49261
9.60219
9.71519
9.8316
9.9513
10.0742
10.2002
10.329
10.4605
10.5944
10.7304
10.8679
11.0066
11.146
11.2854
11.4244
11.5621
11.6981
11.8316
11.9619
12.0883
12.2099
12.3259
12.4354
12.5375
12.6311
12.7153
12.7891
12.8515
12.9016
12.9385
12.9613
12.9695
12.9622
12.9388
12.8988
12.8418
12.7672
12.6749
12.5645
12.4359
12.2891
12.1241
11.9412
11.741
11.5242
11.2919
11.0453
10.7859
10.5155
10.2353
9.94923
9.69707
9.47285
9.2363
8.98753
8.72993
8.46046
8.208
7.88124
7.79404
7.05831
8.09364
4.82999
11.5013
7.23606
7.16895
7.09754
7.02389
6.94622
6.86389
6.77722
6.68643
6.5916
6.49338
6.39302
6.29172
6.18969
6.08565
5.97733
5.86229
5.73781
5.60098
5.44995
5.28454
5.10558
4.9142
4.7114
4.49754
4.2722
4.03465
3.78434
3.52097
3.24442
2.95461
2.65154
2.33529
2.00592
1.66361
1.3087
0.941665
0.563168
0.174079
-0.224517
-0.631309
-1.0448
-1.46321
-1.88455
-2.30654
-2.72679
-3.14258
-3.55107
-3.9492
-4.33389
-4.70196
-5.05035
-5.376
-5.6761
-5.94797
-6.18937
-6.39814
-6.5726
-6.71147
-6.81389
-6.8794
-6.90799
-6.90004
-6.85647
-6.77848
-6.66768
-6.52624
-6.35539
-6.18593
-6.01241
-5.83211
-5.59852
-5.4007
-5.06079
-4.93221
-4.33757
-4.5632
-3.24306
-4.67727
-1.22387
-6.3622
7.29141
7.34346
7.39858
7.45621
7.51655
7.57962
7.64558
7.7145
7.78651
7.8617
7.9402
8.02204
8.10733
8.19606
8.28828
8.384
8.48321
8.58588
8.69201
8.80154
8.91443
9.03057
9.14991
9.27227
9.39751
9.52536
9.65556
9.78778
9.92166
10.0567
10.1926
10.3286
10.4644
10.5994
10.7328
10.8642
10.9927
11.1176
11.2381
11.3532
11.4619
11.5632
11.6562
11.7397
11.8127
11.8743
11.9236
11.9595
11.9815
11.9886
11.9803
11.9559
11.9149
11.8568
11.7814
11.6883
11.5773
11.4483
11.3014
11.1368
10.9551
10.7572
10.5441
10.3171
10.0781
9.82801
9.5706
9.34185
9.1373
8.92047
8.69142
8.45316
8.20343
7.96766
7.6647
7.57899
6.89426
7.86714
4.74604
11.2181
6.41157
6.3541
6.29296
6.22982
6.16321
6.09247
6.01781
5.93938
5.85719
5.77124
5.68183
5.58986
5.49642
5.40208
5.30624
5.2072
5.10294
4.9913
4.86969
4.73602
4.58964
4.43098
4.26088
4.08022
3.88946
3.68837
3.47637
3.25304
3.01822
2.77184
2.51385
2.24421
1.96286
1.66982
1.36525
1.04941
0.722768
0.385916
0.0396532
-0.315076
-0.67714
-1.04525
-1.41787
-1.79328
-2.16952
-2.54444
-2.91565
-3.28063
-3.63666
-3.98097
-4.31069
-4.62301
-4.91514
-5.18454
-5.42865
-5.64529
-5.83252
-5.98875
-6.11267
-6.20334
-6.26022
-6.28317
-6.27252
-6.22896
-6.1535
-6.04788
-5.9128
-5.77417
-5.6279
-5.47519
-5.27083
-5.10053
-4.79284
-4.6868
-4.13327
-4.3626
-3.11074
-4.49763
-1.17577
-6.16986
6.45936
6.50483
6.55308
6.6038
6.65705
6.71291
6.77138
6.83258
6.89656
6.96344
7.03331
7.10627
7.18239
7.26178
7.34447
7.43053
7.51997
7.61282
7.70908
7.80877
7.91184
8.0183
8.12804
8.24105
8.35717
8.47629
8.59817
8.72261
8.8493
8.97792
9.10805
9.23934
9.37131
9.50353
9.63548
9.76664
9.8964
10.0241
10.1491
10.2704
10.3873
10.4988
10.6039
10.7015
10.7906
10.8702
10.9392
10.9967
11.0418
11.0736
11.0914
11.0943
11.0818
11.0533
11.0084
10.9466
10.8677
10.7713
10.6573
10.5258
10.3771
10.2117
10.0305
9.83478
9.62594
9.40518
9.17588
8.97025
8.78524
8.58812
8.37879
8.15995
7.93002
7.71104
7.43204
7.34772
6.71501
7.62521
4.64959
10.9226
5.70909
5.6597
5.60709
5.55267
5.49524
5.43429
5.36989
5.30211
5.23094
5.15633
5.07806
4.99604
4.91078
4.82342
4.73509
4.64598
4.55498
4.46029
4.35991
4.25139
4.13245
4.00202
3.86022
3.70769
3.54529
3.37369
3.19296
3.00274
2.80269
2.5926
2.37238
2.14194
1.90112
1.64982
1.38809
1.11606
0.834004
0.54234
0.241599
-0.0675316
-0.384252
-0.707581
-1.03638
-1.36928
-1.70477
-2.04111
-2.3764
-2.70849
-3.03514
-3.35389
-3.66226
-3.95763
-4.2375
-4.49922
-4.74045
-4.9589
-5.15256
-5.31959
-5.45843
-5.56776
-5.64668
-5.69459
-5.71135
-5.69717
-5.65246
-5.57867
-5.47584
-5.36543
-5.24436
-5.11736
-4.94057
-4.79625
-4.51974
-4.43498
-3.92205
-4.15449
-2.97063
-4.31089
-1.12084
-5.97213
5.7504
5.78993
5.83188
5.87606
5.92262
5.9716
6.0231
6.07712
6.13377
6.19308
6.25514
6.32
6.38778
6.45854
6.53237
6.60931
6.68946
6.77282
6.85947
6.9494
7.04266
7.13923
7.23914
7.34233
7.44877
7.55836
7.67101
7.78651
7.90471
8.02531
8.14804
8.27254
8.3985
8.52548
8.65312
8.78091
8.90842
9.03505
9.16023
9.28326
9.40338
9.51972
9.63138
9.7374
9.83679
9.92849
10.0115
10.0848
10.1474
10.1983
10.2368
10.2618
10.2728
10.2691
10.2501
10.2154
10.1645
10.097
10.0127
9.91128
9.79292
9.65786
9.50673
9.34051
9.16057
8.96793
8.76586
8.58278
8.41698
8.23932
8.04962
7.85016
7.64004
7.43782
7.18286
7.10003
6.52007
7.3673
4.54134
10.6118
5.11548
5.07236
5.02633
4.97866
4.92845
4.87531
4.81924
4.76018
4.69796
4.63241
4.56337
4.49061
4.41401
4.3341
4.2522
4.16975
4.08724
4.00379
3.9176
3.82667
3.72877
3.62164
3.50406
3.37599
3.23799
3.09092
2.93561
2.77238
2.60102
2.42112
2.2324
2.0347
1.82785
1.61169
1.3862
1.15143
0.907533
0.65477
0.393504
0.124174
-0.152631
-0.436227
-0.725727
-1.02011
-1.31817
-1.61857
-1.91973
-2.21997
-2.51738
-2.80994
-3.09543
-3.37161
-3.63607
-3.88647
-4.12052
-4.33605
-4.53095
-4.7033
-4.85137
-4.97366
-5.06897
-5.13637
-5.17531
-5.18555
-5.16714
-5.12106
-5.04689
-4.96182
-4.86379
-4.76032
-4.60933
-4.48911
-4.24244
-4.1775
-3.70447
-3.9389
-2.82329
-4.11646
-1.06048
-5.7669
5.15168
5.18635
5.22289
5.26122
5.30151
5.34388
5.38846
5.43536
5.48463
5.53639
5.59068
5.6476
5.7072
5.76958
5.83477
5.9029
5.974
6.04815
6.12538
6.20577
6.28932
6.3761
6.46611
6.55937
6.65587
6.75559
6.85842
6.96432
7.07311
7.18463
7.29863
7.41489
7.53309
7.65294
7.77407
7.89615
8.01873
8.1414
8.26361
8.38484
8.5044
8.62157
8.73554
8.84547
8.95041
9.04939
9.1414
9.22543
9.30047
9.36554
9.41968
9.46202
9.49175
9.50816
9.51061
9.49858
9.47152
9.42902
9.37063
9.29609
9.20517
9.09792
8.97462
8.8361
8.68338
8.51749
8.34139
8.18004
8.03285
7.87424
7.70384
7.52357
7.33309
7.14772
6.91668
6.83558
6.30902
7.0924
4.42252
10.2807
4.59337
4.5556
4.51548
4.47409
4.43071
4.38493
4.33669
4.28582
4.23201
4.17496
4.1145
4.05063
3.98344
3.91309
3.84001
3.7651
3.68934
3.61316
3.53592
3.45609
3.37196
3.28174
3.18354
3.07612
2.9594
2.83392
2.70042
2.55966
2.41201
2.25731
2.09509
1.92502
1.74687
1.56052
1.36591
1.16303
0.95191
0.732698
0.505603
0.270944
0.0291005
-0.219403
-0.473935
-0.733674
-0.997725
-1.265
-1.5343
-1.80423
-2.07328
-2.33973
-2.60177
-2.85738
-3.10451
-3.341
-3.56477
-3.77365
-3.96564
-4.13879
-4.29132
-4.4216
-4.52827
-4.61016
-4.66633
-4.69642
-4.69986
-4.67742
-4.62813
-4.56554
-4.48812
-4.40591
-4.27862
-4.18047
-3.96207
-3.91508
-3.48139
-3.71569
-2.66976
-3.91276
-0.996506
-5.55085
4.62544
4.65641
4.689
4.72309
4.75879
4.79618
4.83542
4.87661
4.9199
4.96536
5.01313
5.06326
5.11585
5.17094
5.22864
5.28899
5.3521
5.41798
5.48672
5.55838
5.63301
5.71065
5.79135
5.87515
5.96207
6.05211
6.14526
6.24145
6.34063
6.44264
6.54736
6.65454
6.76403
6.87552
6.98877
7.10344
7.21924
7.33577
7.45265
7.5694
7.68549
7.80029
7.91315
8.02329
8.12988
8.23203
8.3288
8.4192
8.50224
8.57694
8.6423
8.69743
8.74144
8.77357
8.79314
8.79952
8.79218
8.77064
8.73445
8.68319
8.61649
8.53414
8.43626
8.32322
8.19593
8.05509
7.90358
7.76284
7.63345
7.49317
7.34151
7.18004
7.0089
6.84026
6.63292
6.55385
6.08175
6.7984
4.29589
9.92312
4.1291
4.09662
4.06231
4.02702
3.99006
3.95105
3.90983
3.86623
3.81994
3.77072
3.71841
3.66304
3.60483
3.544
3.4806
3.41454
3.34595
3.27542
3.20358
3.13049
3.05534
2.97684
2.89347
2.80322
2.7045
2.59725
2.48247
2.36115
2.23384
2.10055
1.96094
1.81454
1.66108
1.50037
1.33235
1.15693
0.974135
0.783975
0.586598
0.382177
0.171013
-0.0465522
-0.27
-0.498753
-0.732072
-0.969164
-1.20904
-1.45064
-1.69268
-1.93386
-2.17257
-2.4072
-2.63591
-2.85686
-3.06806
-3.2676
-3.45347
-3.62383
-3.77687
-3.91097
-4.02465
-4.11652
-4.1856
-4.23108
-4.25228
-4.24941
-4.22135
-4.17819
-4.11902
-4.05556
-3.94985
-3.87135
-3.67992
-3.64804
-3.25422
-3.48393
-2.51255
-3.69617
-0.933054
-5.31806
4.15699
4.18437
4.2134
4.24393
4.27597
4.30954
4.34468
4.3815
4.42009
4.46056
4.50301
4.54755
4.59425
4.64323
4.69453
4.74824
4.80441
4.86312
4.92441
4.98837
5.05502
5.12446
5.1967
5.27184
5.34988
5.43088
5.51484
5.60176
5.69158
5.78425
5.87963
5.97761
6.07801
6.18065
6.28527
6.39166
6.49954
6.60863
6.71859
6.82906
6.9396
7.04972
7.15884
7.26632
7.37145
7.47342
7.57139
7.66445
7.75166
7.83206
7.90468
7.96858
8.02286
8.06671
8.09939
8.1202
8.12867
8.12424
8.10643
8.07482
8.02894
7.96843
7.89313
7.80328
7.69927
7.58176
7.45316
7.33189
7.2193
7.09645
6.96269
6.81937
6.667
6.51503
6.33103
6.2538
5.83889
6.48117
4.16831
9.52703
3.7443
3.71706
3.68842
3.65903
3.62817
3.59535
3.56037
3.52302
3.48316
3.44067
3.39557
3.34792
3.29786
3.2454
3.19004
3.13043
3.06469
2.99143
2.91085
2.82487
2.73634
2.64827
2.56366
2.48506
2.41247
2.34152
2.26486
2.17594
2.07229
1.95615
1.83193
1.70291
1.56969
1.43122
1.2863
1.13443
0.975642
0.810233
0.638391
0.460266
0.275976
0.085763
-0.110054
-0.310991
-0.516569
-0.726113
-0.938922
-1.15412
-1.37071
-1.58762
-1.80357
-2.01715
-2.22688
-2.43111
-2.62813
-2.81613
-2.9933
-3.15787
-3.30807
-3.44237
-3.55912
-3.65705
-3.73486
-3.79167
-3.82642
-3.83927
-3.82867
-3.80186
-3.75842
-3.71106
-3.62485
-3.56293
-3.39779
-3.3764
-3.0254
-3.2416
-2.3555
-3.46256
-0.876923
-5.06255
3.76778
3.79108
3.81609
3.84268
3.87083
3.90047
3.93161
3.96424
3.99841
4.03417
4.07161
4.11082
4.1519
4.19494
4.24003
4.28723
4.33664
4.38831
4.4423
4.49867
4.55748
4.61877
4.68264
4.74912
4.8183
4.8902
4.96487
5.04231
5.12258
5.20562
5.29135
5.37967
5.47048
5.56364
5.65896
5.7562
5.8552
5.95574
6.05753
6.16026
6.26361
6.36714
6.47042
6.57292
6.67399
6.77298
6.86911
6.96158
7.04955
7.13211
7.20833
7.27732
7.3381
7.38989
7.43192
7.46346
7.48395
7.49291
7.48974
7.47408
7.44549
7.4034
7.34765
7.27815
7.19511
7.0988
6.99137
6.88815
6.79132
6.68469
6.56779
6.44171
6.30731
6.17145
6.01058
5.93372
5.58228
6.13469
4.04899
9.08382
3.27341
3.25104
3.2271
3.20216
3.17577
3.14755
3.11731
3.08486
3.05012
3.01315
2.97399
2.93265
2.8891
2.84321
2.79488
2.74413
2.69089
2.63504
2.57656
2.51597
2.45416
2.3918
2.32845
2.26271
2.19326
2.11988
2.04285
1.96173
1.87548
1.78319
1.68443
1.57951
1.46894
1.35306
1.23178
1.10498
0.972477
0.834265
0.690324
0.540803
0.385794
0.225472
0.05996
-0.110458
-0.285524
-0.464746
-0.647651
-0.833589
-1.02186
-1.2116
-1.4019
-1.59161
-1.7796
-1.96448
-2.14483
-2.31903
-2.48554
-2.64268
-2.78884
-2.92238
-3.04179
-3.14559
-3.23247
-3.30124
-3.35072
-3.38069
-3.3896
-3.38067
-3.35557
-3.32534
-3.26315
-3.21705
-3.08699
-3.06981
-2.77938
-2.964
-2.19677
-3.19215
-0.837216
-4.77635
3.29246
3.3112
3.3313
3.35279
3.37576
3.40019
3.42611
3.45353
3.48241
3.5128
3.54472
3.5782
3.6133
3.65012
3.68871
3.72912
3.77148
3.81581
3.86219
3.91065
3.96126
4.0141
4.0692
4.1266
4.18638
4.2486
4.3133
4.38052
4.45028
4.52264
4.59753
4.67489
4.7547
4.83691
4.92133
5.00783
5.0963
5.18662
5.27853
5.37182
5.46624
5.56145
5.65717
5.75296
5.84829
5.94269
6.03549
6.12599
6.21353
6.29726
6.37637
6.45006
6.51734
6.57744
6.62961
6.67308
6.70711
6.73125
6.74484
6.74749
6.7387
6.71804
6.68512
6.63972
6.5817
6.5112
6.42961
6.34877
6.27143
6.18505
6.08914
5.98471
5.87279
5.75745
5.62695
5.54905
5.28645
5.71045
3.94171
8.54153
2.78091
2.76345
2.74444
2.72431
2.70285
2.67992
2.6555
2.62949
2.60182
2.57251
2.54165
2.50926
2.47535
2.43988
2.40296
2.36509
2.32695
2.28918
2.25169
2.21361
2.17344
2.12977
2.08142
2.02779
1.96845
1.90367
1.83464
1.76345
1.69156
1.61861
1.54256
1.4613
1.37386
1.28076
1.18275
1.08016
0.972796
0.860543
0.743358
0.621394
0.49463
0.363166
0.226962
0.086161
-0.0591136
-0.208558
-0.36186
-0.518587
-0.678288
-0.84033
-1.00409
-1.16875
-1.33344
-1.49706
-1.65855
-1.81656
-1.96979
-2.11675
-2.25602
-2.38604
-2.50535
-2.61245
-2.70597
-2.78461
-2.84705
-2.89278
-2.92009
-2.92906
-2.92148
-2.90989
-2.86985
-2.84474
-2.74316
-2.74511
-2.49462
-2.68636
-1.98449
-2.95438
-0.723769
-4.59103
2.79573
2.81009
2.82522
2.84125
2.8583
2.87651
2.89597
2.91678
2.93895
2.96255
2.98759
3.01408
3.04209
3.07167
3.10282
3.13563
3.17016
3.20645
3.24457
3.28455
3.32642
3.37029
3.41615
3.46403
3.514
3.56613
3.62047
3.67704
3.73587
3.79701
3.86044
3.92615
3.99416
4.06442
4.13682
4.21132
4.28783
4.36629
4.44653
4.52846
4.61187
4.69661
4.78244
4.86904
4.95609
5.04322
5.1299
5.2156
5.29977
5.38176
5.46083
5.53633
5.60739
5.67327
5.73322
5.7865
5.83235
5.87022
5.89944
5.91958
5.93017
5.93076
5.92093
5.90028
5.86851
5.82547
5.77216
5.71602
5.6605
5.59695
5.52495
5.44523
5.35915
5.26917
5.17063
5.10621
4.91223
5.28788
3.6883
8.18962
2.40536
2.39095
2.37527
2.35861
2.34076
2.32176
2.30176
2.28093
2.25916
2.23634
2.21234
2.18715
2.16066
2.1328
2.10334
2.07225
2.03942
2.00493
1.96873
1.93053
1.88966
1.84552
1.79803
1.74814
1.69721
1.64659
1.59637
1.5455
1.49248
1.43641
1.37693
1.31371
1.24601
1.17314
1.0949
1.0118
0.924435
0.833148
0.737885
0.638619
0.535206
0.427656
0.315848
0.199872
0.0797526
-0.044301
-0.172113
-0.30336
-0.437735
-0.574767
-0.714019
-0.854885
-0.996728
-1.13871
-1.28004
-1.41963
-1.55645
-1.68926
-1.81684
-1.9378
-2.05081
-2.15447
-2.24747
-2.32854
-2.39639
-2.45033
-2.48865
-2.50933
-2.514
-2.5158
-2.49262
-2.4839
-2.40524
-2.42407
-2.20603
-2.40859
-1.75881
-2.72105
-0.587567
-4.41601
2.41795
2.43016
2.44273
2.45573
2.4692
2.48332
2.49814
2.51384
2.53049
2.54823
2.56706
2.5871
2.60837
2.63098
2.65491
2.68029
2.70713
2.73554
2.76555
2.79721
2.83054
2.86564
2.90252
2.94125
2.98184
3.02435
3.06881
3.1153
3.16378
3.21432
3.26691
3.32152
3.37816
3.43682
3.49738
3.55984
3.62415
3.69024
3.75804
3.8275
3.89852
3.97102
4.04481
4.11975
4.19562
4.27217
4.34898
4.42571
4.50191
4.57714
4.65072
4.72217
4.79078
4.85588
4.91679
4.97283
5.02324
5.0675
5.10493
5.13511
5.15761
5.17197
5.17782
5.17478
5.16245
5.14061
5.10982
5.07411
5.03689
4.99295
4.94162
4.88381
4.82071
4.75429
4.68466
4.63605
4.50329
4.85287
3.39328
7.84438
2.05148
2.03878
2.02605
2.01331
1.99988
1.98548
1.97025
1.95445
1.93809
1.92097
1.90286
1.88365
1.86333
1.84185
1.81906
1.79483
1.76899
1.7415
1.71232
1.68151
1.64904
1.61464
1.57775
1.53801
1.49552
1.45118
1.40611
1.3611
1.31597
1.26961
1.22079
1.16895
1.1139
1.05536
0.992589
0.925098
0.85304
0.777291
0.698465
0.616739
0.53183
0.443558
0.351686
0.256185
0.156992
0.0542588
-0.0518853
-0.161159
-0.273333
-0.388051
-0.504999
-0.623745
-0.743844
-0.864656
-0.985622
-1.10589
-1.22469
-1.34101
-1.45388
-1.56208
-1.66449
-1.75988
-1.84708
-1.92493
-1.99225
-2.04834
-2.09152
-2.11862
-2.13088
-2.14147
-2.13038
-2.13353
-2.07344
-2.10467
-1.91616
-2.12468
-1.5275
-2.4743
-0.446357
-4.20625
2.06338
2.07545
2.08814
2.10132
2.11494
2.12899
2.14346
2.1584
2.1739
2.19001
2.20681
2.22432
2.24263
2.26176
2.28176
2.30268
2.32456
2.34746
2.37145
2.39657
2.42289
2.45046
2.47935
2.50961
2.54132
2.57451
2.60926
2.64566
2.68373
2.72354
2.76514
2.8085
2.85366
2.90061
2.94925
2.99963
3.05166
3.10532
3.16054
3.21735
3.27564
3.33542
3.39657
3.45906
3.52271
3.58741
3.65285
3.71881
3.78492
3.85088
3.91617
3.9804
4.04301
4.10344
4.1611
4.21539
4.2656
4.31125
4.35169
4.38649
4.41522
4.43753
4.45307
4.46162
4.46276
4.45625
4.44253
4.42283
4.40051
4.37271
4.33895
4.29989
4.25686
4.2115
4.16774
4.13479
4.05889
4.3834
3.07419
7.40975
1.75059
1.73927
1.72819
1.71755
1.70674
1.69518
1.68268
1.66943
1.65562
1.64121
1.62602
1.60993
1.59295
1.57511
1.55632
1.53645
1.51532
1.49282
1.4689
1.44355
1.41682
1.3888
1.35946
1.32845
1.29515
1.25922
1.22088
1.18098
1.14054
1.10015
1.0594
1.01725
0.972625
0.925114
0.874545
0.82075
0.763281
0.702055
0.637526
0.5705
0.501239
0.42958
0.355036
0.277362
0.196389
0.112276
0.0251851
-0.0645669
-0.156806
-0.251246
-0.347719
-0.445893
-0.545494
-0.646027
-0.747097
-0.848067
-0.948366
-1.04721
-1.14384
-1.23729
-1.32661
-1.41079
-1.48883
-1.55974
-1.62245
-1.67636
-1.71986
-1.74932
-1.76562
-1.78125
-1.77843
-1.78962
-1.74414
-1.78424
-1.62152
-1.83269
-1.28532
-2.21184
-0.292557
-3.96236
1.76115
1.77181
1.78305
1.79473
1.80684
1.81924
1.83195
1.84488
1.85811
1.87165
1.88559
1.89996
1.91484
1.93025
1.94625
1.96284
1.98008
1.99794
2.01649
2.03576
2.05581
2.07662
2.09828
2.12081
2.14429
2.16877
2.1943
2.221
2.24891
2.27816
2.30876
2.34082
2.37437
2.40946
2.44604
2.48418
2.52383
2.56501
2.60766
2.65185
2.69747
2.74463
2.79323
2.84332
2.89474
2.9475
3.00139
3.05626
3.11178
3.16778
3.22383
3.27964
3.33477
3.38873
3.44105
3.49124
3.53864
3.5828
3.62311
3.65914
3.69045
3.71674
3.73772
3.75328
3.76315
3.76722
3.76571
3.75817
3.74738
3.73263
3.71322
3.68996
3.66376
3.6368
3.61474
3.59628
3.56995
3.86913
2.70823
6.89429
1.47479
1.46687
1.45819
1.44925
1.4402
1.43075
1.4203
1.40888
1.39667
1.38393
1.37057
1.35659
1.34184
1.32641
1.31019
1.29318
1.2751
1.25594
1.23558
1.21413
1.19148
1.16776
1.14294
1.1172
1.0903
1.06188
1.03121
0.998183
0.96319
0.927256
0.891161
0.85528
0.818951
0.781288
0.741437
0.699194
0.654425
0.607024
0.556642
0.50341
0.447736
0.390069
0.330202
0.267846
0.202726
0.135017
0.0649332
-0.00716499
-0.0811418
-0.156793
-0.234087
-0.312779
-0.392711
-0.473498
-0.55487
-0.636381
-0.717642
-0.798084
-0.877175
-0.954176
-1.02838
-1.09895
-1.1651
-1.226
-1.28077
-1.3289
-1.36897
-1.3974
-1.4146
-1.43207
-1.43398
-1.44985
-1.41524
-1.46098
-1.32003
-1.53118
-1.02845
-1.9313
-0.117833
-3.68058
1.48199
1.48894
1.49627
1.50397
1.51204
1.52046
1.52911
1.53793
1.54685
1.5559
1.56503
1.57436
1.5839
1.5938
1.60407
1.61484
1.62608
1.6379
1.65027
1.66328
1.67688
1.69116
1.70609
1.72175
1.73811
1.75527
1.77319
1.79202
1.81174
1.8325
1.85427
1.87722
1.90133
1.92673
1.95335
1.98133
2.0106
2.04126
2.07321
2.10661
2.1413
2.17749
2.21507
2.25414
2.2946
2.33651
2.37971
2.42414
2.46951
2.51575
2.56244
2.60942
2.65631
2.70275
2.74833
2.79269
2.83527
2.87565
2.91326
2.94773
2.97859
3.00556
3.02842
3.04714
3.06158
3.07181
3.07806
3.07872
3.07622
3.071
3.06264
3.0516
3.0389
3.02668
3.02175
3.01495
3.02953
3.3024
2.27753
6.29677
1.08173
1.07886
1.07436
1.0685
1.06232
1.05614
1.04943
1.04195
1.03367
1.02486
1.01546
1.00546
0.994614
0.982966
0.970431
0.957101
0.942834
0.927698
0.911592
0.894643
0.876761
0.858047
0.838369
0.817811
0.79633
0.774066
0.750717
0.725929
0.699185
0.670745
0.641244
0.61176
0.58281
0.55452
0.526174
0.497115
0.466818
0.435282
0.402292
0.367584
0.330672
0.291653
0.250677
0.207847
0.162814
0.115504
0.0659103
0.0143304
-0.0391486
-0.0943579
-0.151308
-0.209791
-0.269658
-0.330554
-0.392237
-0.45432
-0.516519
-0.57837
-0.639492
-0.699312
-0.75731
-0.812822
-0.865261
-0.913986
-0.958273
-0.997767
-1.03129
-1.0558
-1.07123
-1.08771
-1.09135
-1.1088
-1.08166
-1.12999
-1.00686
-1.21495
-0.751999
-1.62365
0.0806328
-3.32115
1.0835
1.08497
1.08679
1.08904
1.09179
1.09514
1.09903
1.10344
1.10822
1.11332
1.11859
1.12405
1.12964
1.13544
1.14148
1.14788
1.15467
1.16201
1.16989
1.17845
1.18763
1.19759
1.20827
1.21976
1.23202
1.24515
1.2591
1.27398
1.28975
1.30654
1.32428
1.3431
1.36297
1.38398
1.40605
1.42931
1.45365
1.47916
1.50572
1.53348
1.5623
1.59233
1.62347
1.65584
1.68937
1.72413
1.75998
1.79691
1.83468
1.87321
1.91218
1.95148
1.99077
2.02983
2.06834
2.10605
2.14252
2.17747
2.21039
2.24099
2.2688
2.2936
2.31525
2.33373
2.34902
2.36138
2.37107
2.37614
2.37855
2.37956
2.37857
2.37626
2.37288
2.37115
2.37709
2.37639
2.41959
2.66401
1.75178
5.55945
0.766658
0.77395
0.778741
0.780785
0.781707
0.782366
0.782448
0.781637
0.779699
0.776952
0.773441
0.769275
0.764142
0.758163
0.751192
0.74344
0.734789
0.725447
0.715246
0.704361
0.692641
0.680228
0.666891
0.652709
0.637472
0.621322
0.604204
0.586343
0.567382
0.547042
0.524963
0.501653
0.477706
0.453854
0.430098
0.406151
0.381246
0.354949
0.327002
0.297509
0.266361
0.233475
0.198899
0.163295
0.127184
0.0907903
0.0538866
0.0163762
-0.0218876
-0.0608866
-0.100681
-0.141148
-0.182251
-0.223815
-0.265791
-0.307991
-0.35031
-0.392463
-0.434256
-0.475331
-0.515371
-0.553922
-0.590595
-0.624924
-0.656375
-0.684722
-0.70906
-0.727357
-0.738732
-0.751839
-0.754434
-0.770823
-0.747848
-0.796138
-0.686503
-0.888333
-0.460343
-1.2863
0.29503
-2.8373
0.758402
0.750047
0.742322
0.735294
0.728951
0.723549
0.719059
0.715697
0.713325
0.711996
0.711455
0.711714
0.712525
0.713915
0.715684
0.717945
0.720612
0.723877
0.727647
0.732114
0.737212
0.743128
0.749785
0.757292
0.765569
0.774753
0.784754
0.795689
0.807481
0.820262
0.833931
0.848622
0.864249
0.880894
0.898468
0.917059
0.936558
0.956981
0.978223
1.00037
1.0233
1.0471
1.0717
1.09723
1.12361
1.15091
1.17903
1.20797
1.23755
1.26766
1.29807
1.32865
1.35912
1.38935
1.41909
1.44817
1.4763
1.50333
1.52887
1.55273
1.57451
1.59404
1.61123
1.62607
1.63866
1.64938
1.65855
1.66463
1.66854
1.67171
1.674
1.67571
1.67721
1.68129
1.69316
1.69355
1.75218
1.96583
1.14231
4.61808
-0.0867584
-0.0774899
-0.0700225
-0.0652196
-0.062214
-0.0598698
-0.0577486
-0.0560708
-0.0551262
-0.054963
-0.0554327
-0.0565301
-0.0583052
-0.0608469
-0.064067
-0.0679485
-0.0723877
-0.0773848
-0.0829069
-0.0890281
-0.0957645
-0.1032
-0.111398
-0.120479
-0.13051
-0.14161
-0.153844
-0.167225
-0.18176
-0.197498
-0.214544
-0.232712
-0.250501
-0.264585
-0.270543
-0.264393
-0.243926
-0.209327
-0.163017
-0.109383
-0.0545838
-0.00569755
0.0311527
0.0530299
0.0612675
0.0600357
0.0533446
0.0432335
0.0300907
0.0139148
-0.00505413
-0.0263419
-0.0495022
-0.0741104
-0.0997803
-0.126072
-0.152635
-0.17909
-0.205211
-0.230688
-0.255318
-0.278778
-0.300884
-0.321358
-0.339927
-0.356549
-0.370636
-0.381285
-0.387526
-0.39604
-0.396242
-0.409917
-0.389615
-0.434589
-0.339666
-0.521554
-0.153203
-0.853664
0.451431
-1.98456
-0.0963017
-0.105161
-0.112909
-0.119693
-0.125477
-0.130254
-0.133877
-0.13623
-0.137142
-0.136559
-0.13441
-0.130748
-0.125627
-0.11922
-0.111642
-0.103042
-0.0934707
-0.0829939
-0.071613
-0.0593219
-0.0460325
-0.0317245
-0.0163559
6.05841e-05
0.017557
0.0360924
0.0556581
0.0761926
0.0976641
0.120023
0.143204
0.167162
0.191807
0.217061
0.242823
0.269002
0.295454
0.322044
0.348639
0.375138
0.401407
0.42741
0.4531
0.478493
0.503564
0.528384
0.552913
0.577184
0.60112
0.62468
0.647748
0.670244
0.692036
0.713081
0.733287
0.752644
0.771054
0.788548
0.80494
0.820151
0.833955
0.846266
0.857008
0.866177
0.873896
0.880544
0.886464
0.890431
0.893617
0.897233
0.900943
0.904918
0.908077
0.912122
0.919517
0.906198
0.945921
1.12105
0.385031
3.16395
0.384335
0.395316
0.406088
0.416387
0.426148
0.435612
0.445308
0.45513
0.464937
0.474455
0.483847
0.493052
0.502207
0.511135
0.51995
0.528509
0.536959
0.545146
0.553164
0.560822
0.56821
0.575161
0.581823
0.58806
0.594065
0.599785
0.605604
0.611972
0.620126
0.631674
0.648809
0.672568
0.701732
0.731248
0.753159
0.758061
0.737714
0.686459
0.603126
0.492154
0.364623
0.236699
0.125244
0.0413329
-0.0136879
-0.0467505
-0.0671799
-0.0813624
-0.0916812
-0.0983571
-0.101702
-0.10247
-0.101743
-0.100184
-0.0983788
-0.0966003
-0.0952926
-0.0945746
-0.0946702
-0.0954616
-0.0969698
-0.0989722
-0.101403
-0.104052
-0.106766
-0.109571
-0.11217
-0.115101
-0.115348
-0.117827
-0.114715
-0.122531
-0.106539
-0.138017
-0.073747
-0.192563
0.0354428
-0.36548
0.370292
-0.858732
0.373194
0.362231
0.351512
0.340931
0.330529
0.320154
0.309877
0.29958
0.289461
0.27951
0.269989
0.260895
0.252458
0.244592
0.237398
0.230671
0.22442
0.218416
0.212667
0.206973
0.201439
0.195964
0.190693
0.185584
0.180819
0.176367
0.172396
0.168875
0.165937
0.163542
0.161805
0.160684
0.16026
0.160469
0.161361
0.162845
0.16492
0.167453
0.170408
0.173645
0.177116
0.180726
0.184471
0.188315
0.192294
0.196436
0.200767
0.205309
0.210035
0.21493
0.219902
0.224886
0.229752
0.234454
0.238876
0.243029
0.246838
0.250381
0.25355
0.256379
0.258751
0.260667
0.262071
0.26301
0.263626
0.264103
0.264754
0.266478
0.266182
0.264933
0.262908
0.260749
0.259203
0.261832
0.272743
0.275931
0.309437
0.401912
0.0142166
1.32002
)
;

boundaryField
{
    inlet
    {
        type            freestreamPressure;
        freestreamValue uniform 0;
        supersonic      0;
        value           nonuniform List<scalar> 
134
(
0.773775
0.0802984
-0.64308
-1.27019
-1.72244
-1.99781
-2.04354
-1.8556
-1.43884
-0.673823
-0.12391
-0.199334
-0.333234
-0.460039
-0.588604
-0.723354
-0.86545
-1.01561
-1.1759
-1.35008
1.45109
-1.54331
-1.75829
-1.98509
-2.19836
-2.35263
-2.42752
-2.55962
-2.56246
-2.61225
-3.11896
-2.86799
-2.87834
-2.93335
-2.97437
-2.99462
-3.01376
-3.06366
-3.19009
-3.34279
2.08906
2.74614
3.3028
3.60876
3.55353
2.9465
1.59077
-3.68753
-3.61036
-3.48681
-3.40587
-3.34591
-3.27903
-3.20339
-3.12563
-3.04783
-2.96912
-2.88844
-2.80582
-2.72122
-2.63422
-2.54387
-2.44872
-2.34615
-2.23352
-2.10726
-2.0255
-1.94824
-1.85559
-1.74782
-1.62328
-1.46445
-1.2507
-0.87448
-0.378167
0.551371
1.21751
1.95435
2.68107
3.38656
4.0548
4.62145
5.05448
5.36421
5.56099
5.67143
5.72539
5.74878
5.76261
5.79746
5.90246
6.09656
6.30812
6.48144
6.62329
6.74585
6.85145
6.93626
6.99838
7.03898
7.06182
7.07575
7.09877
7.17647
7.37806
7.81841
8.0058
7.81897
7.60286
7.46352
7.34907
7.21921
7.07702
6.93294
6.78807
6.6397
6.48603
6.32647
6.15998
5.98492
5.79842
5.59704
5.37397
5.12434
4.81884
4.62082
4.4267
4.18223
3.89221
3.55591
3.14064
2.60999
1.78898
0.746946
)
;
    }
    outlet
    {
        type            freestreamPressure;
        freestreamValue uniform 0;
        supersonic      0;
        value           nonuniform List<scalar> 
160
(
0.00117489
0.00114315
0.00120645
0.00111157
0.00123702
0.00108028
0.00126605
0.00104903
0.00129341
0.001018
0.00131985
0.000986754
0.00134688
0.000955566
0.00137416
0.000924119
0.00140129
0.00089306
0.00142748
0.000862395
0.00145324
0.000832968
0.00147838
0.000804802
0.00150332
0.000778629
0.00152752
0.0007542
0.00155133
0.000731843
0.00157434
0.000710925
0.00159697
0.000691494
0.00161875
0.000672834
0.00163997
0.00065498
0.00166004
0.000637319
0.00167924
0.000620176
0.00169709
0.000603239
0.00171403
0.000586963
0.0017297
0.00057121
0.00174465
0.000556549
0.00175868
0.00054288
0.00177273
0.000530723
0.00178777
0.000519978
0.001807
0.000511057
0.00183484
0.000503837
0.00187777
0.00049867
0.00193955
0.000495426
0.00201808
0.00049436
0.0021006
0.000495277
0.0021657
0.00049833
0.00218662
0.000503246
0.00213814
0.000510022
0.0020009
0.000518261
0.00176785
0.000527852
0.00144914
0.000538371
0.00107655
0.000549676
0.000699218
0.000561482
0.000369371
0.000573786
0.000121402
0.000586483
-4.04594e-05
0.000599693
-0.000137201
0.000613517
-0.000196802
0.000628047
-0.000238263
0.000643371
-0.000268597
0.00065942
-0.000288383
0.000676174
-0.000298468
0.00069336
-0.000301041
0.000710801
-0.000299262
0.000728106
-0.000295073
0.000745153
-0.00029019
0.000761594
-0.000285407
0.000777482
-0.000282038
0.000792594
-0.000280446
0.000807205
-0.00028131
0.000820984
-0.0002843
0.00083406
-0.000289501
0.000846071
-0.000296271
0.000857031
-0.000304438
0.00086677
-0.000313392
0.000875439
-0.000322696
0.000883514
-0.000332431
0.000891638
-0.000341748
0.000900896
-0.000352017
0.000913289
-0.000354125
0.000918222
-0.000363037
0.000920608
-0.000355416
0.000921025
-0.000380796
0.000921775
-0.000334322
0.000925609
-0.0004324
0.000945447
-0.000236235
0.000997092
-0.000603936
0.00102409
0.00011815
0.00116541
-0.00111497
0.00154136
0.00135938
5.73097e-05
-0.0023066
0.00493786
)
;
    }
    walls
    {
        type            zeroGradient;
    }
    frontAndBack
    {
        type            empty;
    }
}


// ************************************************************************* //
