/*--------------------------------*- C++ -*----------------------------------*\
  =========                 |
  \\      /  F ield         | OpenFOAM: The Open Source CFD Toolbox
   \\    /   O peration     | Website:  https://openfoam.org
    \\  /    A nd           | Version:  7
     \\/     M anipulation  |
\*---------------------------------------------------------------------------*/
FoamFile
{
    version     2.0;
    format      ascii;
    class       volScalarField;
    location    "200";
    object      nuTilda;
}
// * * * * * * * * * * * * * * * * * * * * * * * * * * * * * * * * * * * * * //

dimensions      [0 2 -1 0 0 0 0];

internalField   nonuniform List<scalar> 
10720
(
0.0916269
0.0961479
0.101225
0.10673
0.112979
0.119981
0.127876
0.136525
0.145882
0.155616
0.165256
0.174377
0.182173
0.188188
0.192341
0.194805
0.195785
0.195563
0.194257
0.192061
0.188957
0.185025
0.180306
0.175022
0.169576
0.164246
0.159026
0.153782
0.148418
0.142929
0.137314
0.131542
0.125579
0.119381
0.112773
0.105649
0.0969406
0.0872436
0.0648785
0.0872954
0.0826083
0.0774897
0.0711526
0.0635593
0.0540577
0.0427031
0.0369804
0.0346895
0.0395701
0.0463314
0.0519725
0.0567484
0.0611449
0.065427
0.069676
0.0738693
0.07795
0.0818638
0.0855961
0.0891612
0.0925874
0.0959045
0.0991108
0.102018
0.104405
0.106246
0.107591
0.108499
0.108994
0.109139
0.109063
0.108762
0.108179
0.107224
0.105882
0.1037
0.101142
0.091363
0.100279
0.0998688
0.0991711
0.098207
0.097173
0.0959971
0.09476
0.0935757
0.0925459
0.0925967
0.093704
0.0955994
0.0983515
0.102067
0.106737
0.112208
0.118399
0.125054
0.132025
0.138954
0.145708
0.151857
0.157097
0.160824
0.162568
0.162431
0.160837
0.158116
0.1546
0.150548
0.146154
0.141554
0.136852
0.132141
0.127527
0.123144
0.119155
0.116103
0.110398
0.100699
0.100796
0.101044
0.100808
0.100334
0.0995403
0.0981773
0.095878
0.092955
0.0893037
0.0852339
0.0810954
0.0770259
0.0730656
0.0693503
0.0659457
0.0629042
0.0602469
0.0579899
0.056119
0.0546236
0.053482
0.0526701
0.0521506
0.0518975
0.0518712
0.0520059
0.0522342
0.0525012
0.0529938
0.0547261
0.0576811
0.061139
0.0644811
0.0673947
0.0699403
0.072072
0.0759912
0.0793458
0.121555
0.121388
0.121013
0.120431
0.119756
0.11888
0.117803
0.116582
0.115168
0.11359
0.111905
0.110268
0.10882
0.107669
0.106816
0.106098
0.105539
0.105184
0.104987
0.104369
0.104259
0.104852
0.106334
0.107925
0.113424
0.120259
0.12696
0.132839
0.137627
0.141233
0.143687
0.145116
0.145702
0.145632
0.145089
0.14416
0.143138
0.141242
0.140414
0.121715
0.121659
0.121647
0.121379
0.120917
0.120232
0.119249
0.117934
0.116283
0.114274
0.111902
0.109235
0.106316
0.10316
0.0998629
0.0964669
0.0930354
0.0896139
0.0862553
0.0829737
0.0797976
0.0767234
0.0737621
0.0708217
0.0678533
0.0649195
0.0620604
0.0593175
0.0567198
0.0543101
0.0520908
0.0507118
0.0508449
0.0521245
0.054066
0.0564799
0.0592284
0.0623424
0.0673827
0.128678
0.128574
0.128369
0.128061
0.127687
0.127207
0.126612
0.125926
0.125115
0.124187
0.12314
0.121963
0.120656
0.119227
0.11772
0.116088
0.114227
0.11218
0.109947
0.10751
0.104925
0.102382
0.100083
0.0980379
0.0968077
0.0966563
0.0974577
0.101135
0.107028
0.113859
0.120938
0.127826
0.134223
0.139972
0.145072
0.14956
0.153735
0.156732
0.159436
0.128754
0.128746
0.128729
0.12859
0.128352
0.127987
0.127456
0.126734
0.125815
0.12468
0.123323
0.121758
0.11999
0.118009
0.115847
0.113518
0.111049
0.108466
0.105805
0.103082
0.100326
0.0975442
0.0947332
0.0918099
0.0887095
0.0854786
0.0821469
0.0787512
0.0753242
0.0718999
0.0685006
0.0651648
0.06202
0.0592424
0.0567675
0.0559289
0.0565375
0.0576076
0.0607642
0.132269
0.1322
0.132064
0.131867
0.13163
0.131323
0.130947
0.130511
0.129994
0.129402
0.128731
0.127968
0.127109
0.126144
0.125062
0.123851
0.122483
0.120925
0.11913
0.11708
0.114735
0.112108
0.109234
0.106227
0.103222
0.100699
0.0985371
0.0965618
0.0955975
0.0957654
0.0990314
0.104818
0.112133
0.120505
0.129546
0.138992
0.148802
0.158912
0.168138
0.132318
0.132309
0.132298
0.132205
0.132055
0.131819
0.131477
0.131019
0.130445
0.129745
0.128913
0.127951
0.126857
0.125619
0.124248
0.122741
0.121105
0.119346
0.11748
0.11551
0.11345
0.111301
0.109055
0.106645
0.104012
0.101181
0.0981646
0.0949852
0.0916635
0.0882226
0.0846869
0.0810782
0.0774202
0.0737578
0.0700978
0.0665747
0.0634596
0.060476
0.0596698
0.134324
0.134275
0.134186
0.134054
0.133892
0.133682
0.133427
0.133128
0.132777
0.132373
0.131914
0.131392
0.130803
0.130138
0.129387
0.12854
0.12758
0.126489
0.125233
0.123788
0.122109
0.120166
0.117922
0.115384
0.112641
0.109794
0.106904
0.103929
0.101031
0.0983825
0.0963153
0.0955437
0.0964142
0.101423
0.109236
0.119628
0.132435
0.148712
0.166591
0.134354
0.134347
0.134337
0.134272
0.13417
0.134007
0.133769
0.133454
0.133065
0.132597
0.132043
0.131407
0.130687
0.129871
0.128966
0.127965
0.126869
0.125677
0.124394
0.123017
0.121548
0.119984
0.118312
0.11648
0.114434
0.11218
0.109718
0.107051
0.104187
0.101134
0.097905
0.0945157
0.0909799
0.0873136
0.0835279
0.0795804
0.0754989
0.070886
0.0646494
0.135637
0.135602
0.135537
0.135441
0.135323
0.135172
0.134987
0.134773
0.134521
0.134231
0.133903
0.133529
0.133106
0.13263
0.13209
0.131479
0.130785
0.129994
0.129086
0.128043
0.126833
0.125433
0.12381
0.121945
0.119865
0.117575
0.115064
0.112344
0.109426
0.106359
0.10317
0.10013
0.0973747
0.0959586
0.0967137
0.102504
0.112912
0.130528
0.155879
0.135657
0.13565
0.13564
0.13559
0.135517
0.135397
0.135221
0.134991
0.134711
0.134378
0.133987
0.133541
0.133039
0.132473
0.131846
0.131153
0.130392
0.12956
0.12866
0.127685
0.126636
0.125505
0.12428
0.122921
0.121383
0.119661
0.117747
0.115631
0.113311
0.110781
0.108041
0.105094
0.101942
0.0985911
0.0950397
0.0912444
0.0871117
0.0825236
0.0738229
0.136538
0.136511
0.136463
0.136392
0.136303
0.136189
0.13605
0.135889
0.1357
0.135483
0.135238
0.134958
0.134643
0.134286
0.133882
0.133425
0.132903
0.13231
0.131629
0.130847
0.129942
0.1289
0.127699
0.126324
0.124781
0.123063
0.121135
0.118976
0.116562
0.113879
0.110926
0.107738
0.104344
0.100943
0.097904
0.0964938
0.0999549
0.111919
0.139264
0.136552
0.136545
0.136534
0.136494
0.136439
0.136347
0.136212
0.136036
0.135825
0.135576
0.135287
0.134961
0.134594
0.134185
0.133733
0.133234
0.132686
0.132087
0.131435
0.130728
0.129962
0.129131
0.128223
0.127209
0.126055
0.124752
0.123288
0.121651
0.119828
0.117807
0.115578
0.113134
0.110466
0.107566
0.104422
0.100993
0.0971224
0.0929389
0.0839556
0.13719
0.13717
0.137132
0.137076
0.137006
0.136917
0.136809
0.136684
0.136537
0.13637
0.136181
0.135967
0.135725
0.135453
0.135144
0.134795
0.134397
0.133944
0.133425
0.132827
0.132136
0.131339
0.13042
0.129371
0.128195
0.126883
0.125404
0.123734
0.121847
0.119707
0.117284
0.114541
0.111468
0.108055
0.104334
0.100441
0.0976269
0.100214
0.122131
0.1372
0.137193
0.137182
0.137148
0.137105
0.137033
0.136925
0.136786
0.136621
0.136429
0.136208
0.13596
0.135683
0.135377
0.13504
0.134669
0.134262
0.133818
0.133333
0.132806
0.132233
0.131608
0.130923
0.130155
0.129277
0.128283
0.12716
0.125896
0.124476
0.122886
0.121111
0.119136
0.116946
0.114524
0.111847
0.108876
0.105421
0.101719
0.0933577
0.137682
0.137665
0.137635
0.13759
0.137534
0.137462
0.137376
0.137275
0.137159
0.137026
0.136877
0.136708
0.136518
0.136303
0.13606
0.135785
0.135472
0.135115
0.134707
0.13424
0.133702
0.133082
0.132369
0.131555
0.130641
0.12962
0.128468
0.127164
0.125682
0.123991
0.122061
0.119849
0.117309
0.114372
0.110994
0.107006
0.10258
0.097693
0.109562
0.137689
0.137681
0.13767
0.137641
0.137606
0.137547
0.137459
0.137346
0.137215
0.137062
0.136887
0.136693
0.136479
0.136242
0.135984
0.135701
0.135392
0.135055
0.134686
0.134284
0.133846
0.133367
0.13284
0.132246
0.131568
0.130798
0.129926
0.128941
0.127831
0.126581
0.125174
0.123596
0.121826
0.119845
0.117621
0.115117
0.112135
0.10894
0.101525
0.138064
0.13805
0.138025
0.137987
0.137941
0.137882
0.137811
0.137729
0.137634
0.137526
0.137406
0.13727
0.137117
0.136944
0.13675
0.136531
0.136282
0.135999
0.135674
0.135303
0.134875
0.134383
0.133817
0.133172
0.13245
0.131641
0.130729
0.129695
0.128519
0.127174
0.125631
0.123851
0.121794
0.119392
0.116566
0.113089
0.108972
0.102344
0.104202
0.138069
0.138062
0.13805
0.138024
0.137995
0.137946
0.137873
0.137779
0.137672
0.137547
0.137406
0.137251
0.13708
0.136894
0.136692
0.136471
0.136231
0.135969
0.135683
0.135371
0.13503
0.134656
0.134243
0.133777
0.133244
0.132638
0.131952
0.131176
0.130299
0.129308
0.128189
0.126927
0.125503
0.123896
0.122073
0.12
0.117485
0.114788
0.108405
0.138368
0.138356
0.138335
0.138303
0.138263
0.138214
0.138154
0.138086
0.138007
0.137919
0.137819
0.137708
0.137583
0.137442
0.137284
0.137105
0.136903
0.136672
0.13641
0.136109
0.135764
0.135368
0.134914
0.134397
0.133818
0.13317
0.132437
0.131607
0.130661
0.12958
0.128337
0.1269
0.12523
0.123267
0.120951
0.11806
0.114606
0.108649
0.104142
0.138372
0.138365
0.138353
0.138329
0.138304
0.138263
0.138201
0.138123
0.138032
0.137929
0.137813
0.137687
0.137549
0.137399
0.137237
0.137061
0.136871
0.136664
0.136438
0.136192
0.135923
0.135627
0.135298
0.134928
0.134503
0.13402
0.133473
0.132853
0.132152
0.131359
0.130461
0.129446
0.128296
0.126992
0.125504
0.1238
0.121707
0.119464
0.114092
0.138615
0.138604
0.138586
0.138558
0.138524
0.138482
0.138431
0.138373
0.138307
0.138233
0.138149
0.138056
0.137953
0.137836
0.137706
0.137558
0.137391
0.137202
0.136986
0.13674
0.136457
0.136134
0.135764
0.135344
0.134874
0.134348
0.133754
0.133079
0.132311
0.131431
0.13042
0.129251
0.127889
0.126284
0.124378
0.121994
0.119118
0.11443
0.107427
0.138619
0.138612
0.1386
0.138577
0.138556
0.138521
0.138467
0.1384
0.138324
0.138237
0.13814
0.138035
0.137921
0.137799
0.137667
0.137525
0.137372
0.137206
0.137025
0.136828
0.136612
0.136374
0.13611
0.135811
0.135469
0.135079
0.134637
0.134137
0.13357
0.132928
0.132202
0.131378
0.130444
0.129381
0.128164
0.126765
0.125031
0.123177
0.118729
0.138819
0.138809
0.138793
0.138768
0.138739
0.138702
0.138658
0.138609
0.138552
0.138489
0.138418
0.13834
0.138253
0.138155
0.138046
0.137923
0.137783
0.137626
0.137446
0.137242
0.137008
0.13674
0.136435
0.13609
0.135704
0.135273
0.134786
0.134232
0.133602
0.13288
0.13205
0.131089
0.129971
0.128652
0.12708
0.125119
0.122674
0.119152
0.111921
0.138823
0.138816
0.138804
0.138783
0.138764
0.138733
0.138687
0.138629
0.138563
0.138489
0.138407
0.138318
0.138224
0.138122
0.138013
0.137897
0.137772
0.137637
0.13749
0.13733
0.137155
0.136962
0.136747
0.136504
0.136225
0.135907
0.135546
0.135138
0.134675
0.134151
0.133557
0.132883
0.132118
0.131247
0.130246
0.129093
0.127658
0.126125
0.122478
0.138989
0.13898
0.138966
0.138944
0.138918
0.138886
0.138848
0.138805
0.138756
0.138701
0.138641
0.138574
0.1385
0.138417
0.138325
0.138221
0.138104
0.137971
0.13782
0.137648
0.137452
0.137229
0.136975
0.136688
0.136368
0.136011
0.135607
0.135149
0.134627
0.13403
0.133343
0.132548
0.131622
0.13053
0.129226
0.127614
0.125529
0.12285
0.116381
0.138993
0.138988
0.138976
0.138956
0.138939
0.138912
0.138871
0.13882
0.138763
0.138698
0.138628
0.138553
0.138473
0.138387
0.138297
0.1382
0.138097
0.137986
0.137865
0.137734
0.137591
0.137432
0.137256
0.137055
0.136825
0.136564
0.136267
0.135931
0.135549
0.135117
0.134628
0.134072
0.133441
0.132721
0.131893
0.130939
0.129748
0.128475
0.1255
0.139134
0.139126
0.139112
0.139093
0.13907
0.139041
0.139007
0.13897
0.138927
0.13888
0.138829
0.138771
0.138707
0.138636
0.138557
0.138469
0.138369
0.138256
0.138128
0.137983
0.137817
0.137629
0.137415
0.137175
0.136907
0.136608
0.136271
0.135889
0.135453
0.134955
0.134382
0.133719
0.132947
0.132037
0.130948
0.129614
0.127847
0.125733
0.120295
0.139138
0.139133
0.139122
0.139102
0.139087
0.139062
0.139026
0.138981
0.138931
0.138875
0.138814
0.13875
0.138681
0.138608
0.138532
0.138451
0.138365
0.138273
0.138173
0.138064
0.137945
0.137814
0.137668
0.137501
0.13731
0.137093
0.136847
0.136568
0.136251
0.135892
0.135486
0.135024
0.134499
0.133901
0.133212
0.132417
0.131425
0.130362
0.127939
0.139258
0.13925
0.139237
0.13922
0.139199
0.139173
0.139144
0.139111
0.139074
0.139033
0.138988
0.138938
0.138883
0.138822
0.138753
0.138677
0.138591
0.138495
0.138385
0.138261
0.13812
0.13796
0.137779
0.137576
0.13735
0.137098
0.136814
0.136493
0.136126
0.135708
0.135227
0.13467
0.134022
0.133259
0.132345
0.131233
0.129742
0.128019
0.12356
0.139262
0.139258
0.139247
0.139228
0.139214
0.139192
0.139159
0.139119
0.139075
0.139025
0.138972
0.138916
0.138857
0.138795
0.13873
0.138662
0.138589
0.138511
0.138428
0.138337
0.138238
0.138129
0.138006
0.137867
0.137707
0.137526
0.13732
0.137087
0.136822
0.136522
0.136181
0.135795
0.135356
0.134855
0.134278
0.133612
0.132783
0.131891
0.129914
0.139365
0.139357
0.139346
0.13933
0.139311
0.139287
0.139261
0.139232
0.1392
0.139164
0.139125
0.139081
0.139033
0.13898
0.13892
0.138854
0.13878
0.138696
0.138602
0.138495
0.138374
0.138237
0.138083
0.13791
0.137718
0.137505
0.137264
0.136992
0.136682
0.136328
0.135921
0.135451
0.134904
0.13426
0.133489
0.132554
0.131298
0.129864
0.126233
0.139369
0.139366
0.139355
0.139337
0.139324
0.139304
0.139274
0.139238
0.139199
0.139155
0.139108
0.139059
0.139008
0.138954
0.138898
0.13884
0.138778
0.138713
0.138642
0.138566
0.138482
0.13839
0.138287
0.13817
0.138035
0.137883
0.13771
0.137513
0.137291
0.137038
0.136752
0.136426
0.136057
0.135635
0.135149
0.134588
0.133891
0.133138
0.131523
0.139458
0.139451
0.13944
0.139425
0.139408
0.139387
0.139364
0.139338
0.13931
0.139278
0.139243
0.139205
0.139163
0.139116
0.139064
0.139006
0.138941
0.138869
0.138787
0.138694
0.13859
0.138472
0.138339
0.138191
0.138027
0.137845
0.13764
0.137408
0.137144
0.136843
0.136497
0.136098
0.135634
0.135088
0.134434
0.133643
0.132584
0.131375
0.128415
0.139463
0.13946
0.13945
0.139433
0.139419
0.139401
0.139375
0.139342
0.139307
0.139268
0.139226
0.139183
0.139138
0.139091
0.139043
0.138993
0.13894
0.138884
0.138824
0.138759
0.138689
0.138611
0.138523
0.138424
0.13831
0.138181
0.138034
0.137868
0.13768
0.137466
0.137224
0.136948
0.136635
0.136278
0.135867
0.135392
0.134804
0.134166
0.132841
0.13954
0.139533
0.139522
0.139509
0.139493
0.139474
0.139454
0.139431
0.139405
0.139377
0.139347
0.139313
0.139275
0.139234
0.139188
0.139138
0.139081
0.139017
0.138946
0.138865
0.138774
0.138672
0.138557
0.13843
0.138289
0.138133
0.137957
0.137758
0.137532
0.137274
0.136979
0.136639
0.136243
0.135778
0.135221
0.134549
0.133653
0.132626
0.130203
0.139545
0.139542
0.139533
0.139516
0.139504
0.139486
0.139462
0.139433
0.139401
0.139366
0.139329
0.139291
0.139251
0.13921
0.139168
0.139125
0.139079
0.139031
0.13898
0.138925
0.138864
0.138798
0.138724
0.138639
0.138542
0.138431
0.138307
0.138166
0.138006
0.137824
0.137618
0.137384
0.137117
0.136814
0.136464
0.13606
0.135562
0.135018
0.133929
0.139612
0.139605
0.139595
0.139582
0.139568
0.139552
0.139533
0.139513
0.13949
0.139465
0.139437
0.139407
0.139374
0.139338
0.139297
0.139253
0.139203
0.139147
0.139084
0.139014
0.138934
0.138845
0.138745
0.138635
0.138513
0.138378
0.138226
0.138055
0.137861
0.137639
0.137386
0.137094
0.136755
0.136356
0.135881
0.135307
0.134546
0.133671
0.131678
0.139617
0.139615
0.139606
0.13959
0.139578
0.139562
0.13954
0.139513
0.139484
0.139452
0.139419
0.139385
0.13935
0.139314
0.139277
0.139239
0.1392
0.139158
0.139114
0.139067
0.139015
0.138959
0.138895
0.138822
0.138739
0.138644
0.138538
0.138417
0.13828
0.138125
0.13795
0.13775
0.137522
0.137263
0.136964
0.136619
0.136195
0.13573
0.13483
0.139677
0.139669
0.139659
0.139648
0.139635
0.13962
0.139603
0.139585
0.139564
0.139542
0.139517
0.139491
0.139461
0.139429
0.139393
0.139354
0.13931
0.139261
0.139206
0.139144
0.139074
0.138996
0.138909
0.138812
0.138706
0.138589
0.138458
0.13831
0.138142
0.137951
0.137732
0.13748
0.137188
0.136846
0.136438
0.135946
0.135298
0.13455
0.132905
0.139681
0.13968
0.139671
0.139656
0.139644
0.139629
0.139609
0.139584
0.139558
0.139529
0.139499
0.139469
0.139437
0.139405
0.139373
0.13934
0.139306
0.13927
0.139231
0.139191
0.139146
0.139097
0.139042
0.138979
0.138908
0.138826
0.138735
0.138631
0.138514
0.138381
0.138231
0.138059
0.137864
0.137642
0.137385
0.13709
0.136727
0.136329
0.135581
0.139734
0.139727
0.139717
0.139706
0.139695
0.139681
0.139666
0.139649
0.139631
0.139611
0.139589
0.139565
0.139539
0.139511
0.139479
0.139444
0.139405
0.139362
0.139313
0.139259
0.139197
0.139128
0.139052
0.138967
0.138875
0.138773
0.138659
0.13853
0.138384
0.138218
0.138028
0.13781
0.137558
0.137263
0.136911
0.136488
0.135935
0.135291
0.13395
0.139738
0.139737
0.139729
0.139714
0.139703
0.139689
0.13967
0.139648
0.139624
0.139598
0.13957
0.139543
0.139515
0.139486
0.139458
0.139428
0.139398
0.139367
0.139334
0.139298
0.13926
0.139217
0.13917
0.139115
0.139053
0.138983
0.138904
0.138815
0.138714
0.138599
0.13847
0.138323
0.138155
0.137964
0.137743
0.137489
0.137178
0.136836
0.136212
0.139785
0.139778
0.139768
0.139759
0.139748
0.139736
0.139722
0.139707
0.139691
0.139673
0.139653
0.139632
0.139609
0.139584
0.139556
0.139525
0.139491
0.139452
0.139409
0.139361
0.139306
0.139246
0.139178
0.139104
0.139023
0.138934
0.138834
0.138721
0.138594
0.138449
0.138284
0.138095
0.137876
0.13762
0.137316
0.136951
0.136477
0.135917
0.134843
0.139789
0.139789
0.139781
0.139766
0.139755
0.139742
0.139725
0.139704
0.139682
0.139659
0.139634
0.139609
0.139584
0.139558
0.139533
0.139507
0.13948
0.139453
0.139424
0.139393
0.139359
0.139322
0.139281
0.139234
0.13918
0.139119
0.13905
0.138973
0.138886
0.138787
0.138675
0.138548
0.138404
0.138239
0.138049
0.137829
0.137562
0.137267
0.136743
0.139831
0.139824
0.139815
0.139806
0.139796
0.139785
0.139772
0.139759
0.139745
0.139729
0.139712
0.139693
0.139673
0.139651
0.139626
0.139599
0.139568
0.139534
0.139495
0.139452
0.139404
0.13935
0.139291
0.139225
0.139154
0.139076
0.138988
0.138889
0.138777
0.138651
0.138507
0.138342
0.138151
0.137928
0.137665
0.137348
0.136942
0.136451
0.135593
0.139835
0.139835
0.139828
0.139814
0.139802
0.13979
0.139774
0.139755
0.139735
0.139713
0.139691
0.139668
0.139645
0.139622
0.1396
0.139577
0.139553
0.139529
0.139503
0.139476
0.139447
0.139414
0.139378
0.139337
0.13929
0.139237
0.139177
0.13911
0.139034
0.138949
0.138852
0.138742
0.138618
0.138475
0.13831
0.13812
0.13789
0.137635
0.137194
0.139872
0.139865
0.139857
0.139849
0.13984
0.139829
0.139818
0.139806
0.139794
0.13978
0.139765
0.139749
0.139731
0.139712
0.13969
0.139665
0.139638
0.139607
0.139573
0.139535
0.139492
0.139444
0.139391
0.139333
0.139271
0.139201
0.139124
0.139037
0.138939
0.138828
0.138702
0.138557
0.13839
0.138196
0.137966
0.137691
0.137342
0.13691
0.136219
0.139877
0.139877
0.13987
0.139856
0.139845
0.139833
0.139819
0.139801
0.139783
0.139763
0.139742
0.139721
0.1397
0.13968
0.139659
0.139639
0.139618
0.139596
0.139574
0.13955
0.139524
0.139496
0.139464
0.139428
0.139387
0.13934
0.139288
0.13923
0.139164
0.13909
0.139006
0.138911
0.138802
0.138679
0.138536
0.138371
0.138172
0.137951
0.137579
0.139909
0.139903
0.139895
0.139887
0.139879
0.13987
0.13986
0.13985
0.139839
0.139827
0.139815
0.139801
0.139785
0.139767
0.139748
0.139726
0.139701
0.139674
0.139643
0.139609
0.139571
0.139528
0.139481
0.13943
0.139374
0.139313
0.139245
0.139168
0.139082
0.138984
0.138873
0.138746
0.1386
0.13843
0.13823
0.137989
0.137688
0.137308
0.136744
0.139914
0.139915
0.139909
0.139894
0.139884
0.139873
0.139859
0.139843
0.139826
0.139807
0.139788
0.139769
0.13975
0.139731
0.139713
0.139694
0.139676
0.139656
0.139637
0.139615
0.139593
0.139568
0.13954
0.139508
0.139472
0.139431
0.139386
0.139335
0.139277
0.139212
0.139139
0.139057
0.138963
0.138855
0.138732
0.138589
0.138416
0.138224
0.137909
0.139943
0.139937
0.139929
0.139922
0.139915
0.139906
0.139898
0.13989
0.139881
0.139871
0.13986
0.139848
0.139834
0.139818
0.1398
0.139781
0.139759
0.139734
0.139707
0.139676
0.139641
0.139603
0.139562
0.139516
0.139467
0.139413
0.139352
0.139285
0.139209
0.139122
0.139025
0.138913
0.138785
0.138635
0.13846
0.138249
0.137989
0.137655
0.137189
0.139948
0.13995
0.139943
0.139929
0.139919
0.139908
0.139895
0.13988
0.139864
0.139847
0.139829
0.139812
0.139795
0.139777
0.139761
0.139744
0.139727
0.13971
0.139693
0.139674
0.139654
0.139632
0.139607
0.139579
0.139547
0.139512
0.139472
0.139427
0.139377
0.13932
0.139257
0.139184
0.139103
0.139009
0.138902
0.138778
0.138627
0.13846
0.138192
0.139974
0.139968
0.139961
0.139954
0.139947
0.13994
0.139934
0.139928
0.13992
0.139912
0.139902
0.139891
0.139878
0.139864
0.139848
0.139831
0.139811
0.139789
0.139764
0.139737
0.139706
0.139672
0.139634
0.139594
0.13955
0.139502
0.139448
0.139388
0.139321
0.139245
0.139159
0.13906
0.138947
0.138816
0.138662
0.138478
0.138253
0.137959
0.13757
0.139979
0.139981
0.139975
0.139961
0.13995
0.13994
0.139928
0.139915
0.139899
0.139884
0.139867
0.139851
0.139835
0.139819
0.139804
0.139789
0.139774
0.139759
0.139743
0.139726
0.139708
0.139689
0.139667
0.139643
0.139615
0.139583
0.139548
0.139509
0.139465
0.139415
0.13936
0.139297
0.139225
0.139144
0.13905
0.138942
0.138812
0.138665
0.138437
0.140002
0.139996
0.139989
0.139983
0.139977
0.139972
0.139967
0.139962
0.139956
0.139949
0.139941
0.139931
0.139919
0.139907
0.139893
0.139877
0.139859
0.139839
0.139817
0.139792
0.139764
0.139734
0.1397
0.139664
0.139625
0.139582
0.139535
0.139481
0.139422
0.139354
0.139278
0.139191
0.139092
0.138976
0.138841
0.138679
0.138485
0.138227
0.1379
0.140007
0.140009
0.140004
0.13999
0.139979
0.13997
0.139959
0.139946
0.139931
0.139916
0.139901
0.139886
0.139871
0.139857
0.139843
0.13983
0.139816
0.139802
0.139788
0.139774
0.139758
0.13974
0.139721
0.139699
0.139675
0.139647
0.139616
0.139581
0.139543
0.139499
0.139451
0.139396
0.139333
0.139262
0.13918
0.139086
0.138973
0.138845
0.13865
0.140027
0.140022
0.140015
0.14001
0.140005
0.140002
0.139999
0.139995
0.13999
0.139984
0.139976
0.139967
0.139957
0.139946
0.139933
0.139919
0.139903
0.139885
0.139865
0.139843
0.139818
0.139791
0.139761
0.139728
0.139693
0.139655
0.139613
0.139565
0.139512
0.139452
0.139385
0.139308
0.13922
0.139118
0.138999
0.138856
0.138695
0.138467
0.138188
0.140032
0.140035
0.14003
0.140016
0.140006
0.139997
0.139986
0.139974
0.13996
0.139946
0.139932
0.139918
0.139904
0.139891
0.139878
0.139866
0.139854
0.139842
0.139829
0.139816
0.139802
0.139787
0.13977
0.139751
0.139729
0.139704
0.139677
0.139646
0.139612
0.139574
0.139531
0.139483
0.139428
0.139366
0.139295
0.139213
0.139114
0.139002
0.138835
0.140051
0.140045
0.140039
0.140034
0.140032
0.14003
0.140028
0.140025
0.140021
0.140015
0.140009
0.140001
0.139992
0.139982
0.139971
0.139959
0.139944
0.139928
0.13991
0.13989
0.139868
0.139843
0.139816
0.139787
0.139756
0.139722
0.139684
0.139641
0.139594
0.139541
0.139481
0.139412
0.139334
0.139244
0.13914
0.139012
0.138881
0.138682
0.138444
0.140056
0.140059
0.140054
0.14004
0.14003
0.140021
0.140011
0.139999
0.139987
0.139973
0.139959
0.139946
0.139934
0.139922
0.139911
0.1399
0.139889
0.139878
0.139867
0.139855
0.139843
0.139829
0.139814
0.139797
0.139777
0.139755
0.139731
0.139704
0.139674
0.139641
0.139603
0.139561
0.139513
0.139458
0.139396
0.139324
0.139238
0.13914
0.138997
0.140072
0.140067
0.140061
0.140057
0.140056
0.140056
0.140056
0.140053
0.14005
0.140045
0.140039
0.140033
0.140025
0.140017
0.140007
0.139996
0.139983
0.139969
0.139952
0.139934
0.139914
0.139892
0.139867
0.139841
0.139813
0.139783
0.139749
0.139711
0.139669
0.139621
0.139567
0.139506
0.139437
0.139357
0.139266
0.139151
0.139045
0.138873
0.13867
0.140077
0.140081
0.140076
0.140061
0.140052
0.140044
0.140034
0.140023
0.14001
0.139998
0.139985
0.139973
0.139961
0.139951
0.13994
0.13993
0.139921
0.139911
0.139901
0.13989
0.139879
0.139867
0.139854
0.139838
0.139821
0.139802
0.13978
0.139756
0.13973
0.1397
0.139667
0.13963
0.139588
0.13954
0.139485
0.139422
0.139347
0.139262
0.139139
0.140092
0.140087
0.140081
0.140079
0.14008
0.140081
0.140081
0.140079
0.140076
0.140073
0.140068
0.140063
0.140056
0.140049
0.14004
0.14003
0.140019
0.140006
0.139992
0.139975
0.139957
0.139937
0.139915
0.139891
0.139866
0.139839
0.139808
0.139775
0.139737
0.139694
0.139646
0.139592
0.13953
0.139459
0.139379
0.13928
0.139191
0.139041
0.138869
0.140096
0.140101
0.140096
0.140081
0.140072
0.140064
0.140055
0.140044
0.140032
0.14002
0.140008
0.139997
0.139987
0.139977
0.139967
0.139958
0.13995
0.139941
0.139932
0.139923
0.139913
0.139902
0.13989
0.139876
0.139861
0.139843
0.139824
0.139803
0.13978
0.139753
0.139724
0.139691
0.139654
0.139612
0.139564
0.139509
0.139444
0.139369
0.139263
0.14011
0.140105
0.1401
0.1401
0.140103
0.140104
0.140104
0.140103
0.140101
0.140099
0.140095
0.140091
0.140086
0.140079
0.140072
0.140063
0.140053
0.140041
0.140028
0.140013
0.139997
0.139979
0.139959
0.139938
0.139915
0.13989
0.139863
0.139833
0.139799
0.139761
0.139718
0.13967
0.139615
0.139551
0.139484
0.1394
0.139324
0.139191
0.139045
0.140114
0.140119
0.140115
0.140099
0.14009
0.140083
0.140074
0.140063
0.140052
0.14004
0.140029
0.140019
0.14001
0.140001
0.139992
0.139984
0.139976
0.139968
0.13996
0.139952
0.139943
0.139934
0.139923
0.13991
0.139897
0.139881
0.139864
0.139845
0.139824
0.139801
0.139775
0.139746
0.139714
0.139677
0.139635
0.139586
0.139529
0.139464
0.139373
0.140126
0.140121
0.140117
0.14012
0.140124
0.140125
0.140126
0.140126
0.140125
0.140124
0.140121
0.140118
0.140113
0.140108
0.140101
0.140093
0.140084
0.140074
0.140062
0.140049
0.140034
0.140018
0.14
0.139981
0.13996
0.139938
0.139914
0.139887
0.139856
0.139822
0.139784
0.13974
0.139692
0.139637
0.13958
0.139511
0.139447
0.139328
0.139202
0.14013
0.140136
0.140131
0.140116
0.140107
0.140101
0.140092
0.140081
0.140069
0.140059
0.140049
0.14004
0.140031
0.140023
0.140015
0.140008
0.140001
0.139994
0.139986
0.139979
0.139971
0.139962
0.139953
0.139941
0.139929
0.139915
0.1399
0.139883
0.139865
0.139844
0.139821
0.139796
0.139767
0.139734
0.139697
0.139655
0.139605
0.139548
0.139469
0.140142
0.140137
0.140133
0.140139
0.140143
0.140144
0.140146
0.140147
0.140148
0.140147
0.140146
0.140143
0.140139
0.140135
0.140129
0.140122
0.140114
0.140105
0.140095
0.140083
0.14007
0.140055
0.140039
0.140022
0.140003
0.139983
0.139961
0.139936
0.139909
0.139878
0.139844
0.139805
0.139763
0.139718
0.13967
0.139613
0.139558
0.139452
0.139343
0.140145
0.140151
0.140147
0.140131
0.140123
0.140117
0.140107
0.140096
0.140086
0.140076
0.140067
0.140059
0.140051
0.140043
0.140036
0.14003
0.140023
0.140017
0.14001
0.140003
0.139996
0.139988
0.13998
0.13997
0.139959
0.139946
0.139933
0.139918
0.139902
0.139884
0.139864
0.139841
0.139816
0.139787
0.139755
0.139717
0.139674
0.139623
0.139555
0.140156
0.14015
0.140149
0.140158
0.140161
0.140162
0.140165
0.140167
0.140168
0.140169
0.140168
0.140166
0.140163
0.14016
0.140155
0.14015
0.140143
0.140136
0.140127
0.140117
0.140105
0.140092
0.140078
0.140062
0.140045
0.140027
0.140006
0.139984
0.139959
0.139931
0.1399
0.139868
0.139833
0.139795
0.139755
0.139705
0.139659
0.139566
0.139471
0.140158
0.140164
0.14016
0.140145
0.140137
0.140131
0.140122
0.140111
0.140101
0.140092
0.140084
0.140076
0.140069
0.140062
0.140056
0.14005
0.140044
0.140038
0.140032
0.140026
0.140019
0.140013
0.140005
0.139996
0.139987
0.139976
0.139964
0.139952
0.139937
0.139922
0.139904
0.139884
0.139862
0.139837
0.139808
0.139775
0.139737
0.139691
0.139636
0.140168
0.140163
0.140163
0.140173
0.140175
0.140177
0.140181
0.140183
0.140185
0.140186
0.140186
0.140185
0.140184
0.140182
0.140179
0.140175
0.140171
0.140165
0.140159
0.140151
0.140142
0.140132
0.140121
0.140108
0.140093
0.140077
0.140058
0.140036
0.140013
0.139988
0.139961
0.139932
0.139902
0.139869
0.139833
0.13979
0.13975
0.139669
0.139586
0.14017
0.140174
0.14017
0.140157
0.14015
0.140144
0.140134
0.140124
0.140115
0.140107
0.140099
0.140092
0.140086
0.140079
0.140073
0.140068
0.140063
0.140057
0.140052
0.140047
0.140041
0.140035
0.140029
0.140022
0.140014
0.140006
0.139996
0.139985
0.139973
0.13996
0.139945
0.139927
0.139908
0.139886
0.13986
0.139831
0.139797
0.139755
0.139715
0.140178
0.140174
0.140176
0.140184
0.140186
0.140188
0.140191
0.140193
0.140195
0.140196
0.140197
0.140197
0.140197
0.140196
0.140195
0.140194
0.140192
0.140189
0.140186
0.140181
0.140176
0.140171
0.140164
0.140156
0.140146
0.140134
0.14012
0.140102
0.140082
0.14006
0.140035
0.140007
0.139978
0.139945
0.139911
0.139871
0.139834
0.139765
0.139693
0.140178
0.14018
0.140176
0.140166
0.14016
0.140154
0.140145
0.140135
0.140127
0.14012
0.140113
0.140107
0.140101
0.140095
0.14009
0.140085
0.14008
0.140076
0.140072
0.140067
0.140063
0.140058
0.140054
0.140049
0.140043
0.140036
0.140029
0.14002
0.14001
0.139998
0.139985
0.139971
0.139954
0.139934
0.139912
0.139886
0.139856
0.139817
0.139786
0.140184
0.140183
0.140185
0.14019
0.140192
0.140195
0.140198
0.1402
0.140201
0.140203
0.140204
0.140205
0.140206
0.140206
0.140206
0.140205
0.140204
0.140203
0.140201
0.140199
0.140197
0.140194
0.14019
0.140186
0.140181
0.140174
0.140166
0.140155
0.140143
0.140127
0.140108
0.140085
0.140058
0.140028
0.139994
0.139955
0.139917
0.139856
0.139792
0.140183
0.140183
0.14018
0.140172
0.140166
0.140161
0.140154
0.140146
0.140139
0.140133
0.140126
0.14012
0.140115
0.14011
0.140105
0.140101
0.140097
0.140094
0.14009
0.140087
0.140084
0.140081
0.140078
0.140075
0.140071
0.140066
0.140059
0.140052
0.140044
0.140035
0.140025
0.140013
0.139999
0.139983
0.139964
0.139941
0.139914
0.139879
0.139854
0.140188
0.140188
0.14019
0.140194
0.140197
0.140199
0.140202
0.140204
0.140206
0.140208
0.140209
0.140211
0.140212
0.140212
0.140213
0.140213
0.140213
0.140213
0.140212
0.140211
0.14021
0.140208
0.140206
0.140204
0.140201
0.140197
0.140193
0.140187
0.14018
0.140172
0.14016
0.140146
0.140127
0.140104
0.140075
0.14004
0.140002
0.139947
0.139887
0.140186
0.140186
0.140182
0.140175
0.140169
0.140164
0.140159
0.140153
0.140147
0.140142
0.140136
0.140131
0.140126
0.140122
0.140118
0.140115
0.140112
0.140109
0.140107
0.140104
0.140102
0.1401
0.140098
0.140095
0.140092
0.140087
0.140082
0.140077
0.140071
0.140064
0.140056
0.140048
0.140038
0.140026
0.140012
0.139993
0.139972
0.13994
0.139919
0.14019
0.140191
0.140193
0.140197
0.1402
0.140202
0.140205
0.140208
0.14021
0.140212
0.140213
0.140215
0.140216
0.140217
0.140218
0.140219
0.140219
0.140219
0.140219
0.140219
0.140219
0.140218
0.140217
0.140216
0.140214
0.140212
0.140209
0.140206
0.140202
0.140198
0.140192
0.140184
0.140174
0.14016
0.140141
0.140115
0.140083
0.140036
0.13998
0.140188
0.140187
0.140184
0.140177
0.140171
0.140166
0.140161
0.140156
0.140151
0.140147
0.140142
0.140137
0.140134
0.14013
0.140127
0.140124
0.140121
0.140119
0.140117
0.140115
0.140113
0.140111
0.140109
0.140106
0.140104
0.1401
0.140096
0.140092
0.140087
0.140083
0.140077
0.140071
0.140064
0.140056
0.140047
0.140034
0.140021
0.139994
0.139979
0.140191
0.140193
0.140195
0.140199
0.140202
0.140204
0.140207
0.14021
0.140212
0.140214
0.140216
0.140218
0.140219
0.140221
0.140222
0.140223
0.140224
0.140224
0.140225
0.140225
0.140225
0.140225
0.140225
0.140224
0.140223
0.140222
0.140221
0.140219
0.140217
0.140214
0.140211
0.140207
0.140201
0.140194
0.140184
0.140169
0.140149
0.140113
0.140068
0.140189
0.140188
0.140184
0.140178
0.140172
0.140167
0.140163
0.140158
0.140153
0.140148
0.140144
0.14014
0.140136
0.140133
0.14013
0.140128
0.140126
0.140123
0.140121
0.14012
0.140118
0.140116
0.140114
0.140112
0.14011
0.140107
0.140104
0.140101
0.140097
0.140094
0.14009
0.140086
0.140081
0.140075
0.140069
0.14006
0.140053
0.140032
0.140022
0.140192
0.140194
0.140196
0.1402
0.140203
0.140206
0.140209
0.140212
0.140214
0.140216
0.140218
0.14022
0.140222
0.140223
0.140225
0.140226
0.140227
0.140228
0.140229
0.14023
0.14023
0.140231
0.140231
0.140231
0.140231
0.14023
0.14023
0.140229
0.140227
0.140226
0.140224
0.140221
0.140218
0.140215
0.14021
0.140202
0.140192
0.140171
0.14014
0.14019
0.140188
0.140184
0.140178
0.140172
0.140167
0.140163
0.140158
0.140153
0.140148
0.140144
0.14014
0.140136
0.140133
0.140131
0.140129
0.140126
0.140125
0.140123
0.140121
0.14012
0.140118
0.140116
0.140115
0.140112
0.14011
0.140108
0.140105
0.140103
0.1401
0.140097
0.140094
0.140091
0.140087
0.140083
0.140077
0.140073
0.140058
0.140052
0.140192
0.140194
0.140197
0.140201
0.140204
0.140207
0.14021
0.140213
0.140215
0.140218
0.14022
0.140222
0.140224
0.140225
0.140227
0.140228
0.140229
0.140231
0.140232
0.140233
0.140234
0.140235
0.140235
0.140236
0.140236
0.140236
0.140236
0.140236
0.140236
0.140235
0.140234
0.140232
0.140231
0.140229
0.140226
0.140222
0.140218
0.140207
0.140192
0.14019
0.140188
0.140184
0.140177
0.140172
0.140167
0.140162
0.140157
0.140152
0.140147
0.140142
0.140138
0.140135
0.140132
0.14013
0.140127
0.140126
0.140124
0.140122
0.140121
0.140119
0.140118
0.140116
0.140115
0.140113
0.140111
0.140109
0.140107
0.140105
0.140103
0.140101
0.140099
0.140097
0.140094
0.140091
0.140087
0.140085
0.140075
0.140073
0.140192
0.140194
0.140197
0.140201
0.140204
0.140207
0.14021
0.140213
0.140216
0.140218
0.140221
0.140223
0.140225
0.140226
0.140228
0.14023
0.140231
0.140233
0.140234
0.140235
0.140237
0.140238
0.140239
0.14024
0.14024
0.140241
0.140241
0.140242
0.140242
0.140242
0.140242
0.140241
0.14024
0.140239
0.140238
0.140236
0.140234
0.140228
0.140223
0.140189
0.140187
0.140183
0.140176
0.140171
0.140166
0.140161
0.140155
0.14015
0.140145
0.14014
0.140136
0.140132
0.14013
0.140127
0.140125
0.140123
0.140122
0.14012
0.140119
0.140118
0.140116
0.140115
0.140114
0.140112
0.140111
0.140109
0.140108
0.140106
0.140105
0.140103
0.140102
0.1401
0.140098
0.140096
0.140094
0.140092
0.140085
0.140086
0.140191
0.140194
0.140197
0.140201
0.140204
0.140207
0.14021
0.140213
0.140216
0.140219
0.140221
0.140223
0.140225
0.140227
0.140229
0.14023
0.140232
0.140234
0.140235
0.140237
0.140238
0.14024
0.140241
0.140242
0.140243
0.140244
0.140245
0.140246
0.140247
0.140247
0.140248
0.140248
0.140248
0.140248
0.140247
0.140246
0.140246
0.140242
0.140243
0.140189
0.140186
0.140182
0.140175
0.140169
0.140164
0.140159
0.140153
0.140147
0.140142
0.140137
0.140132
0.140129
0.140126
0.140124
0.140122
0.14012
0.140119
0.140117
0.140116
0.140115
0.140114
0.140113
0.140112
0.140111
0.140109
0.140108
0.140107
0.140106
0.140105
0.140104
0.140103
0.140102
0.1401
0.140099
0.140098
0.140097
0.140092
0.140094
0.14019
0.140193
0.140196
0.1402
0.140204
0.140207
0.14021
0.140213
0.140216
0.140218
0.14022
0.140223
0.140225
0.140227
0.140228
0.14023
0.140232
0.140234
0.140236
0.140237
0.140239
0.140241
0.140242
0.140244
0.140245
0.140247
0.140248
0.140249
0.14025
0.140251
0.140252
0.140253
0.140254
0.140254
0.140255
0.140254
0.140255
0.140252
0.140256
0.140187
0.140185
0.14018
0.140173
0.140167
0.140162
0.140157
0.14015
0.140144
0.140138
0.140133
0.140128
0.140125
0.140122
0.14012
0.140118
0.140117
0.140115
0.140114
0.140113
0.140112
0.140111
0.14011
0.140109
0.140108
0.140107
0.140106
0.140106
0.140105
0.140104
0.140103
0.140103
0.140102
0.140101
0.140101
0.1401
0.140099
0.140096
0.140098
0.140189
0.140192
0.140195
0.140199
0.140203
0.140206
0.140209
0.140212
0.140215
0.140217
0.14022
0.140222
0.140224
0.140226
0.140228
0.14023
0.140232
0.140233
0.140235
0.140237
0.140239
0.140241
0.140243
0.140245
0.140246
0.140248
0.140249
0.140251
0.140252
0.140254
0.140255
0.140257
0.140258
0.140259
0.14026
0.140261
0.140263
0.140261
0.140266
0.140186
0.140183
0.140178
0.140171
0.140165
0.14016
0.140154
0.140147
0.14014
0.140134
0.140128
0.140124
0.14012
0.140118
0.140116
0.140114
0.140113
0.140111
0.14011
0.140109
0.140109
0.140108
0.140107
0.140106
0.140105
0.140105
0.140104
0.140103
0.140103
0.140102
0.140102
0.140101
0.140101
0.140101
0.1401
0.1401
0.1401
0.140098
0.140101
0.140187
0.14019
0.140194
0.140198
0.140202
0.140205
0.140208
0.140211
0.140214
0.140216
0.140218
0.14022
0.140222
0.140224
0.140226
0.140228
0.14023
0.140232
0.140234
0.140236
0.140239
0.140241
0.140243
0.140245
0.140247
0.140248
0.14025
0.140252
0.140254
0.140255
0.140257
0.140259
0.140261
0.140263
0.140264
0.140266
0.140268
0.140268
0.140274
0.140184
0.140181
0.140176
0.140169
0.140163
0.140157
0.14015
0.140143
0.140135
0.140129
0.140123
0.140119
0.140115
0.140113
0.140111
0.140109
0.140108
0.140107
0.140106
0.140105
0.140105
0.140104
0.140103
0.140102
0.140102
0.140101
0.140101
0.1401
0.1401
0.140099
0.140099
0.140099
0.140099
0.140098
0.140098
0.140098
0.140099
0.140098
0.140101
0.140186
0.140189
0.140192
0.140197
0.1402
0.140203
0.140207
0.140209
0.140212
0.140214
0.140216
0.140219
0.14022
0.140222
0.140224
0.140226
0.140228
0.14023
0.140233
0.140235
0.140237
0.140239
0.140242
0.140244
0.140246
0.140248
0.14025
0.140252
0.140254
0.140256
0.140258
0.14026
0.140263
0.140265
0.140267
0.140269
0.140272
0.140273
0.140279
0.140182
0.140179
0.140174
0.140166
0.14016
0.140154
0.140147
0.140138
0.14013
0.140123
0.140118
0.140114
0.14011
0.140108
0.140106
0.140105
0.140103
0.140102
0.140102
0.140101
0.1401
0.140099
0.140099
0.140098
0.140097
0.140097
0.140096
0.140096
0.140095
0.140095
0.140095
0.140094
0.140094
0.140094
0.140094
0.140095
0.140095
0.140095
0.140098
0.140184
0.140187
0.140191
0.140195
0.140198
0.140202
0.140205
0.140207
0.14021
0.140212
0.140214
0.140216
0.140218
0.14022
0.140222
0.140224
0.140226
0.140228
0.14023
0.140232
0.140235
0.140237
0.14024
0.140242
0.140244
0.140246
0.140249
0.140251
0.140253
0.140256
0.140258
0.140261
0.140263
0.140266
0.140269
0.140271
0.140275
0.140276
0.140283
0.14018
0.140177
0.140171
0.140164
0.140157
0.140151
0.140142
0.140133
0.140125
0.140118
0.140112
0.140108
0.140105
0.140103
0.140101
0.1401
0.140098
0.140097
0.140096
0.140096
0.140095
0.140094
0.140093
0.140092
0.140091
0.140091
0.14009
0.140089
0.140089
0.140088
0.140088
0.140088
0.140088
0.140088
0.140088
0.140088
0.140089
0.140089
0.140092
0.140181
0.140185
0.140189
0.140193
0.140196
0.140199
0.140202
0.140205
0.140207
0.140209
0.140211
0.140213
0.140215
0.140217
0.140218
0.14022
0.140222
0.140225
0.140227
0.140229
0.140232
0.140234
0.140237
0.140239
0.140242
0.140244
0.140247
0.140249
0.140252
0.140254
0.140257
0.14026
0.140263
0.140266
0.140269
0.140272
0.140276
0.140278
0.140285
0.140178
0.140174
0.140168
0.140161
0.140154
0.140147
0.140138
0.140128
0.140119
0.140112
0.140107
0.140103
0.1401
0.140097
0.140095
0.140094
0.140092
0.140091
0.14009
0.140089
0.140088
0.140087
0.140086
0.140085
0.140084
0.140083
0.140082
0.140081
0.14008
0.14008
0.140079
0.140079
0.140079
0.140079
0.140079
0.140079
0.14008
0.14008
0.140084
0.140179
0.140182
0.140186
0.14019
0.140194
0.140197
0.1402
0.140202
0.140204
0.140206
0.140208
0.140209
0.140211
0.140213
0.140214
0.140216
0.140218
0.14022
0.140223
0.140225
0.140228
0.140231
0.140233
0.140236
0.140238
0.140241
0.140244
0.140246
0.140249
0.140252
0.140255
0.140258
0.140261
0.140264
0.140268
0.140272
0.140276
0.140279
0.140286
0.140175
0.140171
0.140165
0.140157
0.140151
0.140143
0.140133
0.140122
0.140113
0.140106
0.140101
0.140097
0.140094
0.140091
0.140089
0.140087
0.140085
0.140084
0.140082
0.140081
0.14008
0.140078
0.140077
0.140076
0.140074
0.140073
0.140071
0.14007
0.140069
0.140068
0.140067
0.140067
0.140066
0.140066
0.140066
0.140066
0.140067
0.140067
0.140071
0.140176
0.140179
0.140183
0.140188
0.140191
0.140194
0.140196
0.140198
0.1402
0.140202
0.140203
0.140205
0.140206
0.140208
0.14021
0.140212
0.140213
0.140216
0.140218
0.14022
0.140223
0.140226
0.140229
0.140232
0.140234
0.140237
0.14024
0.140243
0.140246
0.140249
0.140252
0.140255
0.140259
0.140262
0.140266
0.14027
0.140275
0.140279
0.140285
0.140172
0.140168
0.140162
0.140154
0.140147
0.140138
0.140127
0.140116
0.140107
0.1401
0.140095
0.14009
0.140087
0.140084
0.140081
0.140078
0.140076
0.140075
0.140073
0.140071
0.140069
0.140068
0.140066
0.140064
0.140062
0.14006
0.140058
0.140056
0.140055
0.140053
0.140052
0.140051
0.14005
0.140049
0.140049
0.140048
0.140049
0.140049
0.140053
0.140173
0.140176
0.140181
0.140185
0.140188
0.14019
0.140193
0.140195
0.140196
0.140197
0.140199
0.1402
0.140201
0.140203
0.140204
0.140206
0.140208
0.14021
0.140212
0.140215
0.140218
0.140221
0.140224
0.140226
0.140229
0.140232
0.140235
0.140238
0.140241
0.140244
0.140248
0.140251
0.140255
0.140259
0.140263
0.140267
0.140272
0.140277
0.140284
0.140169
0.140165
0.140158
0.14015
0.140143
0.140133
0.140122
0.14011
0.140101
0.140094
0.140088
0.140083
0.140079
0.140075
0.140071
0.140068
0.140066
0.140063
0.140061
0.140059
0.140057
0.140054
0.140052
0.140049
0.140046
0.140043
0.14004
0.140038
0.140035
0.140032
0.14003
0.140028
0.140026
0.140025
0.140024
0.140023
0.140023
0.140022
0.140026
0.140169
0.140173
0.140177
0.140181
0.140184
0.140187
0.140189
0.14019
0.140191
0.140192
0.140193
0.140194
0.140195
0.140197
0.140198
0.1402
0.140202
0.140204
0.140206
0.140209
0.140211
0.140214
0.140217
0.14022
0.140223
0.140226
0.140229
0.140232
0.140236
0.140239
0.140243
0.140246
0.14025
0.140254
0.140259
0.140263
0.140269
0.140274
0.140281
0.140165
0.140161
0.140154
0.140146
0.140139
0.140128
0.140116
0.140104
0.140095
0.140087
0.140081
0.140075
0.140069
0.140064
0.14006
0.140056
0.140053
0.14005
0.140047
0.140044
0.140041
0.140038
0.140034
0.14003
0.140026
0.140022
0.140017
0.140013
0.140009
0.140005
0.140001
0.139997
0.139994
0.139991
0.139988
0.139986
0.139985
0.139981
0.139985
0.140166
0.14017
0.140174
0.140177
0.14018
0.140182
0.140184
0.140185
0.140186
0.140187
0.140187
0.140188
0.140189
0.14019
0.140191
0.140193
0.140194
0.140197
0.140199
0.140201
0.140204
0.140207
0.14021
0.140213
0.140217
0.14022
0.140223
0.140226
0.140229
0.140233
0.140237
0.140241
0.140245
0.140249
0.140254
0.140258
0.140264
0.140269
0.140277
0.140162
0.140157
0.14015
0.140142
0.140134
0.140123
0.140109
0.140098
0.140088
0.14008
0.140072
0.140065
0.140058
0.140052
0.140047
0.140042
0.140038
0.140034
0.14003
0.140026
0.140022
0.140017
0.140013
0.140007
0.140002
0.139996
0.13999
0.139985
0.139981
0.139976
0.139973
0.139969
0.139965
0.139962
0.139959
0.139955
0.139952
0.139948
0.13995
0.140162
0.140166
0.14017
0.140173
0.140176
0.140178
0.140179
0.140179
0.14018
0.14018
0.140181
0.140181
0.140182
0.140182
0.140184
0.140185
0.140186
0.140188
0.140191
0.140193
0.140196
0.140199
0.140202
0.140205
0.140208
0.140211
0.140215
0.140218
0.140222
0.140226
0.14023
0.140234
0.140238
0.140243
0.140247
0.140253
0.140258
0.140264
0.140272
0.140158
0.140153
0.140146
0.140137
0.140129
0.140117
0.140103
0.140091
0.140081
0.140072
0.140063
0.140054
0.140046
0.140038
0.140032
0.140026
0.14002
0.140015
0.14001
0.140006
0.140001
0.139996
0.139991
0.139987
0.139983
0.139979
0.139976
0.139973
0.13997
0.139968
0.139965
0.139963
0.13996
0.139957
0.139954
0.139951
0.139948
0.139944
0.139941
0.140158
0.140162
0.140166
0.140169
0.140171
0.140172
0.140173
0.140173
0.140173
0.140173
0.140173
0.140173
0.140174
0.140174
0.140175
0.140176
0.140177
0.140179
0.140181
0.140183
0.140185
0.140188
0.140191
0.140195
0.140198
0.140201
0.140204
0.140208
0.140212
0.140216
0.14022
0.140225
0.140229
0.140234
0.14024
0.140245
0.140251
0.140257
0.140265
0.140153
0.140149
0.140142
0.140133
0.140124
0.14011
0.140096
0.140084
0.140074
0.140063
0.140052
0.140041
0.140032
0.140023
0.140016
0.140009
0.140003
0.139998
0.139994
0.139991
0.139989
0.139987
0.139985
0.139983
0.139982
0.139981
0.13998
0.139979
0.139979
0.139978
0.139977
0.139976
0.139975
0.139973
0.139971
0.139968
0.139965
0.139961
0.139955
0.140153
0.140157
0.140161
0.140164
0.140166
0.140166
0.140167
0.140166
0.140166
0.140165
0.140165
0.140165
0.140165
0.140165
0.140165
0.140166
0.140166
0.140167
0.140169
0.14017
0.140173
0.140175
0.140178
0.140181
0.140185
0.140188
0.140192
0.140195
0.140199
0.140204
0.140208
0.140213
0.140218
0.140223
0.140229
0.140235
0.140242
0.140249
0.140257
0.140149
0.140144
0.140137
0.140128
0.140118
0.140104
0.14009
0.140077
0.140065
0.140052
0.14004
0.140028
0.140018
0.140009
0.140002
0.139998
0.139995
0.139994
0.139993
0.139993
0.139993
0.139993
0.139994
0.139996
0.139997
0.139999
0.14
0.140002
0.140004
0.140006
0.140007
0.140008
0.140009
0.140009
0.140009
0.140009
0.140007
0.140006
0.139999
0.140148
0.140152
0.140156
0.140158
0.14016
0.14016
0.14016
0.140159
0.140158
0.140157
0.140156
0.140156
0.140155
0.140154
0.140154
0.140154
0.140154
0.140154
0.140155
0.140156
0.140158
0.140161
0.140163
0.140166
0.140169
0.140173
0.140176
0.14018
0.140184
0.140189
0.140193
0.140198
0.140204
0.140209
0.140215
0.140222
0.140229
0.140237
0.140246
0.140144
0.140139
0.140132
0.140122
0.140113
0.140097
0.140083
0.14007
0.140056
0.140041
0.140028
0.140016
0.140007
0.140002
0.14
0.14
0.140001
0.140003
0.140005
0.140007
0.14001
0.140013
0.140017
0.14002
0.140024
0.140028
0.140031
0.140034
0.140036
0.140038
0.14004
0.140042
0.140043
0.140044
0.140045
0.140045
0.140045
0.140045
0.140042
0.140143
0.140147
0.14015
0.140153
0.140153
0.140153
0.140152
0.140151
0.14015
0.140148
0.140147
0.140145
0.140144
0.140142
0.140141
0.14014
0.140139
0.140139
0.14014
0.140141
0.140143
0.140145
0.140148
0.14015
0.140153
0.140156
0.14016
0.140163
0.140167
0.140172
0.140176
0.140181
0.140187
0.140192
0.140199
0.140205
0.140213
0.140221
0.140231
0.140139
0.140134
0.140126
0.140117
0.140106
0.14009
0.140076
0.140062
0.140046
0.14003
0.140017
0.140009
0.140006
0.140007
0.14001
0.140014
0.140019
0.140023
0.140027
0.14003
0.140034
0.140037
0.140041
0.140045
0.140048
0.140052
0.140055
0.140058
0.14006
0.140063
0.140065
0.140067
0.140069
0.14007
0.140071
0.140072
0.140073
0.140074
0.140072
0.140138
0.140141
0.140144
0.140146
0.140147
0.140146
0.140144
0.140143
0.14014
0.140138
0.140136
0.140134
0.140131
0.140129
0.140127
0.140125
0.140125
0.140124
0.140125
0.140126
0.140127
0.140129
0.140131
0.140134
0.140137
0.14014
0.140143
0.140147
0.14015
0.140154
0.140159
0.140164
0.140169
0.140174
0.14018
0.140187
0.140195
0.140203
0.140213
0.140134
0.140129
0.140121
0.140111
0.1401
0.140083
0.140069
0.140053
0.140036
0.140021
0.140011
0.14001
0.140014
0.140021
0.140028
0.140033
0.140038
0.140043
0.140047
0.14005
0.140054
0.140057
0.140061
0.140065
0.140069
0.140073
0.140077
0.14008
0.140083
0.140086
0.140089
0.140092
0.140094
0.140096
0.140098
0.140099
0.1401
0.140102
0.140101
0.140132
0.140135
0.140138
0.140139
0.140139
0.140138
0.140136
0.140133
0.14013
0.140128
0.140125
0.140121
0.140118
0.140115
0.140113
0.140111
0.14011
0.140109
0.140109
0.14011
0.140111
0.140113
0.140115
0.140117
0.14012
0.140123
0.140126
0.140129
0.140133
0.140137
0.140141
0.140146
0.14015
0.140156
0.140161
0.140168
0.140175
0.140183
0.140193
0.140128
0.140123
0.140115
0.140105
0.140093
0.140076
0.140062
0.140044
0.140027
0.140015
0.140014
0.140021
0.140029
0.140037
0.140044
0.14005
0.140056
0.140061
0.140065
0.140069
0.140073
0.140077
0.140082
0.140086
0.140091
0.140096
0.1401
0.140104
0.140108
0.140112
0.140115
0.140118
0.14012
0.140123
0.140125
0.140127
0.140129
0.140131
0.140131
0.140126
0.140129
0.140131
0.140132
0.140131
0.140129
0.140127
0.140123
0.14012
0.140117
0.140112
0.140108
0.140104
0.140101
0.140098
0.140096
0.140094
0.140093
0.140093
0.140093
0.140094
0.140095
0.140097
0.1401
0.140102
0.140105
0.140108
0.140112
0.140115
0.140119
0.140123
0.140128
0.140133
0.140138
0.140143
0.140149
0.140156
0.140164
0.140173
0.140121
0.140117
0.140109
0.140099
0.140087
0.140069
0.140054
0.140035
0.14002
0.140016
0.140023
0.140033
0.140043
0.140052
0.140061
0.140068
0.140074
0.14008
0.140085
0.14009
0.140094
0.140099
0.140104
0.140109
0.140115
0.14012
0.140125
0.140129
0.140134
0.140138
0.140141
0.140145
0.140148
0.14015
0.140153
0.140156
0.140158
0.14016
0.140161
0.14012
0.140123
0.140125
0.140125
0.140124
0.140121
0.140118
0.140113
0.140109
0.140103
0.140098
0.140093
0.140089
0.140086
0.140083
0.140081
0.140079
0.140078
0.140077
0.140077
0.140078
0.140079
0.140081
0.140083
0.140085
0.140088
0.140091
0.140094
0.140098
0.140102
0.140106
0.140111
0.140116
0.140121
0.140127
0.140133
0.14014
0.140147
0.140156
0.140116
0.140111
0.140103
0.140093
0.14008
0.140062
0.140045
0.140027
0.140019
0.140023
0.140033
0.140045
0.140056
0.140067
0.140076
0.140084
0.140092
0.140098
0.140103
0.140109
0.140114
0.140119
0.140124
0.140129
0.140135
0.140141
0.140146
0.140151
0.140155
0.140159
0.140163
0.140167
0.14017
0.140173
0.140176
0.140179
0.140182
0.140185
0.140187
0.140115
0.140118
0.140119
0.140119
0.140117
0.140113
0.140108
0.140102
0.140097
0.140087
0.140081
0.140077
0.140073
0.14007
0.140068
0.140066
0.140064
0.140063
0.140062
0.140062
0.140063
0.140064
0.140065
0.140067
0.14007
0.140072
0.140075
0.140078
0.140081
0.140085
0.140089
0.140094
0.140098
0.140104
0.140109
0.140116
0.140123
0.14013
0.140139
0.140111
0.140106
0.140098
0.140088
0.140074
0.140056
0.140037
0.140022
0.140023
0.140032
0.140044
0.140057
0.14007
0.140082
0.140091
0.1401
0.140107
0.140114
0.140119
0.140124
0.140129
0.140134
0.14014
0.140145
0.140151
0.140156
0.140161
0.140166
0.14017
0.140174
0.140178
0.140182
0.140186
0.140189
0.140193
0.140196
0.140199
0.140203
0.140206
0.140109
0.140112
0.140113
0.140112
0.140109
0.140104
0.140098
0.140091
0.140084
0.14007
0.140063
0.14006
0.140057
0.140054
0.140052
0.14005
0.140049
0.140048
0.140047
0.140047
0.140048
0.140049
0.14005
0.140052
0.140054
0.140056
0.140058
0.140061
0.140064
0.140067
0.140071
0.140075
0.140079
0.140084
0.140089
0.140095
0.140102
0.140109
0.140118
0.140106
0.140101
0.140093
0.140082
0.140068
0.140049
0.140028
0.140022
0.140028
0.14004
0.140056
0.140071
0.140085
0.140097
0.140107
0.140116
0.140123
0.140129
0.140134
0.140139
0.140144
0.140149
0.140154
0.140159
0.140164
0.140169
0.140174
0.140178
0.140183
0.140187
0.140191
0.140194
0.140198
0.140202
0.140205
0.140209
0.140212
0.140216
0.14022
0.140103
0.140106
0.140106
0.140104
0.1401
0.140095
0.140088
0.140078
0.140069
0.140053
0.140046
0.140043
0.140041
0.140039
0.140037
0.140035
0.140034
0.140033
0.140032
0.140032
0.140032
0.140033
0.140034
0.140035
0.140037
0.140039
0.140041
0.140043
0.140046
0.140049
0.140052
0.140055
0.140059
0.140064
0.140068
0.140073
0.140079
0.140086
0.140094
0.1401
0.140095
0.140087
0.140076
0.140061
0.140041
0.14002
0.140022
0.140034
0.140051
0.14007
0.140086
0.140101
0.140113
0.140123
0.140131
0.140137
0.140143
0.140148
0.140152
0.140157
0.140161
0.140165
0.14017
0.140175
0.14018
0.140184
0.140188
0.140192
0.140196
0.1402
0.140204
0.140208
0.140211
0.140215
0.140218
0.140222
0.140227
0.14023
0.140096
0.140098
0.140098
0.140096
0.140091
0.140085
0.140076
0.140066
0.140054
0.140037
0.140031
0.140028
0.140026
0.140025
0.140023
0.140022
0.14002
0.140019
0.140018
0.140018
0.140018
0.140018
0.140018
0.140019
0.14002
0.140021
0.140023
0.140024
0.140027
0.140029
0.140032
0.140035
0.140038
0.140042
0.140047
0.140051
0.140057
0.140063
0.14007
0.140093
0.140088
0.14008
0.140069
0.140054
0.140034
0.140014
0.140025
0.140043
0.140064
0.140085
0.140102
0.140116
0.140127
0.140136
0.140143
0.140149
0.140154
0.140158
0.140162
0.140166
0.14017
0.140174
0.140179
0.140183
0.140188
0.140192
0.140196
0.140201
0.140205
0.140209
0.140213
0.140216
0.14022
0.140224
0.140228
0.140232
0.140237
0.140241
0.140089
0.140091
0.14009
0.140087
0.140081
0.140074
0.140064
0.140052
0.140039
0.140024
0.140019
0.140018
0.140017
0.140016
0.140014
0.140012
0.140012
0.140012
0.140012
0.140012
0.140012
0.140012
0.140012
0.140011
0.140011
0.140011
0.14001
0.140009
0.140009
0.140009
0.140009
0.14001
0.140012
0.140014
0.140017
0.140021
0.140026
0.140031
0.140038
0.140086
0.140081
0.140073
0.140062
0.140047
0.140027
0.140009
0.14003
0.140053
0.140078
0.140099
0.140115
0.140128
0.140138
0.140145
0.140152
0.140157
0.140162
0.140166
0.14017
0.140174
0.140178
0.140182
0.140187
0.140192
0.140197
0.140202
0.140207
0.140212
0.140217
0.140222
0.140226
0.140231
0.140236
0.14024
0.140245
0.14025
0.140255
0.140259
0.140081
0.140082
0.140081
0.140077
0.140071
0.140063
0.140052
0.140039
0.140024
0.140017
0.140016
0.140016
0.140018
0.14002
0.140022
0.140024
0.140026
0.140027
0.140029
0.14003
0.140031
0.140031
0.140031
0.14003
0.140029
0.140028
0.140027
0.140025
0.140023
0.140021
0.140019
0.140017
0.140015
0.140012
0.14001
0.140009
0.14001
0.140011
0.140014
0.140078
0.140073
0.140066
0.140055
0.14004
0.140019
0.140006
0.140036
0.140064
0.14009
0.140109
0.140124
0.140135
0.140145
0.140152
0.140159
0.140164
0.14017
0.140174
0.140179
0.140183
0.140188
0.140194
0.1402
0.140206
0.140213
0.14022
0.140226
0.140233
0.140239
0.140246
0.140252
0.140258
0.140265
0.140271
0.140277
0.140284
0.140291
0.140297
0.140071
0.140072
0.14007
0.140066
0.14006
0.140051
0.14004
0.140026
0.140013
0.140016
0.140019
0.140022
0.140026
0.14003
0.140033
0.140036
0.140039
0.140042
0.140044
0.140046
0.140048
0.140049
0.14005
0.14005
0.14005
0.14005
0.14005
0.140049
0.140048
0.140047
0.140046
0.140044
0.140042
0.14004
0.140037
0.140034
0.140031
0.140029
0.140026
0.140069
0.140065
0.140058
0.140047
0.140032
0.140013
0.140007
0.140043
0.140072
0.140097
0.140115
0.140129
0.140141
0.140151
0.14016
0.140168
0.140175
0.140182
0.140188
0.140195
0.140201
0.140207
0.140215
0.140223
0.140231
0.14024
0.140249
0.140258
0.140266
0.140275
0.140283
0.140291
0.140299
0.140308
0.140316
0.140324
0.140333
0.140342
0.140351
0.140061
0.140062
0.140059
0.140055
0.140048
0.14004
0.140028
0.140015
0.140006
0.140018
0.140025
0.140031
0.140037
0.140042
0.140046
0.140051
0.140054
0.140058
0.140061
0.140064
0.140066
0.140068
0.140069
0.140071
0.140071
0.140072
0.140072
0.140072
0.140071
0.140071
0.14007
0.140069
0.140067
0.140066
0.140064
0.140061
0.140058
0.140054
0.140048
0.140059
0.140055
0.140049
0.140039
0.140025
0.140008
0.140012
0.140047
0.140075
0.140099
0.140118
0.140134
0.140148
0.140162
0.140174
0.140185
0.140194
0.140203
0.140211
0.140219
0.140226
0.140234
0.140242
0.140251
0.140261
0.140271
0.14028
0.140289
0.140298
0.140307
0.140315
0.140323
0.140331
0.140339
0.140348
0.140356
0.140365
0.140375
0.140384
0.14005
0.14005
0.140048
0.140043
0.140037
0.140028
0.140017
0.140007
0.140005
0.140021
0.140031
0.140039
0.140046
0.140053
0.140059
0.140064
0.140069
0.140074
0.140078
0.140081
0.140084
0.140087
0.140089
0.140091
0.140092
0.140094
0.140095
0.140096
0.140097
0.140098
0.140098
0.140099
0.1401
0.1401
0.140101
0.140101
0.140101
0.140101
0.1401
0.140048
0.140045
0.140039
0.14003
0.140018
0.140004
0.140015
0.140045
0.140072
0.140099
0.140122
0.140142
0.140161
0.140177
0.140191
0.140202
0.140212
0.14022
0.140228
0.140234
0.140241
0.140247
0.140254
0.140261
0.140268
0.140275
0.140281
0.140287
0.140293
0.140299
0.140304
0.14031
0.140315
0.14032
0.140325
0.14033
0.140335
0.140341
0.140347
0.140037
0.140037
0.140035
0.140031
0.140025
0.140018
0.140008
0.140003
0.140008
0.140022
0.140032
0.140041
0.140051
0.14006
0.140068
0.140075
0.140081
0.140088
0.140093
0.140098
0.140103
0.140107
0.140111
0.140113
0.140115
0.140117
0.140119
0.140119
0.140118
0.14012
0.140121
0.14012
0.140119
0.140118
0.140116
0.140115
0.140113
0.140112
0.140111
0.140036
0.140034
0.140029
0.140022
0.140012
0.140003
0.140016
0.140039
0.140066
0.140099
0.140126
0.140148
0.140165
0.140177
0.140186
0.140193
0.140198
0.140202
0.140206
0.140209
0.140212
0.140214
0.140218
0.140221
0.140225
0.140229
0.140234
0.140239
0.140245
0.14025
0.140256
0.140263
0.140269
0.140276
0.140283
0.140291
0.140299
0.140309
0.140317
0.140023
0.140023
0.140021
0.140018
0.140014
0.140009
0.140002
0.140003
0.140009
0.140016
0.140025
0.140036
0.140048
0.140058
0.140067
0.140074
0.140081
0.140087
0.140093
0.140099
0.140105
0.140111
0.140117
0.140122
0.140128
0.140134
0.140139
0.140146
0.140154
0.140159
0.140165
0.140172
0.140179
0.140186
0.140194
0.140202
0.140209
0.140219
0.140228
0.140023
0.140021
0.140018
0.140013
0.140006
0.140003
0.140014
0.140026
0.140057
0.140091
0.140108
0.140117
0.140122
0.140126
0.140129
0.140133
0.140137
0.14014
0.140144
0.140147
0.14015
0.140155
0.140163
0.140173
0.140186
0.140201
0.140217
0.140234
0.140252
0.140271
0.14029
0.14031
0.14033
0.14035
0.140371
0.140393
0.140416
0.140442
0.140467
0.140008
0.140008
0.140007
0.140006
0.140004
0.140002
0.14
0.140002
0.140005
0.140006
0.140015
0.14003
0.140049
0.140067
0.140085
0.140102
0.140118
0.140133
0.140148
0.140161
0.140172
0.140183
0.140192
0.140199
0.140206
0.14021
0.140214
0.140218
0.14022
0.140222
0.140223
0.140224
0.140224
0.140224
0.140224
0.140224
0.140226
0.14023
0.140232
0.140008
0.140007
0.140006
0.140004
0.140002
0.140001
0.140006
0.140009
0.140033
0.140042
0.140031
0.140029
0.140037
0.14005
0.140066
0.140083
0.140098
0.140113
0.140127
0.14014
0.140152
0.140165
0.140178
0.140191
0.140205
0.140219
0.140232
0.140245
0.140256
0.140267
0.140278
0.140287
0.140296
0.140303
0.140311
0.140317
0.140324
0.14033
0.140336
0.119085
0.130389
0.160335
0.180138
0.187299
0.18381
0.171282
0.152184
0.13124
0.114487
0.105745
0.103966
0.106553
0.110877
0.115387
0.119419
0.122806
0.125589
0.127864
0.129731
0.131273
0.132559
0.133658
0.134601
0.135394
0.136054
0.136608
0.137078
0.137477
0.137821
0.13812
0.138384
0.138619
0.138825
0.139008
0.139169
0.139314
0.139445
0.139564
0.139672
0.139773
0.139869
0.139962
0.140051
0.140127
0.140183
0.140219
0.140239
0.140248
0.140259
0.140267
0.140274
0.140282
0.140286
0.140287
0.140288
0.140287
0.140284
0.14028
0.140275
0.140269
0.140261
0.140251
0.140236
0.140218
0.140198
0.140177
0.14016
0.140143
0.140123
0.140098
0.140074
0.140042
0.140015
0.140025
0.140046
0.140099
0.140111
0.140234
0.140234
0.11124
0.0882418
0.0704215
0.0629704
0.0630034
0.0686071
0.0775255
0.0870239
0.0957621
0.103347
0.109745
0.115047
0.119387
0.122912
0.125768
0.128083
0.129967
0.131508
0.132776
0.13383
0.134714
0.13546
0.136093
0.136631
0.137089
0.137482
0.137819
0.13811
0.138363
0.138583
0.138775
0.138942
0.13909
0.13922
0.139334
0.139434
0.139525
0.139611
0.139694
0.139769
0.13984
0.139907
0.139966
0.140011
0.140041
0.140063
0.140077
0.140086
0.140091
0.140094
0.140095
0.140094
0.140089
0.14008
0.140066
0.140048
0.140021
0.13998
0.139947
0.139941
0.139956
0.140001
0.140043
0.140075
0.140104
0.140134
0.140164
0.14019
0.140209
0.140223
0.140234
0.140244
0.140264
0.140303
0.140358
0.14039
0.140351
0.140324
0.140483
0.140342
0.146382
0.156312
0.171512
0.191811
0.20246
0.200672
0.188046
0.16749
0.14352
0.122409
0.109419
0.105027
0.106394
0.11032
0.114797
0.118915
0.122401
0.125265
0.127603
0.129517
0.131094
0.132407
0.133526
0.134483
0.135289
0.135959
0.136515
0.136977
0.13738
0.137733
0.138041
0.138313
0.138554
0.138767
0.138955
0.139122
0.139271
0.139406
0.139529
0.13964
0.139743
0.139841
0.139936
0.140032
0.140114
0.140176
0.140215
0.140237
0.140247
0.140257
0.140266
0.140274
0.140283
0.140287
0.14029
0.14029
0.140289
0.140287
0.140283
0.140279
0.140273
0.140265
0.140254
0.14024
0.140222
0.140201
0.140181
0.140163
0.140146
0.140125
0.140101
0.140076
0.140044
0.140015
0.140023
0.140046
0.140098
0.14011
0.140238
0.140235
0.124939
0.0957057
0.0736393
0.0656766
0.0672172
0.0737908
0.0825219
0.0913413
0.0993334
0.106238
0.112052
0.116867
0.120811
0.124021
0.126626
0.128743
0.130468
0.131881
0.133043
0.134007
0.13482
0.135522
0.136129
0.136648
0.137093
0.137476
0.137807
0.138094
0.138343
0.138562
0.138753
0.138921
0.139069
0.1392
0.139315
0.139417
0.13951
0.139598
0.139683
0.139759
0.139831
0.1399
0.139961
0.140006
0.140037
0.140059
0.140074
0.140083
0.140089
0.140093
0.140094
0.140093
0.140088
0.140079
0.140064
0.140045
0.140016
0.139974
0.139943
0.139939
0.139958
0.140004
0.140046
0.140077
0.140107
0.140137
0.140168
0.140194
0.140213
0.140226
0.140236
0.140247
0.140268
0.140308
0.140365
0.140394
0.140353
0.14033
0.140493
0.140345
0.154862
0.171806
0.182166
0.195965
0.210196
0.214752
0.206731
0.187722
0.161908
0.135779
0.116487
0.107398
0.106448
0.109591
0.113946
0.118165
0.121799
0.124794
0.127233
0.129223
0.130856
0.132212
0.133357
0.134335
0.135156
0.135832
0.136388
0.13686
0.137272
0.137635
0.137953
0.138233
0.138482
0.138703
0.138898
0.139071
0.139225
0.139364
0.139492
0.139612
0.139721
0.139822
0.139919
0.140017
0.140104
0.140169
0.140212
0.140236
0.140247
0.140258
0.140267
0.140275
0.140285
0.14029
0.140292
0.140293
0.140292
0.14029
0.140287
0.140282
0.140276
0.140268
0.140258
0.140244
0.140226
0.140205
0.140184
0.140166
0.140149
0.140128
0.140103
0.140078
0.140046
0.140015
0.140022
0.140045
0.140097
0.14011
0.140242
0.140238
0.127572
0.0969361
0.0754955
0.0694303
0.0728927
0.0801481
0.088441
0.0964085
0.103512
0.109615
0.114746
0.118997
0.122486
0.125333
0.127654
0.129547
0.131096
0.132367
0.133416
0.13429
0.135031
0.135671
0.13623
0.136719
0.137142
0.137508
0.137827
0.138104
0.138347
0.13856
0.138748
0.138913
0.13906
0.139189
0.139304
0.139406
0.1395
0.13959
0.139675
0.139755
0.13983
0.1399
0.139961
0.140006
0.140037
0.140058
0.140073
0.140083
0.140089
0.140092
0.140094
0.140093
0.140087
0.140077
0.140062
0.140042
0.140011
0.139968
0.139939
0.139938
0.139959
0.140007
0.140049
0.14008
0.14011
0.140141
0.140171
0.140198
0.140216
0.140229
0.140239
0.14025
0.140272
0.140314
0.140372
0.140398
0.140356
0.140338
0.140504
0.140348
0.151334
0.174625
0.189173
0.198755
0.210528
0.220983
0.221978
0.210431
0.187766
0.159009
0.13204
0.114281
0.107663
0.108573
0.112518
0.116902
0.120795
0.124021
0.126641
0.128765
0.130497
0.131925
0.133121
0.134135
0.134986
0.135682
0.136239
0.136728
0.137154
0.137529
0.137858
0.138148
0.138407
0.138636
0.138839
0.139017
0.139179
0.139327
0.139463
0.139588
0.139701
0.139805
0.139904
0.140003
0.140094
0.140163
0.140209
0.140236
0.140249
0.140259
0.140269
0.140277
0.140287
0.140293
0.140295
0.140296
0.140296
0.140294
0.14029
0.140286
0.14028
0.140272
0.140262
0.140248
0.14023
0.140208
0.140187
0.140169
0.140152
0.140131
0.140106
0.14008
0.140048
0.140016
0.14002
0.140045
0.140097
0.14011
0.140246
0.140241
0.121899
0.0937529
0.0770489
0.074509
0.0795244
0.0868596
0.0944445
0.101474
0.107664
0.112961
0.117413
0.121108
0.124151
0.126645
0.128687
0.130362
0.131737
0.132872
0.133815
0.134605
0.135278
0.13586
0.136369
0.13682
0.137218
0.137565
0.137868
0.138133
0.138367
0.138573
0.138755
0.138916
0.139059
0.139186
0.139298
0.1394
0.139496
0.139589
0.139677
0.139758
0.139835
0.139906
0.139965
0.140008
0.140038
0.140059
0.140073
0.140083
0.140089
0.140093
0.140094
0.140093
0.140087
0.140076
0.140061
0.140039
0.140006
0.139961
0.139935
0.139936
0.13996
0.14001
0.140052
0.140083
0.140113
0.140144
0.140175
0.140201
0.14022
0.140233
0.140242
0.140254
0.140277
0.140321
0.140379
0.140403
0.140359
0.140346
0.140515
0.140352
0.13971
0.166855
0.187831
0.200987
0.209759
0.219809
0.228048
0.227225
0.213962
0.189395
0.158981
0.131434
0.114326
0.108846
0.110632
0.114922
0.119224
0.122831
0.125738
0.128076
0.129968
0.131512
0.13279
0.133865
0.134766
0.135504
0.136088
0.13658
0.137023
0.137413
0.137757
0.138059
0.138328
0.138566
0.138777
0.138967
0.139138
0.139294
0.139435
0.139565
0.139682
0.139789
0.13989
0.13999
0.140082
0.140156
0.140206
0.140236
0.14025
0.140261
0.140271
0.14028
0.140289
0.140296
0.140299
0.1403
0.1403
0.140298
0.140294
0.14029
0.140284
0.140276
0.140266
0.140252
0.140234
0.140212
0.140191
0.140173
0.140156
0.140134
0.140109
0.140083
0.140051
0.140016
0.140019
0.140044
0.140096
0.140109
0.14025
0.140244
0.111524
0.0894344
0.0797178
0.0808405
0.086678
0.0935787
0.100272
0.106329
0.11162
0.11614
0.119944
0.123113
0.125734
0.127896
0.129676
0.131144
0.132359
0.133367
0.134211
0.134925
0.135538
0.136069
0.136536
0.136949
0.137314
0.137637
0.137923
0.138175
0.138398
0.138595
0.13877
0.138926
0.139065
0.13919
0.139302
0.139406
0.139504
0.139598
0.139686
0.139768
0.139844
0.139914
0.13997
0.140012
0.14004
0.140061
0.140074
0.140084
0.14009
0.140093
0.140094
0.140093
0.140086
0.140075
0.140059
0.140036
0.14
0.139955
0.139931
0.139935
0.139962
0.140014
0.140055
0.140086
0.140117
0.140148
0.140179
0.140206
0.140223
0.140236
0.140246
0.140257
0.140282
0.140327
0.140386
0.140407
0.140362
0.140356
0.140527
0.140354
0.123769
0.151058
0.176938
0.196717
0.20929
0.217558
0.226249
0.233213
0.231663
0.217831
0.192434
0.161028
0.132776
0.115506
0.110282
0.11242
0.116879
0.121098
0.124475
0.127125
0.129239
0.13095
0.13235
0.133512
0.134483
0.135282
0.135917
0.136431
0.136878
0.137285
0.137645
0.137962
0.138243
0.138492
0.138715
0.138917
0.139097
0.139261
0.139407
0.139541
0.139662
0.139771
0.139874
0.139975
0.14007
0.140148
0.140202
0.140235
0.140252
0.140263
0.140273
0.140282
0.140292
0.140299
0.140302
0.140304
0.140303
0.140302
0.140298
0.140294
0.140288
0.14028
0.14027
0.140256
0.140238
0.140217
0.140195
0.140176
0.140159
0.140138
0.140112
0.140085
0.140053
0.140018
0.140018
0.140043
0.140095
0.140109
0.140255
0.140248
0.100893
0.087355
0.0843954
0.0880424
0.0939475
0.10009
0.105813
0.110915
0.115349
0.119138
0.122336
0.125012
0.127239
0.129088
0.130623
0.131897
0.132959
0.133849
0.134602
0.135245
0.135801
0.136287
0.136716
0.137096
0.137432
0.137731
0.137997
0.138233
0.138443
0.138631
0.138799
0.13895
0.139085
0.139207
0.139319
0.139422
0.13952
0.139613
0.1397
0.139781
0.139856
0.139923
0.139977
0.140016
0.140044
0.140063
0.140076
0.140085
0.140091
0.140094
0.140095
0.140093
0.140086
0.140074
0.140057
0.140032
0.139994
0.139949
0.139927
0.139934
0.139965
0.140018
0.140058
0.14009
0.140121
0.140152
0.140184
0.14021
0.140227
0.140239
0.140249
0.140261
0.140287
0.140335
0.140393
0.140411
0.140365
0.140366
0.140539
0.140357
0.108643
0.131185
0.157935
0.183138
0.202621
0.215264
0.223369
0.230963
0.237215
0.235669
0.222098
0.19667
0.16473
0.135602
0.117493
0.111826
0.113926
0.118457
0.122633
0.12584
0.128282
0.130213
0.131778
0.133063
0.134126
0.135003
0.135706
0.136265
0.136728
0.137142
0.137519
0.137854
0.13815
0.138412
0.138651
0.138864
0.139054
0.139224
0.139376
0.139514
0.139639
0.139752
0.139857
0.139959
0.140057
0.140139
0.140198
0.140235
0.140254
0.140265
0.140276
0.140285
0.140294
0.140302
0.140306
0.140308
0.140307
0.140306
0.140303
0.140298
0.140292
0.140285
0.140275
0.140261
0.140243
0.140221
0.140199
0.14018
0.140163
0.140141
0.140115
0.140088
0.140056
0.140019
0.140016
0.140042
0.140094
0.140108
0.14026
0.140253
0.0943885
0.0892336
0.0908369
0.0955231
0.100942
0.106177
0.110936
0.115141
0.118788
0.12191
0.124556
0.126784
0.128652
0.130214
0.131521
0.132616
0.133537
0.134318
0.134985
0.135561
0.136065
0.136508
0.136901
0.13725
0.13756
0.137837
0.138083
0.138304
0.138502
0.138681
0.138841
0.138986
0.139116
0.139235
0.139343
0.139444
0.139541
0.139632
0.139718
0.139797
0.13987
0.139934
0.139985
0.140022
0.140047
0.140065
0.140078
0.140086
0.140092
0.140095
0.140096
0.140093
0.140085
0.140073
0.140055
0.140028
0.139987
0.139942
0.139924
0.139933
0.139968
0.140022
0.140062
0.140094
0.140125
0.140157
0.140188
0.140214
0.140231
0.140243
0.140253
0.140265
0.140293
0.140343
0.140401
0.140416
0.140368
0.140378
0.140552
0.140359
0.0994675
0.113254
0.1352
0.16135
0.18639
0.206247
0.219493
0.227761
0.234475
0.240379
0.239348
0.226674
0.201855
0.169765
0.139654
0.120178
0.113484
0.115197
0.119713
0.12389
0.126992
0.12927
0.131046
0.132489
0.133676
0.134652
0.13544
0.136064
0.136565
0.136988
0.137379
0.137733
0.138047
0.138328
0.138581
0.138806
0.139006
0.139184
0.139342
0.139485
0.139614
0.139731
0.139838
0.139942
0.140042
0.140128
0.140192
0.140233
0.140255
0.140268
0.140278
0.140287
0.140297
0.140305
0.14031
0.140312
0.140312
0.14031
0.140307
0.140303
0.140297
0.140289
0.14028
0.140266
0.140248
0.140226
0.140203
0.140184
0.140167
0.140145
0.140119
0.140091
0.140059
0.140021
0.140015
0.140041
0.140093
0.140107
0.140265
0.140259
0.0939764
0.0944735
0.0981013
0.102734
0.107377
0.111683
0.115544
0.118941
0.121889
0.124421
0.126579
0.128408
0.129954
0.131259
0.132361
0.133294
0.134088
0.134769
0.135358
0.135873
0.136326
0.136729
0.137087
0.137407
0.137692
0.137947
0.138177
0.138383
0.138569
0.138738
0.13889
0.139028
0.139153
0.139267
0.139372
0.139471
0.139565
0.139654
0.139737
0.139814
0.139885
0.139946
0.139993
0.140027
0.140051
0.140068
0.14008
0.140088
0.140093
0.140096
0.140096
0.140093
0.140084
0.140071
0.140052
0.140023
0.13998
0.139935
0.13992
0.139933
0.139972
0.140027
0.140066
0.140098
0.140129
0.140162
0.140193
0.140219
0.140236
0.140247
0.140256
0.14027
0.140299
0.140351
0.14041
0.14042
0.140372
0.140391
0.140566
0.14036
0.0980971
0.102995
0.115769
0.136565
0.162053
0.187247
0.207945
0.222228
0.230974
0.237001
0.242767
0.242603
0.231326
0.207659
0.175793
0.144702
0.1235
0.115299
0.1163
0.120702
0.124916
0.127972
0.130128
0.131772
0.133109
0.13421
0.135103
0.135813
0.136373
0.136828
0.137226
0.137595
0.137929
0.138233
0.138502
0.138741
0.138952
0.139138
0.139304
0.139452
0.139587
0.139708
0.139818
0.139923
0.140025
0.140116
0.140185
0.140231
0.140256
0.14027
0.140281
0.14029
0.1403
0.140308
0.140314
0.140316
0.140316
0.140315
0.140312
0.140307
0.140302
0.140294
0.140285
0.140271
0.140253
0.140231
0.140208
0.140189
0.140171
0.140149
0.140123
0.140094
0.140062
0.140023
0.140014
0.14004
0.140092
0.140106
0.140271
0.140265
0.0983703
0.101335
0.105269
0.109296
0.113084
0.116524
0.119588
0.122282
0.124627
0.12665
0.128387
0.129871
0.131137
0.132217
0.133138
0.133928
0.134608
0.1352
0.135718
0.136176
0.136583
0.136946
0.137272
0.137563
0.137825
0.138061
0.138273
0.138466
0.138641
0.138799
0.138944
0.139074
0.139193
0.139302
0.139404
0.1395
0.139592
0.139678
0.139758
0.139833
0.139901
0.139958
0.140002
0.140034
0.140056
0.140072
0.140082
0.14009
0.140095
0.140097
0.140097
0.140093
0.140084
0.14007
0.140049
0.140017
0.139973
0.139929
0.139918
0.139934
0.139976
0.140032
0.14007
0.140102
0.140134
0.140166
0.140198
0.140224
0.14024
0.140251
0.14026
0.140275
0.140306
0.14036
0.140418
0.140425
0.140375
0.140405
0.14058
0.140361
0.102324
0.101705
0.105604
0.116789
0.135981
0.160616
0.186055
0.207875
0.223545
0.23313
0.239034
0.244622
0.2454
0.235826
0.213753
0.182493
0.150552
0.127428
0.117341
0.117313
0.121485
0.125747
0.128813
0.130884
0.132416
0.133655
0.134675
0.135494
0.136136
0.136644
0.137065
0.137444
0.137795
0.138122
0.138412
0.138666
0.138889
0.139086
0.13926
0.139416
0.139556
0.139681
0.139795
0.139903
0.140007
0.140102
0.140177
0.140228
0.140257
0.140272
0.140283
0.140293
0.140303
0.140312
0.140318
0.14032
0.140321
0.14032
0.140317
0.140312
0.140307
0.1403
0.14029
0.140276
0.140258
0.140236
0.140213
0.140193
0.140175
0.140153
0.140127
0.140098
0.140065
0.140025
0.140013
0.140039
0.140091
0.140104
0.140276
0.140272
0.104935
0.10831
0.111756
0.115012
0.117992
0.120674
0.12306
0.125162
0.127
0.128597
0.129979
0.131171
0.132198
0.133084
0.13385
0.134516
0.135097
0.135609
0.136063
0.136469
0.136833
0.13716
0.137454
0.137719
0.137958
0.138175
0.138372
0.138551
0.138714
0.138863
0.138999
0.139123
0.139236
0.13934
0.139438
0.139531
0.13962
0.139703
0.139781
0.139853
0.139918
0.139971
0.140011
0.14004
0.140061
0.140075
0.140085
0.140092
0.140097
0.140099
0.140098
0.140093
0.140083
0.140068
0.140045
0.140011
0.139965
0.139923
0.139915
0.139935
0.139982
0.140037
0.140074
0.140106
0.140139
0.140172
0.140204
0.140229
0.140245
0.140255
0.140265
0.14028
0.140313
0.14037
0.140427
0.14043
0.14038
0.14042
0.140595
0.140361
0.10876
0.106169
0.105022
0.107672
0.116909
0.134081
0.157525
0.183079
0.206129
0.223495
0.234452
0.241081
0.246345
0.247905
0.240113
0.219925
0.189623
0.157044
0.131938
0.119677
0.11832
0.122111
0.126411
0.129532
0.131559
0.132996
0.134142
0.135084
0.135835
0.136421
0.136887
0.13728
0.137645
0.137993
0.138306
0.138579
0.138818
0.139027
0.139211
0.139374
0.139521
0.139652
0.13977
0.139881
0.139987
0.140085
0.140166
0.140223
0.140257
0.140275
0.140286
0.140296
0.140306
0.140315
0.140322
0.140325
0.140326
0.140325
0.140322
0.140318
0.140312
0.140305
0.140295
0.140282
0.140264
0.140242
0.140218
0.140198
0.14018
0.140158
0.140131
0.140101
0.140069
0.140028
0.140012
0.140037
0.14009
0.140103
0.140282
0.140279
0.111653
0.114568
0.117308
0.119823
0.122105
0.124155
0.125982
0.1276
0.129023
0.13027
0.13136
0.13231
0.133139
0.133863
0.134498
0.135057
0.135553
0.135996
0.136393
0.136751
0.137074
0.137367
0.137631
0.137872
0.13809
0.138289
0.138471
0.138637
0.138789
0.138929
0.139056
0.139173
0.13928
0.13938
0.139474
0.139564
0.139649
0.13973
0.139804
0.139874
0.139934
0.139984
0.14002
0.140047
0.140066
0.140079
0.140088
0.140095
0.140099
0.1401
0.140099
0.140093
0.140082
0.140066
0.140041
0.140004
0.139957
0.139917
0.139913
0.139938
0.139988
0.140042
0.140079
0.140111
0.140144
0.140177
0.140209
0.140235
0.14025
0.14026
0.140269
0.140286
0.140321
0.14038
0.140436
0.140434
0.140384
0.140437
0.14061
0.14036
0.115147
0.112508
0.109858
0.108187
0.109536
0.116646
0.131442
0.153254
0.178601
0.202824
0.222136
0.235022
0.24273
0.247751
0.250034
0.244076
0.226005
0.196996
0.164054
0.137016
0.122374
0.1194
0.122625
0.126927
0.130141
0.132163
0.133522
0.134579
0.135446
0.136136
0.136674
0.137105
0.137481
0.137844
0.138181
0.138478
0.138735
0.138959
0.139154
0.139327
0.139481
0.139618
0.139742
0.139856
0.139965
0.140067
0.140153
0.140217
0.140256
0.140277
0.140289
0.140299
0.140309
0.140319
0.140326
0.14033
0.140331
0.14033
0.140327
0.140323
0.140318
0.140311
0.140301
0.140288
0.14027
0.140248
0.140223
0.140203
0.140185
0.140162
0.140135
0.140105
0.140073
0.140031
0.140011
0.140036
0.140089
0.140101
0.140288
0.140287
0.117553
0.119809
0.121879
0.123767
0.125478
0.12702
0.128402
0.129633
0.130725
0.131692
0.132546
0.1333
0.133967
0.134558
0.135083
0.135554
0.135977
0.136359
0.136705
0.137019
0.137306
0.137566
0.137804
0.138021
0.13822
0.138402
0.13857
0.138724
0.138865
0.138995
0.139114
0.139223
0.139325
0.139421
0.139511
0.139598
0.13968
0.139757
0.139829
0.139894
0.139951
0.139996
0.14003
0.140054
0.140071
0.140083
0.140092
0.140098
0.140101
0.140102
0.140099
0.140093
0.140081
0.140063
0.140036
0.139997
0.139949
0.139911
0.139912
0.139941
0.139995
0.140047
0.140083
0.140117
0.14015
0.140183
0.140215
0.14024
0.140254
0.140264
0.140274
0.140292
0.14033
0.140391
0.140445
0.140439
0.140389
0.140455
0.140626
0.140358
0.120565
0.118486
0.116035
0.113392
0.111291
0.111433
0.116406
0.128578
0.148285
0.172948
0.198103
0.219445
0.234565
0.243669
0.248611
0.251559
0.247458
0.231722
0.204363
0.171415
0.14261
0.12548
0.120627
0.123072
0.127323
0.13065
0.132703
0.134002
0.134975
0.135769
0.136404
0.136902
0.137307
0.137676
0.138033
0.138357
0.138638
0.13888
0.139089
0.139273
0.139436
0.139581
0.13971
0.139829
0.13994
0.140046
0.140138
0.140209
0.140254
0.140278
0.140292
0.140303
0.140313
0.140323
0.14033
0.140335
0.140336
0.140336
0.140333
0.140329
0.140324
0.140317
0.140307
0.140294
0.140277
0.140254
0.140229
0.140208
0.14019
0.140167
0.14014
0.140109
0.140076
0.140034
0.140011
0.140034
0.140087
0.140099
0.140293
0.140296
0.122362
0.124023
0.125543
0.126932
0.128197
0.129344
0.130378
0.131308
0.132143
0.132889
0.133557
0.134156
0.134692
0.135175
0.135612
0.136008
0.136368
0.136697
0.136998
0.137274
0.137527
0.137758
0.137971
0.138167
0.138347
0.138514
0.138668
0.13881
0.138941
0.139061
0.139172
0.139275
0.139372
0.139463
0.13955
0.139633
0.139711
0.139785
0.139853
0.139915
0.139968
0.140009
0.140039
0.140061
0.140076
0.140087
0.140095
0.1401
0.140103
0.140103
0.1401
0.140092
0.140079
0.14006
0.140031
0.139989
0.13994
0.139906
0.139912
0.139946
0.140002
0.140053
0.140089
0.140122
0.140156
0.14019
0.140222
0.140246
0.14026
0.140269
0.140279
0.140299
0.14034
0.140403
0.140455
0.140444
0.140395
0.140476
0.140642
0.140355
0.124846
0.123352
0.121527
0.119305
0.116761
0.114375
0.113499
0.116474
0.12592
0.143094
0.166492
0.192131
0.215367
0.232872
0.243707
0.249469
0.252842
0.250351
0.236975
0.211539
0.178955
0.148642
0.129012
0.122057
0.123508
0.127625
0.131071
0.133186
0.134443
0.135335
0.136057
0.136643
0.137108
0.137496
0.137867
0.138214
0.138522
0.138787
0.139014
0.139211
0.139384
0.139538
0.139675
0.139798
0.139913
0.140022
0.14012
0.140198
0.14025
0.140279
0.140295
0.140306
0.140316
0.140327
0.140335
0.14034
0.140342
0.140341
0.140339
0.140335
0.14033
0.140323
0.140314
0.140301
0.140283
0.140261
0.140236
0.140214
0.140195
0.140173
0.140145
0.140114
0.140081
0.140038
0.140012
0.140032
0.140086
0.140097
0.140299
0.140306
0.126132
0.127325
0.128423
0.129434
0.13036
0.131207
0.131979
0.13268
0.133317
0.133894
0.134418
0.134894
0.135328
0.135725
0.136088
0.136421
0.136728
0.137012
0.137273
0.137514
0.137736
0.137942
0.138132
0.138308
0.138472
0.138624
0.138764
0.138895
0.139016
0.139127
0.139231
0.139328
0.139419
0.139506
0.139589
0.139668
0.139743
0.139814
0.139879
0.139936
0.139984
0.140021
0.140048
0.140067
0.140082
0.140092
0.140099
0.140103
0.140106
0.140105
0.140101
0.140092
0.140078
0.140056
0.140024
0.13998
0.139932
0.139902
0.139913
0.139952
0.14001
0.140059
0.140094
0.140128
0.140162
0.140196
0.140228
0.140252
0.140265
0.140274
0.140284
0.140306
0.14035
0.140415
0.140465
0.140448
0.140401
0.140498
0.140658
0.14035
0.128117
0.127076
0.125813
0.124246
0.122285
0.119921
0.117431
0.115787
0.117016
0.123794
0.138121
0.159638
0.18515
0.209942
0.229872
0.242983
0.250279
0.253972
0.252839
0.241749
0.218422
0.186547
0.155025
0.132957
0.123729
0.123964
0.127838
0.131399
0.133611
0.134854
0.135675
0.136328
0.136864
0.137298
0.137681
0.138048
0.138384
0.138677
0.138926
0.13914
0.139325
0.139489
0.139634
0.139764
0.139883
0.139996
0.140099
0.140184
0.140244
0.140279
0.140298
0.14031
0.14032
0.14033
0.140339
0.140345
0.140348
0.140348
0.140346
0.140342
0.140337
0.14033
0.140321
0.140308
0.140291
0.140268
0.140242
0.14022
0.140201
0.140178
0.140151
0.140119
0.140085
0.140042
0.140013
0.14003
0.140084
0.140094
0.140305
0.140316
0.129023
0.129872
0.13066
0.131392
0.132069
0.132694
0.13327
0.133801
0.134289
0.134738
0.135151
0.135533
0.135886
0.136213
0.136516
0.136797
0.137059
0.137302
0.137528
0.137738
0.137934
0.138116
0.138286
0.138445
0.138593
0.138731
0.138859
0.138979
0.13909
0.139193
0.13929
0.139381
0.139467
0.13955
0.139629
0.139705
0.139776
0.139843
0.139904
0.139957
0.14
0.140033
0.140057
0.140074
0.140087
0.140096
0.140102
0.140106
0.140108
0.140106
0.140101
0.140091
0.140075
0.140052
0.140017
0.139971
0.139924
0.139899
0.139915
0.13996
0.140018
0.140065
0.1401
0.140135
0.140169
0.140203
0.140235
0.140258
0.14027
0.140279
0.14029
0.140314
0.140361
0.140428
0.140475
0.140452
0.140408
0.140522
0.140675
0.140344
0.130581
0.12986
0.128998
0.127947
0.12663
0.124947
0.122828
0.120388
0.118257
0.118074
0.122398
0.13373
0.152813
0.177489
0.203324
0.225591
0.241352
0.250514
0.25464
0.254752
0.24592
0.22489
0.194084
0.161707
0.137346
0.125735
0.124538
0.128017
0.131636
0.133944
0.135189
0.135961
0.136565
0.137068
0.137486
0.137866
0.138222
0.138544
0.138821
0.139056
0.139258
0.139433
0.139587
0.139725
0.13985
0.139966
0.140074
0.140167
0.140235
0.140278
0.140301
0.140314
0.140324
0.140335
0.140344
0.14035
0.140354
0.140354
0.140352
0.140349
0.140343
0.140337
0.140328
0.140315
0.140298
0.140275
0.140249
0.140227
0.140207
0.140184
0.140156
0.140124
0.14009
0.140046
0.140014
0.140028
0.140083
0.140091
0.14031
0.140326
0.131218
0.131822
0.132388
0.132919
0.133416
0.133881
0.134314
0.134719
0.135097
0.135449
0.135779
0.136087
0.136376
0.136646
0.1369
0.137137
0.13736
0.137569
0.137765
0.137948
0.138121
0.138282
0.138434
0.138576
0.13871
0.138835
0.138952
0.139061
0.139163
0.139259
0.139349
0.139434
0.139516
0.139595
0.13967
0.139741
0.139809
0.139872
0.139928
0.139977
0.140015
0.140044
0.140066
0.140081
0.140092
0.140101
0.140106
0.140109
0.14011
0.140108
0.140101
0.14009
0.140073
0.140047
0.140009
0.139961
0.139916
0.139896
0.139919
0.139969
0.140026
0.140071
0.140107
0.140142
0.140177
0.140211
0.140243
0.140265
0.140276
0.140284
0.140296
0.140323
0.140374
0.140442
0.140485
0.140457
0.140415
0.140549
0.140691
0.140336
0.132428
0.131924
0.131332
0.130625
0.129763
0.128679
0.127271
0.125432
0.123157
0.120818
0.119592
0.121792
0.130173
0.146428
0.1696
0.19589
0.220271
0.238794
0.25004
0.254945
0.256046
0.249276
0.230623
0.201192
0.16831
0.141852
0.127852
0.12518
0.128271
0.132008
0.134399
0.13558
0.136231
0.136755
0.137233
0.137657
0.138043
0.13839
0.138695
0.138956
0.139178
0.139368
0.139534
0.139681
0.139812
0.139934
0.140047
0.140146
0.140224
0.140274
0.140302
0.140318
0.140328
0.140339
0.140349
0.140356
0.14036
0.140361
0.140359
0.140356
0.140351
0.140344
0.140335
0.140323
0.140306
0.140283
0.140257
0.140234
0.140214
0.140191
0.140163
0.14013
0.140095
0.14005
0.140016
0.140027
0.140081
0.140088
0.140315
0.140338
0.13288
0.133313
0.133724
0.134114
0.134483
0.134832
0.135163
0.135476
0.135772
0.136053
0.136318
0.136569
0.136806
0.137031
0.137244
0.137445
0.137635
0.137815
0.137984
0.138145
0.138296
0.13844
0.138575
0.138702
0.138823
0.138936
0.139042
0.139142
0.139235
0.139324
0.139408
0.139488
0.139566
0.13964
0.139711
0.139778
0.139842
0.139901
0.139953
0.139996
0.14003
0.140056
0.140074
0.140088
0.140098
0.140105
0.14011
0.140112
0.140112
0.140109
0.140101
0.140088
0.140069
0.14004
0.139999
0.13995
0.139908
0.139895
0.139924
0.139978
0.140035
0.140078
0.140114
0.140149
0.140184
0.140219
0.14025
0.140272
0.140282
0.14029
0.140303
0.140333
0.140387
0.140456
0.140495
0.140461
0.140424
0.140577
0.140706
0.140326
0.133837
0.13348
0.133068
0.132585
0.132013
0.131318
0.130446
0.129303
0.127767
0.125759
0.123425
0.121537
0.121956
0.127421
0.140332
0.16104
0.18688
0.213032
0.234668
0.248896
0.256073
0.258
0.252969
0.236753
0.209072
0.175962
0.147165
0.130026
0.125113
0.127579
0.131743
0.134664
0.136058
0.136638
0.137011
0.137397
0.137809
0.138203
0.138549
0.13884
0.139085
0.139293
0.139473
0.13963
0.13977
0.139897
0.140015
0.140122
0.140208
0.140268
0.140303
0.140321
0.140333
0.140343
0.140353
0.140361
0.140366
0.140367
0.140366
0.140363
0.140358
0.140352
0.140343
0.140331
0.140315
0.140292
0.140265
0.140241
0.140221
0.140198
0.140169
0.140136
0.1401
0.140055
0.140018
0.140025
0.140079
0.140086
0.14032
0.14035
0.134161
0.134476
0.134778
0.135068
0.135346
0.135612
0.135868
0.136113
0.136347
0.136572
0.136786
0.136992
0.137188
0.137375
0.137554
0.137724
0.137886
0.138041
0.138188
0.138329
0.138462
0.138589
0.138709
0.138823
0.138931
0.139033
0.139129
0.13922
0.139306
0.139388
0.139467
0.139542
0.139615
0.139685
0.139752
0.139815
0.139875
0.139929
0.139976
0.140014
0.140044
0.140066
0.140083
0.140095
0.140103
0.14011
0.140114
0.140115
0.140114
0.140109
0.1401
0.140086
0.140065
0.140032
0.139989
0.13994
0.139901
0.139896
0.139932
0.139989
0.140043
0.140086
0.140121
0.140157
0.140193
0.140227
0.140258
0.140278
0.140288
0.140296
0.140311
0.140343
0.140402
0.140472
0.140505
0.140464
0.140434
0.140609
0.140721
0.140314
0.135128
0.134886
0.13461
0.134294
0.133927
0.133496
0.132981
0.132343
0.13152
0.130409
0.128906
0.127
0.125023
0.124021
0.126035
0.133506
0.148108
0.16943
0.19455
0.218994
0.238662
0.251478
0.256415
0.255165
0.244813
0.223474
0.194038
0.16392
0.141076
0.129407
0.127235
0.130003
0.133491
0.135788
0.136863
0.1373
0.137587
0.137918
0.138291
0.138643
0.13894
0.139181
0.139382
0.139555
0.139708
0.139845
0.13997
0.140085
0.140183
0.140256
0.140301
0.140325
0.140338
0.140349
0.140359
0.140368
0.140374
0.140376
0.140376
0.140373
0.140368
0.140361
0.140353
0.140341
0.140325
0.140302
0.140275
0.140251
0.14023
0.140206
0.140177
0.140143
0.140107
0.140061
0.140021
0.140023
0.140077
0.140083
0.140324
0.140363
0.135351
0.135569
0.135783
0.135991
0.136194
0.136391
0.136582
0.136767
0.136946
0.137119
0.137287
0.137448
0.137604
0.137754
0.137899
0.138038
0.138172
0.138301
0.138425
0.138544
0.138657
0.138766
0.138869
0.138968
0.139062
0.139151
0.139236
0.139317
0.139395
0.139469
0.139541
0.13961
0.139678
0.139742
0.139804
0.139862
0.139915
0.139963
0.140003
0.140036
0.140061
0.140079
0.140093
0.140103
0.14011
0.140115
0.140118
0.140119
0.140116
0.14011
0.140099
0.140082
0.140057
0.140021
0.139975
0.139927
0.139894
0.1399
0.139944
0.140002
0.140054
0.140095
0.140131
0.140167
0.140203
0.140238
0.140268
0.140287
0.140295
0.140304
0.140321
0.140357
0.14042
0.14049
0.140516
0.140468
0.140447
0.140645
0.140736
0.1403
0.136268
0.13611
0.135933
0.135733
0.135507
0.135249
0.134952
0.134607
0.134196
0.133683
0.132999
0.132026
0.130635
0.128793
0.126856
0.12587
0.127881
0.135236
0.149509
0.170318
0.194895
0.219013
0.238487
0.251183
0.255518
0.252488
0.239653
0.216634
0.187575
0.159825
0.139966
0.130426
0.129049
0.131658
0.134683
0.136587
0.137435
0.137771
0.138024
0.138343
0.13869
0.138999
0.139249
0.13945
0.139621
0.139772
0.139909
0.140034
0.140145
0.140233
0.140293
0.140327
0.140344
0.140356
0.140366
0.140376
0.140383
0.140387
0.140387
0.140384
0.14038
0.140373
0.140365
0.140353
0.140338
0.140315
0.140288
0.140262
0.14024
0.140216
0.140187
0.140152
0.140114
0.140068
0.140025
0.140021
0.140074
0.14008
0.140328
0.140376
0.136415
0.136562
0.136706
0.136849
0.13699
0.137128
0.137264
0.137398
0.137529
0.137659
0.137786
0.137909
0.138029
0.138146
0.138259
0.138369
0.138476
0.13858
0.13868
0.138777
0.138871
0.138961
0.139047
0.13913
0.139209
0.139285
0.139358
0.139429
0.139498
0.139564
0.139628
0.139691
0.139751
0.139809
0.139864
0.139915
0.139961
0.140001
0.140034
0.140059
0.140079
0.140093
0.140104
0.140112
0.140118
0.140122
0.140123
0.140122
0.140118
0.140109
0.140096
0.140076
0.140046
0.140005
0.139957
0.139912
0.139889
0.139908
0.13996
0.140018
0.140067
0.140107
0.140143
0.14018
0.140216
0.14025
0.140279
0.140296
0.140304
0.140313
0.140333
0.140375
0.140443
0.140511
0.140527
0.140473
0.140466
0.140687
0.14075
0.140281
0.137088
0.136981
0.136863
0.13673
0.136582
0.136416
0.13623
0.136018
0.135779
0.135505
0.135179
0.134758
0.134153
0.133216
0.131797
0.129874
0.127881
0.12696
0.129201
0.13694
0.151612
0.172663
0.197265
0.221213
0.240268
0.251879
0.25467
0.248877
0.232918
0.208007
0.179377
0.154148
0.137581
0.130661
0.130611
0.133354
0.135934
0.137362
0.137925
0.138171
0.138426
0.138743
0.139055
0.139314
0.139518
0.139687
0.139837
0.139973
0.140096
0.1402
0.140277
0.140324
0.140349
0.140363
0.140374
0.140384
0.140392
0.140397
0.140398
0.140396
0.140392
0.140386
0.140377
0.140366
0.140351
0.140329
0.140301
0.140274
0.140251
0.140227
0.140197
0.140161
0.140123
0.140076
0.140029
0.14002
0.140072
0.140078
0.140332
0.14039
0.137189
0.137291
0.137393
0.137494
0.137595
0.137696
0.137796
0.137896
0.137995
0.138093
0.13819
0.138286
0.138381
0.138473
0.138563
0.138652
0.138738
0.138822
0.138903
0.138983
0.13906
0.139134
0.139206
0.139276
0.139344
0.139409
0.139473
0.139535
0.139596
0.139655
0.139712
0.139768
0.139822
0.139873
0.139921
0.139965
0.140003
0.140035
0.14006
0.14008
0.140095
0.140106
0.140115
0.140121
0.140125
0.140128
0.140128
0.140125
0.140118
0.140107
0.140091
0.140066
0.140032
0.139987
0.139939
0.1399
0.139889
0.139922
0.139978
0.140034
0.140081
0.14012
0.140156
0.140194
0.14023
0.140264
0.140291
0.140306
0.140313
0.140324
0.140347
0.140395
0.140467
0.140532
0.140538
0.140477
0.140492
0.140732
0.14076
0.14026
0.137695
0.13762
0.137539
0.137449
0.137349
0.137237
0.137113
0.136972
0.136814
0.136638
0.13644
0.136217
0.135949
0.135583
0.13501
0.134073
0.132619
0.130658
0.128701
0.12799
0.130703
0.13916
0.154652
0.176393
0.201314
0.224916
0.242862
0.25231
0.252596
0.24346
0.224327
0.197891
0.170225
0.148001
0.135089
0.130974
0.132242
0.135002
0.137041
0.137987
0.138326
0.138534
0.138808
0.139111
0.139377
0.139586
0.139756
0.139904
0.140038
0.140157
0.140251
0.140315
0.140352
0.14037
0.140382
0.140392
0.140401
0.140408
0.14041
0.140409
0.140405
0.140399
0.14039
0.140379
0.140364
0.140343
0.140315
0.140287
0.140263
0.140238
0.140208
0.140172
0.140132
0.140084
0.140035
0.140019
0.140069
0.140075
0.140335
0.140403
0.137767
0.13784
0.137914
0.137989
0.138065
0.138141
0.138217
0.138294
0.13837
0.138447
0.138523
0.138598
0.138674
0.138748
0.138821
0.138892
0.138962
0.13903
0.139097
0.139163
0.139226
0.139289
0.139349
0.139409
0.139467
0.139524
0.139579
0.139634
0.139688
0.13974
0.139792
0.139841
0.139888
0.139932
0.139973
0.140009
0.140039
0.140064
0.140083
0.140098
0.14011
0.140118
0.140125
0.14013
0.140132
0.140133
0.140131
0.140126
0.140117
0.140104
0.140083
0.140054
0.140014
0.139967
0.13992
0.13989
0.139895
0.13994
0.139997
0.140051
0.140095
0.140133
0.140171
0.140209
0.140245
0.140278
0.140303
0.140316
0.140323
0.140335
0.140364
0.140418
0.140493
0.140554
0.140547
0.140483
0.140525
0.140779
0.140767
0.140234
0.13816
0.138107
0.138049
0.137987
0.137918
0.137841
0.137756
0.137661
0.137554
0.137432
0.137296
0.137144
0.136977
0.136792
0.136565
0.136238
0.135686
0.134743
0.133255
0.131271
0.129399
0.129011
0.132452
0.142025
0.158811
0.181608
0.206838
0.229565
0.245527
0.251832
0.248881
0.236
0.213777
0.186388
0.16054
0.142099
0.133197
0.131823
0.134033
0.136502
0.13792
0.138457
0.138668
0.138889
0.139165
0.13943
0.139646
0.139819
0.139968
0.140102
0.140214
0.140297
0.140349
0.140376
0.14039
0.140401
0.140411
0.140418
0.140422
0.140422
0.140418
0.140412
0.140404
0.140393
0.140379
0.140358
0.14033
0.140301
0.140276
0.14025
0.14022
0.140182
0.140142
0.140093
0.140041
0.140019
0.140065
0.140072
0.140337
0.140417
0.138212
0.138266
0.138322
0.138379
0.138438
0.138497
0.138557
0.138618
0.138678
0.138739
0.138799
0.13886
0.13892
0.138981
0.139039
0.139097
0.139155
0.139211
0.139266
0.139321
0.139374
0.139427
0.139478
0.139529
0.13958
0.13963
0.139679
0.139727
0.139774
0.13982
0.139865
0.139908
0.139948
0.139985
0.140018
0.140046
0.140069
0.140088
0.140103
0.140114
0.140123
0.140129
0.140134
0.140137
0.140138
0.140137
0.140133
0.140126
0.140114
0.140097
0.140072
0.140037
0.139993
0.139945
0.139904
0.139886
0.139909
0.139961
0.140017
0.140068
0.14011
0.140149
0.140187
0.140224
0.140261
0.140292
0.140316
0.140327
0.140333
0.140348
0.140382
0.140444
0.140521
0.140575
0.140555
0.14049
0.140566
0.140828
0.140769
0.140206
0.138525
0.138486
0.138444
0.138399
0.138351
0.138298
0.138239
0.138174
0.1381
0.138018
0.137923
0.137817
0.137697
0.137565
0.137424
0.13727
0.137078
0.136778
0.136235
0.135264
0.133721
0.131707
0.129975
0.130088
0.134618
0.145808
0.16435
0.188367
0.21359
0.23464
0.247584
0.250176
0.243221
0.226171
0.201162
0.173842
0.151057
0.137235
0.132388
0.133241
0.135785
0.137687
0.138537
0.13883
0.139023
0.139265
0.139514
0.139722
0.13989
0.140034
0.140162
0.140266
0.140337
0.140377
0.140398
0.14041
0.14042
0.140429
0.140434
0.140435
0.140432
0.140426
0.140419
0.140408
0.140394
0.140373
0.140346
0.140317
0.14029
0.140263
0.140232
0.140194
0.140152
0.140102
0.140048
0.140019
0.140062
0.140068
0.140338
0.14043
0.138565
0.138606
0.13865
0.138695
0.138741
0.138789
0.138837
0.138885
0.138933
0.138982
0.139031
0.13908
0.139129
0.139178
0.139226
0.139274
0.139321
0.139368
0.139414
0.13946
0.139506
0.139551
0.139595
0.13964
0.139684
0.139727
0.13977
0.139813
0.139854
0.139894
0.139932
0.139968
0.140001
0.140031
0.140056
0.140078
0.140095
0.140109
0.140119
0.140128
0.140134
0.140139
0.140142
0.140144
0.140143
0.14014
0.140134
0.140124
0.140109
0.140087
0.140056
0.140017
0.13997
0.139924
0.139892
0.13989
0.139928
0.139983
0.140038
0.140085
0.140127
0.140165
0.140203
0.140242
0.140277
0.140307
0.140328
0.140337
0.140345
0.140364
0.140404
0.140472
0.140551
0.140595
0.140561
0.1405
0.140615
0.140877
0.140764
0.140172
0.138817
0.138786
0.138754
0.13872
0.138685
0.138646
0.138604
0.138559
0.138508
0.138451
0.138387
0.138314
0.138231
0.138137
0.138031
0.137917
0.137798
0.137673
0.137509
0.137224
0.136666
0.135637
0.134007
0.131966
0.130472
0.13141
0.137523
0.150886
0.171541
0.196648
0.221149
0.239569
0.248377
0.246873
0.235181
0.213874
0.187007
0.161376
0.143069
0.134312
0.133002
0.135065
0.137234
0.138385
0.1388
0.139013
0.139268
0.139548
0.139785
0.139964
0.140106
0.140224
0.140315
0.140373
0.140403
0.140419
0.140429
0.140439
0.140445
0.140448
0.140446
0.140441
0.140433
0.140423
0.140409
0.14039
0.140362
0.140333
0.140305
0.140277
0.140245
0.140207
0.140164
0.140113
0.140056
0.14002
0.140059
0.140065
0.140338
0.140443
0.138848
0.138882
0.138917
0.138953
0.138991
0.139029
0.139068
0.139107
0.139146
0.139185
0.139225
0.139265
0.139305
0.139346
0.139386
0.139426
0.139466
0.139505
0.139545
0.139584
0.139623
0.139662
0.139701
0.13974
0.139778
0.139816
0.139854
0.13989
0.139926
0.13996
0.139991
0.14002
0.140046
0.140069
0.140088
0.140103
0.140116
0.140126
0.140134
0.14014
0.140145
0.140148
0.140149
0.140149
0.140146
0.140141
0.140132
0.140119
0.140099
0.140072
0.140036
0.139993
0.139946
0.139906
0.139887
0.139903
0.139951
0.140006
0.140058
0.140104
0.140144
0.140183
0.140222
0.14026
0.140295
0.140323
0.14034
0.140348
0.140358
0.140381
0.14043
0.140504
0.140582
0.140613
0.140565
0.140514
0.140672
0.140926
0.140751
0.14014
0.139057
0.139031
0.139005
0.138978
0.13895
0.13892
0.138889
0.138856
0.138819
0.138779
0.138735
0.138685
0.138629
0.138564
0.138491
0.138407
0.138314
0.138216
0.138119
0.138019
0.137878
0.137591
0.136991
0.135862
0.134111
0.132089
0.131034
0.13326
0.141603
0.15771
0.18061
0.206276
0.228865
0.243407
0.246785
0.240077
0.22302
0.198057
0.171214
0.14953
0.137187
0.133618
0.135092
0.137522
0.138937
0.139327
0.139334
0.139399
0.139594
0.139822
0.140015
0.140164
0.140277
0.140356
0.140402
0.140426
0.140439
0.14045
0.140458
0.140462
0.140462
0.140458
0.14045
0.14044
0.140427
0.140408
0.140381
0.140352
0.140323
0.140293
0.140261
0.140222
0.140177
0.140125
0.140067
0.140022
0.140054
0.14006
0.140334
0.140456
0.139083
0.139111
0.13914
0.13917
0.139201
0.139232
0.139263
0.139294
0.139326
0.139359
0.139392
0.139425
0.13946
0.139494
0.139527
0.139561
0.139595
0.139629
0.139663
0.139697
0.139731
0.139764
0.139798
0.139832
0.139865
0.139898
0.13993
0.139961
0.13999
0.140017
0.140042
0.140065
0.140084
0.140101
0.140114
0.140125
0.140134
0.140141
0.140147
0.140151
0.140154
0.140155
0.140155
0.140152
0.140147
0.140139
0.140126
0.140109
0.140084
0.140052
0.140011
0.139966
0.139923
0.139893
0.139891
0.139925
0.139977
0.140031
0.14008
0.140123
0.140163
0.140203
0.140242
0.14028
0.140313
0.140338
0.140353
0.140361
0.140373
0.140404
0.14046
0.14054
0.140614
0.14063
0.140568
0.140534
0.14074
0.140972
0.140733
0.14012
0.139239
0.139217
0.139194
0.13917
0.139146
0.139121
0.139096
0.139069
0.139041
0.13901
0.138977
0.138941
0.138901
0.138857
0.138806
0.138748
0.13868
0.138604
0.138521
0.138436
0.138359
0.138279
0.138148
0.137837
0.137149
0.13586
0.133946
0.132015
0.13169
0.135808
0.147153
0.166674
0.192112
0.218262
0.2386
0.248639
0.246878
0.233673
0.210334
0.181856
0.155787
0.13833
0.131167
0.131535
0.134777
0.137612
0.139049
0.139505
0.139631
0.139759
0.139931
0.140101
0.14024
0.140339
0.140401
0.140434
0.140449
0.140458
0.140467
0.140472
0.140474
0.14047
0.140463
0.140453
0.14044
0.140422
0.140396
0.140366
0.140337
0.140305
0.140272
0.140233
0.140187
0.140134
0.140074
0.140024
0.140053
0.140057
0.140338
0.140466
0.139262
0.139286
0.13931
0.139335
0.13936
0.139386
0.139412
0.139438
0.139465
0.139493
0.139521
0.139549
0.139579
0.139608
0.139638
0.139667
0.139697
0.139727
0.139757
0.139787
0.139817
0.139846
0.139876
0.139906
0.139935
0.139963
0.13999
0.140015
0.140039
0.140061
0.14008
0.140097
0.140111
0.140123
0.140133
0.140141
0.140147
0.140153
0.140157
0.140159
0.140161
0.140161
0.140159
0.140155
0.140147
0.140136
0.140121
0.140098
0.140068
0.14003
0.139985
0.139939
0.139901
0.139885
0.139902
0.139946
0.14
0.140052
0.140099
0.140141
0.140181
0.14022
0.14026
0.140297
0.140329
0.140352
0.140364
0.140371
0.140387
0.140423
0.140488
0.140573
0.140642
0.140643
0.140568
0.140552
0.140804
0.141012
0.140705
0.140098
0.139477
0.139459
0.13944
0.139421
0.139401
0.139381
0.13936
0.139339
0.139316
0.139293
0.139269
0.139244
0.139217
0.139188
0.139156
0.139121
0.139081
0.139035
0.138983
0.138923
0.13886
0.138802
0.138758
0.138722
0.138648
0.138404
0.137793
0.136595
0.134796
0.133065
0.132996
0.137215
0.147994
0.165787
0.188291
0.210888
0.228652
0.237539
0.235848
0.223704
0.203147
0.17932
0.158393
0.144516
0.138064
0.136646
0.137419
0.138461
0.139134
0.139498
0.139734
0.139934
0.140111
0.140255
0.14036
0.140425
0.140459
0.140477
0.140488
0.140496
0.140499
0.140498
0.140493
0.140484
0.140471
0.140454
0.140429
0.1404
0.14037
0.140336
0.140301
0.14026
0.140213
0.140157
0.140095
0.140033
0.14005
0.140051
0.140319
0.140489
0.139495
0.139513
0.139531
0.13955
0.13957
0.139589
0.13961
0.139631
0.139653
0.139676
0.139699
0.139723
0.139747
0.139771
0.139796
0.13982
0.139844
0.139868
0.139893
0.139917
0.139941
0.139964
0.139987
0.14001
0.140031
0.140051
0.14007
0.140087
0.140102
0.140116
0.140128
0.140138
0.140146
0.140153
0.140159
0.140163
0.140167
0.140169
0.14017
0.14017
0.140168
0.140164
0.140158
0.140148
0.140135
0.140117
0.140092
0.140062
0.140024
0.139983
0.139942
0.139909
0.139894
0.139905
0.139942
0.139992
0.140044
0.140092
0.140136
0.140177
0.140217
0.140257
0.140296
0.140331
0.140358
0.140376
0.140386
0.140397
0.140424
0.140476
0.140553
0.140638
0.140686
0.140654
0.140577
0.140634
0.140936
0.141058
0.140668
0.140112
)
;

boundaryField
{
    inlet
    {
        type            freestream;
        freestreamValue uniform 0.14;
        value           nonuniform List<scalar> 
134
(
0.14
0.14
0.14
0.14
0.14
0.14
0.14
0.14
0.14
0.14
0.140015
0.14003
0.140049
0.140067
0.140085
0.140102
0.140118
0.140133
0.140148
0.140161
0.14
0.140172
0.140183
0.140192
0.140199
0.140206
0.14021
0.140214
0.140218
0.14022
0.140222
0.140223
0.140224
0.140224
0.140224
0.140224
0.140224
0.140226
0.14023
0.140232
0.14
0.14
0.14
0.14
0.14
0.14
0.14
0.140234
0.140235
0.140238
0.140241
0.140244
0.140248
0.140253
0.140259
0.140265
0.140272
0.140279
0.140287
0.140296
0.140306
0.140316
0.140326
0.140338
0.14035
0.140363
0.140376
0.14039
0.140403
0.140417
0.14043
0.140443
0.140456
0.140466
0.140489
0.14
0.14
0.14
0.14
0.14
0.14
0.14
0.14
0.14
0.14
0.14
0.14
0.14
0.14
0.14
0.14
0.14
0.14
0.14
0.14
0.14
0.14
0.14
0.14
0.14
0.14
0.14
0.14
0.14
0.14
0.14
0.14
0.14
0.14
0.14
0.14
0.14
0.14
0.14
0.14
0.14
0.14
0.14
0.14
0.14
0.14
0.14
0.14
0.14
0.14
0.14
0.14
0.14
0.14
0.14
0.14
0.14
0.14
0.14
)
;
    }
    outlet
    {
        type            freestream;
        freestreamValue uniform 0.14;
        value           nonuniform List<scalar> 
160
(
0.139477
0.139495
0.139459
0.139513
0.13944
0.139531
0.139421
0.13955
0.139401
0.13957
0.139381
0.139589
0.13936
0.13961
0.139339
0.139631
0.139316
0.139653
0.139293
0.139676
0.139269
0.139699
0.139244
0.139723
0.139217
0.139747
0.139188
0.139771
0.139156
0.139796
0.139121
0.13982
0.139081
0.139844
0.139035
0.139868
0.138983
0.139893
0.138923
0.139917
0.13886
0.139941
0.138802
0.139964
0.138758
0.139987
0.138722
0.14001
0.138648
0.140031
0.138404
0.140051
0.137793
0.14007
0.136595
0.140087
0.134796
0.140102
0.133065
0.140116
0.132996
0.140128
0.137215
0.140138
0.147994
0.140146
0.165787
0.140153
0.188291
0.140159
0.210888
0.140163
0.228652
0.140167
0.237539
0.140169
0.235848
0.14017
0.223704
0.14017
0.203147
0.140168
0.17932
0.140164
0.158393
0.140158
0.144516
0.140148
0.138064
0.140135
0.136646
0.140117
0.137419
0.140092
0.138461
0.140062
0.139134
0.140024
0.139498
0.139983
0.139734
0.139942
0.139934
0.139909
0.140111
0.139894
0.140255
0.139905
0.14036
0.139942
0.140425
0.139992
0.140459
0.140044
0.140477
0.140092
0.140488
0.140136
0.140496
0.140177
0.140499
0.140217
0.140498
0.140257
0.140493
0.140296
0.140484
0.140331
0.140471
0.140358
0.140454
0.140376
0.140429
0.140386
0.1404
0.140397
0.14037
0.140424
0.140336
0.140476
0.140301
0.140553
0.14026
0.140638
0.140213
0.140686
0.140157
0.140654
0.140095
0.140577
0.140033
0.140634
0.14005
0.140936
0.140051
0.141058
0.140319
0.140668
0.140489
0.140112
)
;
    }
    walls
    {
        type            fixedValue;
        value           uniform 0;
    }
    frontAndBack
    {
        type            empty;
    }
}


// ************************************************************************* //
