/*--------------------------------*- C++ -*----------------------------------*\
  =========                 |
  \\      /  F ield         | OpenFOAM: The Open Source CFD Toolbox
   \\    /   O peration     | Website:  https://openfoam.org
    \\  /    A nd           | Version:  7
     \\/     M anipulation  |
\*---------------------------------------------------------------------------*/
FoamFile
{
    version     2.0;
    format      ascii;
    class       volScalarField;
    location    "200";
    object      p;
}
// * * * * * * * * * * * * * * * * * * * * * * * * * * * * * * * * * * * * * //

dimensions      [0 2 -2 0 0 0 0];

internalField   nonuniform List<scalar> 
10720
(
-87.0937
-160.93
-248.083
-333.359
-411.682
-491.549
-561.946
-620.725
-671.73
-711.364
-741.595
-763.725
-778.529
-787.207
-790.219
-787.114
-778.803
-763.946
-743.685
-716.644
-683.854
-644.512
-600.846
-553.761
-506.753
-464.897
-427.185
-390.037
-353.174
-316.82
-280.795
-244.959
-209.209
-173.317
-137.03
-99.2478
-59.6114
-12.1735
35.4597
-12.4148
55.4212
128.544
197.25
256.367
301.902
330.195
340.955
340.082
328.901
308.987
285.829
262.319
239.481
218.004
197.747
178.798
160.746
143.338
126.079
108.922
91.549
74.0537
56.835
41.7905
29.9894
20.3783
12.5691
6.56495
2.42247
0.0445116
-0.675007
0.184088
2.62495
6.65857
12.7022
21.3086
36.2033
61.2887
25.3918
-30.8095
-93.5891
-160.09
-228.243
-297.87
-365.307
-428.453
-486.682
-538.216
-582.732
-620.215
-650.732
-674.353
-691.002
-700.382
-703.096
-698.714
-687.782
-669.686
-644.982
-613.396
-576.606
-535.757
-493.927
-455.425
-419.796
-384.252
-348.627
-313.235
-277.988
-242.783
-207.542
-172.057
-136.085
-98.5438
-59.093
-11.7441
35.1328
76.0508
124.509
173.047
220.19
262.059
296.047
319.161
330.195
330.501
321.334
305.307
285.783
264.87
243.679
222.97
203.004
183.94
165.624
147.881
130.39
113.06
95.6807
78.3374
61.4385
46.461
34.3208
24.2953
16.058
9.63153
5.07057
2.3048
1.23624
1.78274
3.94655
7.74845
13.6096
22.0733
36.8791
60.9501
41.6717
-8.62769
-65.058
-127.184
-191.436
-257.137
-322.694
-385.412
-443.718
-496.62
-542.882
-582.193
-614.371
-639.347
-657.311
-668.462
-673.032
-670.835
-662.063
-646.481
-624.389
-595.841
-562.094
-524.428
-485.392
-448.517
-413.915
-379.43
-344.746
-310.14
-275.551
-240.885
-206.077
-170.936
-135.233
-97.9032
-58.6252
-11.4674
34.8842
87.1518
131.539
175.854
218.082
254.853
284.556
305.155
315.989
317.76
311.317
298.574
281.812
262.866
243.01
223.118
203.65
184.835
166.668
149.029
131.687
114.519
97.387
80.3546
63.7952
48.88
36.5049
26.2613
17.8367
11.2328
6.49489
3.56222
2.337
2.73897
4.77168
8.46426
14.239
22.6364
37.3194
60.407
66.2845
23.9593
-24.2389
-77.1631
-132.62
-190.537
-249.245
-306.918
-362.225
-414.026
-461.183
-503.024
-539.066
-569.015
-592.648
-609.964
-620.726
-624.66
-621.709
-611.753
-594.964
-571.548
-542.522
-509.21
-473.814
-439.351
-406.405
-373.394
-339.941
-306.33
-272.567
-238.578
-204.319
-169.617
-134.258
-97.2071
-58.1665
-11.3258
34.491
104.252
140.854
177.67
213.381
244.878
270.919
289.682
300.428
303.442
299.256
289.337
275.388
258.895
241.023
222.618
204.196
186.059
168.319
150.942
133.796
116.792
99.8567
83.062
66.7589
51.9099
39.3591
28.9035
20.2559
13.4111
8.41973
5.23311
3.76505
3.94464
5.7809
9.31054
14.9549
23.242
37.7266
59.8352
74.3107
36.6989
-6.34412
-53.9203
-103.915
-156.731
-210.97
-264.986
-317.753
-368.114
-414.919
-457.376
-494.812
-526.696
-552.641
-572.413
-585.645
-592.222
-592.006
-584.986
-571.268
-551.135
-525.416
-495.368
-462.887
-430.486
-398.975
-367.243
-334.906
-302.236
-269.284
-235.989
-202.314
-168.098
-133.136
-96.4235
-57.6887
-11.2709
33.8606
108.14
140.58
173.295
205.028
233.038
256.487
273.906
284.57
288.543
286.236
278.754
267.377
253.257
237.392
220.575
203.339
186.043
168.886
151.921
135.103
118.384
101.74
85.2576
69.263
54.556
41.9089
31.2813
22.4441
15.3941
10.1856
6.78331
5.11125
5.10444
6.77353
10.1604
15.6845
23.8567
38.1134
59.2278
79.4191
46.0783
7.71471
-34.677
-79.2501
-126.712
-175.764
-225.092
-273.945
-321.264
-366.065
-407.581
-445.069
-477.893
-505.554
-527.649
-543.805
-553.773
-557.279
-554.173
-544.457
-528.362
-506.565
-480.211
-450.952
-420.911
-391.06
-360.728
-329.593
-297.919
-265.809
-233.23
-200.16
-166.454
-131.919
-95.5859
-57.2146
-11.331
33.0001
109.406
138.043
167.119
195.518
220.714
242.091
258.434
268.974
273.648
272.836
267.368
258.233
246.324
232.466
217.357
201.501
185.269
168.908
152.539
136.187
119.859
103.571
87.4308
71.7495
57.2077
44.5077
33.7345
24.7266
17.4831
12.061
8.4392
6.55253
6.3438
7.82874
11.0561
16.4426
24.4789
38.4622
58.567
80.4965
50.4189
15.7128
-22.6662
-62.9432
-106.064
-150.865
-196.2
-241.562
-286.003
-328.671
-368.87
-405.838
-438.896
-467.468
-491.038
-509.128
-521.345
-527.353
-526.963
-520.164
-507.174
-488.562
-465.346
-438.948
-411.136
-382.925
-353.989
-324.072
-293.418
-262.172
-230.329
-197.883
-164.708
-130.627
-94.7081
-56.7561
-11.5167
31.9224
107.577
133.356
159.659
185.453
208.424
228.133
243.571
253.939
259.114
259.471
255.647
248.42
238.494
226.53
213.121
198.709
183.652
168.219
152.575
136.804
120.958
105.099
89.3514
74.0151
59.6821
46.9923
36.1202
26.9731
19.5583
13.9376
10.1055
8.01016
7.60287
8.90481
11.9709
17.2126
25.0981
38.7648
57.8589
79.7339
52.4252
20.8434
-14.0535
-50.5815
-89.8181
-130.692
-172.205
-214.024
-255.342
-295.417
-333.666
-369.386
-401.906
-430.62
-454.958
-474.366
-488.419
-496.734
-499.028
-495.192
-485.361
-469.977
-449.91
-426.38
-400.873
-374.405
-346.93
-318.285
-288.7
-258.358
-227.285
-195.492
-162.871
-129.268
-93.7958
-56.3142
-11.82
30.6411
104.358
127.744
151.734
175.369
196.497
214.816
229.46
239.612
245.135
246.389
243.885
238.256
230.063
219.832
208.053
195.097
181.286
166.887
152.085
137.003
121.735
106.377
91.0716
76.1119
62.0268
49.4015
38.4727
29.2148
21.6491
15.8436
11.8092
9.50841
8.90163
10.0163
12.9137
17.9986
25.7144
39.0202
57.1088
77.6214
52.6178
23.6646
-8.30287
-41.6613
-77.5545
-115.012
-153.132
-191.727
-230.09
-267.599
-303.781
-337.995
-369.612
-398.039
-422.679
-442.942
-458.338
-468.429
-472.856
-471.441
-464.273
-451.703
-434.463
-413.589
-390.311
-365.595
-339.598
-312.247
-283.767
-254.363
-224.094
-192.985
-160.949
-127.851
-92.8562
-55.8859
-12.2258
29.1798
100.2
121.608
143.675
165.5
185.068
202.211
216.142
226.046
231.799
233.737
232.288
227.981
221.277
212.595
202.334
190.791
178.245
164.939
151.061
136.755
122.145
107.355
92.5441
77.9992
64.2038
51.6977
40.7592
31.424
23.7325
17.7606
13.5354
11.0351
10.2307
11.1563
13.8798
18.7969
26.3239
39.2274
56.3175
74.7345
51.7076
25.0216
-4.40672
-35.0183
-67.9837
-102.4
-137.452
-173.058
-208.594
-243.55
-277.545
-310.008
-340.392
-368.127
-392.616
-413.271
-429.564
-441.032
-447.279
-448.036
-443.322
-433.382
-418.816
-400.486
-379.407
-356.471
-331.98
-305.955
-278.612
-250.181
-220.749
-190.359
-158.94
-126.379
-91.8954
-55.4721
-12.7235
27.5708
95.5647
115.287
135.711
155.986
174.215
190.336
203.618
213.251
219.141
221.594
220.984
217.763
212.322
205.002
196.123
185.92
174.619
162.431
149.53
136.069
122.187
108.027
93.761
79.6705
66.2065
53.872
42.9718
33.5946
25.8039
19.6852
15.282
12.5893
11.5898
12.3244
14.8682
19.6057
26.9247
39.3861
55.4868
71.3723
50.0534
25.3345
-1.88806
-30.1067
-60.5066
-92.2375
-124.558
-157.446
-190.359
-222.882
-254.719
-285.366
-314.345
-341.14
-365.186
-385.9
-402.746
-415.222
-422.925
-425.496
-422.896
-415.292
-403.154
-387.191
-368.23
-347.068
-324.096
-299.413
-273.239
-245.812
-217.25
-187.61
-156.84
-124.851
-90.9168
-55.0768
-13.3072
25.8387
90.6907
108.963
127.966
146.895
163.957
179.175
191.857
201.209
207.162
209.999
210.05
207.719
203.343
197.205
189.566
180.605
170.499
159.422
147.526
134.956
121.857
108.381
94.7066
81.1096
68.0188
55.9069
45.0934
35.7119
27.851
21.6076
17.0415
14.1654
12.9748
13.5177
15.8767
20.4228
27.5142
39.4967
54.6202
67.7541
47.9327
24.9427
-0.339156
-26.4565
-54.5885
-83.9295
-113.796
-144.216
-174.709
-204.933
-234.664
-263.471
-290.945
-316.624
-339.981
-360.469
-377.555
-390.719
-399.559
-403.656
-402.906
-397.394
-387.48
-373.729
-356.804
-337.4
-315.953
-292.629
-267.647
-241.255
-213.592
-184.735
-154.65
-123.266
-89.9216
-54.7044
-13.9753
23.9988
85.7512
102.757
120.516
138.259
154.293
168.699
180.82
189.888
195.846
198.962
199.536
197.93
194.445
189.324
182.783
174.956
165.976
155.979
145.089
133.435
121.159
108.413
95.3723
82.3077
69.6304
57.7895
47.1106
37.764
29.8639
23.5197
18.8079
15.7589
14.3825
14.7335
16.9029
21.2459
28.0901
39.5602
53.7206
64.0241
45.5244
24.0677
0.505979
-23.7511
-49.8673
-77.0763
-104.738
-132.923
-161.201
-189.283
-217.009
-244.009
-269.94
-294.399
-316.909
-336.959
-354.037
-367.62
-377.309
-382.652
-383.474
-379.798
-371.883
-360.171
-345.179
-327.497
-307.57
-285.611
-261.841
-236.509
-209.777
-181.734
-152.366
-121.625
-88.9108
-54.3581
-14.7244
22.06
80.8489
96.7431
113.395
130.081
145.199
158.87
170.465
179.247
185.166
188.481
189.463
188.446
185.706
181.456
175.877
169.071
161.134
152.168
142.266
131.537
120.108
108.123
95.7517
83.2559
71.0311
59.5064
49.0094
39.7379
31.8308
25.4119
20.5734
17.3639
15.8083
15.9686
17.9438
22.0723
28.6501
39.5775
52.7917
60.2787
42.9567
22.8714
0.84718
-21.75
-46.0637
-71.3623
-97.0391
-123.199
-149.451
-175.547
-201.381
-226.636
-251.027
-274.213
-295.768
-315.216
-332.082
-345.853
-356.131
-362.467
-364.612
-362.534
-356.408
-346.565
-333.397
-317.387
-298.964
-278.37
-255.825
-231.578
-205.803
-178.606
-149.989
-119.926
-87.8845
-54.0408
-15.5502
20.0303
76.0564
90.9579
106.623
122.356
136.651
149.646
160.745
169.244
175.092
178.542
179.843
179.303
177.183
173.673
168.932
163.036
156.054
148.057
139.11
129.295
118.72
107.517
95.8447
83.9496
72.2126
61.0468
50.7769
41.6211
33.7408
27.2745
22.3302
18.9744
17.2476
17.2192
18.9965
22.8991
29.1919
39.5508
51.837
56.5817
40.3194
21.4684
0.828608
-20.2795
-42.9734
-66.5489
-90.4358
-114.756
-139.151
-163.415
-187.478
-211.073
-233.965
-255.861
-276.391
-295.124
-311.619
-325.392
-336.042
-343.138
-346.371
-345.664
-341.119
-332.972
-321.505
-307.103
-290.157
-270.919
-249.607
-226.463
-201.671
-175.349
-147.517
-118.17
-86.843
-53.7524
-16.4489
17.9189
71.4182
85.4271
100.199
115.07
128.617
140.988
151.62
159.839
165.592
169.124
170.67
170.516
168.912
166.032
162.016
156.927
150.81
143.71
135.67
126.744
117.019
106.609
95.6553
84.3866
73.1688
62.4009
52.401
43.4011
35.5821
29.0973
24.0696
20.5833
18.6949
18.481
20.0572
23.7235
29.7132
39.4819
50.8609
52.9768
37.6756
19.9426
0.557108
-19.2074
-40.4351
-62.4509
-84.7162
-107.363
-130.061
-152.639
-175.054
-197.078
-218.522
-239.143
-258.614
-276.554
-292.559
-306.178
-317.011
-324.662
-328.774
-329.226
-326.062
-319.44
-309.55
-296.681
-281.174
-263.275
-243.196
-221.17
-197.384
-171.966
-144.951
-116.357
-85.7862
-53.4936
-17.4139
15.7348
66.9609
80.1622
94.1215
108.206
121.068
132.86
143.05
150.992
156.633
160.208
161.941
162.099
160.921
158.573
155.184
150.803
145.463
139.188
131.997
123.925
115.034
105.415
95.1896
84.5677
73.8971
63.5615
53.8713
45.0663
37.3434
30.8697
25.7828
22.1833
20.1441
19.7492
21.122
24.5423
30.2121
39.3735
49.8674
49.494
35.0674
18.3532
0.111562
-18.434
-38.3283
-58.9283
-79.7177
-100.839
-121.987
-143.012
-163.895
-184.444
-204.507
-223.883
-242.29
-259.389
-274.816
-288.157
-299.02
-307.043
-311.842
-313.259
-311.288
-306.024
-297.58
-286.158
-272.041
-255.457
-236.606
-215.707
-192.945
-168.457
-142.292
-114.487
-84.7143
-53.2626
-18.4381
13.4876
62.7
75.1666
88.3818
101.743
113.974
125.225
134.997
142.668
148.181
151.77
153.641
154.049
153.225
151.329
148.478
144.718
140.07
134.545
128.143
120.88
112.794
103.954
94.4603
84.498
74.396
64.5228
55.1785
46.6057
39.0135
32.5814
27.4601
23.7663
21.5887
21.0185
22.1866
25.3519
30.6866
39.2283
48.861
46.1515
32.5252
16.7473
-0.449919
-17.8804
-36.5604
-55.8666
-75.3107
-95.0367
-114.764
-134.359
-153.824
-172.995
-191.752
-209.927
-227.278
-243.512
-258.3
-271.265
-282.034
-290.27
-295.588
-297.792
-296.838
-292.771
-285.642
-275.573
-262.788
-247.487
-229.851
-210.082
-188.359
-164.824
-139.539
-112.56
-83.6262
-53.0581
-19.5133
11.1892
58.6432
70.4366
82.9672
95.6609
107.306
118.052
127.425
134.831
140.209
143.786
145.758
146.365
145.835
144.319
141.931
138.712
134.678
129.829
124.154
117.648
110.332
102.252
93.4824
84.1851
74.6676
65.2817
56.3152
48.0096
40.5817
34.2216
29.092
25.324
23.0214
22.2832
23.2461
26.1491
31.135
39.0496
47.8469
42.9595
30.0707
15.1538
-1.08052
-17.4911
-35.0559
-53.1778
-71.3885
-89.8384
-108.26
-126.539
-144.693
-162.579
-180.103
-197.129
-213.45
-228.812
-242.923
-255.439
-266.015
-274.33
-280.019
-282.849
-282.749
-279.725
-273.779
-264.966
-253.447
-239.388
-222.947
-204.306
-183.634
-161.073
-136.697
-110.578
-82.522
-52.8776
-20.6306
8.85145
54.7928
65.9659
77.863
89.938
101.036
111.308
120.303
127.449
132.685
136.231
138.273
139.039
138.752
137.558
135.567
132.82
129.328
125.085
120.072
114.271
107.682
100.332
92.2723
83.6394
74.7168
65.8376
57.2762
49.2694
42.038
35.78
30.6686
26.8475
24.4346
23.5369
24.2955
26.9302
31.5558
38.8406
46.83
39.9245
27.7177
13.5967
-1.74879
-17.2192
-33.759
-50.7908
-67.8703
-85.1472
-102.369
-119.434
-136.373
-153.062
-169.428
-185.363
-200.689
-215.188
-228.6
-240.617
-250.92
-259.203
-265.132
-268.446
-269.051
-266.926
-262.035
-254.376
-244.051
-231.186
-215.914
-198.392
-178.777
-157.207
-133.766
-108.541
-81.4005
-52.7178
-21.7805
6.48653
51.1474
61.7467
73.0554
84.5548
95.1411
104.964
113.6
120.493
125.583
129.084
131.172
132.064
131.976
131.055
129.404
127.066
124.051
120.35
115.937
110.783
104.876
98.2224
90.8515
82.8749
74.5506
66.1917
58.0579
50.3781
43.3733
37.2467
32.1798
28.3276
25.8204
24.7731
25.3294
27.6915
31.9477
38.6048
45.8151
37.048
25.4744
12.0929
-2.42846
-17.0308
-32.6232
-48.6505
-64.6878
-80.884
-97.0005
-112.947
-128.761
-144.338
-159.62
-174.521
-188.894
-202.546
-215.252
-226.734
-236.702
-244.865
-250.923
-254.595
-255.77
-254.41
-250.45
-243.842
-234.633
-222.909
-208.772
-192.355
-173.798
-153.233
-130.75
-106.451
-80.2601
-52.5743
-22.9524
4.10801
47.7042
57.7696
68.5294
79.4906
89.5966
98.9958
107.288
113.937
118.879
122.323
124.436
125.427
125.505
124.814
123.455
121.472
118.876
115.656
111.783
107.221
101.947
95.9507
89.2421
81.907
74.1781
66.3476
58.6588
51.3303
44.5795
38.6123
33.6161
29.7551
27.1703
25.9844
26.3421
28.4291
32.3095
38.3458
44.8073
34.3298
23.3462
10.653
-3.10124
-16.8982
-31.6134
-46.7108
-61.7856
-76.9824
-92.0787
-106.991
-121.766
-136.309
-150.578
-164.507
-177.968
-190.798
-202.801
-213.727
-223.315
-231.288
-237.379
-241.301
-242.927
-242.208
-239.061
-233.401
-225.228
-214.584
-201.544
-186.212
-168.709
-149.159
-127.654
-104.308
-79.0994
-52.4421
-24.1351
1.73009
44.4571
54.0243
64.2702
74.7267
84.3804
93.3793
101.344
107.754
112.548
115.927
118.051
119.118
119.332
118.835
117.727
116.051
113.822
111.029
107.64
103.617
98.9257
93.5446
87.466
80.7526
73.6112
66.3117
59.0799
52.1222
45.6499
39.8681
34.968
31.1206
28.476
27.1636
27.3278
29.1394
32.6401
38.0667
43.8118
31.7676
21.3346
9.28523
-3.7529
-16.8024
-30.7009
-44.936
-59.1188
-73.3921
-87.5431
-101.5
-115.31
-128.892
-142.215
-155.231
-167.827
-179.867
-191.177
-201.539
-210.713
-218.441
-224.487
-228.564
-230.536
-230.346
-227.901
-223.089
-215.868
-206.242
-194.254
-179.981
-163.524
-144.992
-124.482
-102.114
-77.9165
-52.3158
-25.3185
-0.633944
41.399
50.5015
60.265
70.2459
79.4734
88.0925
95.7443
101.923
106.568
109.876
111.998
113.122
113.45
113.118
112.224
110.815
108.907
106.49
103.534
99.9966
95.8401
91.031
85.5473
79.431
72.8634
66.0917
59.3239
52.752
46.579
41.0066
36.2267
32.415
29.7287
28.303
28.2805
29.8183
32.9389
37.771
42.8332
29.3576
19.4405
7.99415
-4.3737
-16.7255
-29.8637
-43.2963
-56.6511
-70.0669
-83.3436
-96.4137
-109.33
-122.018
-134.459
-146.616
-158.395
-169.678
-180.314
-190.109
-198.849
-206.293
-212.228
-216.38
-218.607
-218.845
-216.999
-212.939
-206.587
-197.913
-186.927
-173.683
-158.256
-140.744
-121.24
-99.8719
-76.7094
-52.1884
-26.4904
-2.96942
38.5236
47.1893
56.4995
66.0325
74.8568
83.1143
90.4662
96.4215
100.92
104.153
106.263
107.43
107.85
107.657
106.948
105.771
104.143
102.058
99.4862
96.3866
92.7165
88.4353
83.5094
77.9616
71.9495
65.6975
59.3952
53.2198
47.3631
42.0208
37.3838
33.6295
30.9198
29.3947
29.194
30.4622
33.2052
37.4618
41.8759
27.0946
17.6626
6.78272
-4.95667
-16.6555
-29.0837
-41.7676
-54.3514
-66.9708
-79.4351
-91.6826
-103.768
-115.626
-127.245
-138.598
-149.605
-160.167
-170.151
-179.385
-187.678
-194.809
-200.582
-204.743
-207.144
-207.722
-206.381
-202.981
-197.416
-189.625
-179.591
-167.338
-152.923
-136.425
-117.934
-97.5831
-75.475
-52.0531
-27.6391
-5.26234
35.823
44.0784
52.9607
62.0697
70.5118
78.4254
85.4908
91.2306
95.5852
98.7391
100.829
102.027
102.523
102.448
101.897
100.922
99.5392
97.746
95.5154
92.8077
89.5783
85.7813
81.3741
76.364
70.8853
65.1404
59.3005
53.5272
47.9999
42.9059
38.4319
34.7556
32.0408
30.431
30.0622
31.0672
33.4383
37.1418
40.944
24.9736
15.9987
5.65176
-5.49704
-16.5838
-28.3472
-40.3313
-52.196
-64.0735
-75.7818
-87.2652
-98.5776
-109.663
-120.516
-131.116
-141.397
-151.273
-160.631
-169.316
-177.158
-183.956
-189.528
-193.643
-196.151
-196.99
-196.069
-193.242
-188.384
-181.407
-172.269
-160.969
-147.539
-132.046
-114.573
-95.249
-74.2119
-51.9016
-28.7528
-7.49869
33.2897
41.1579
49.6358
58.3428
66.4226
74.0089
80.7991
86.3312
90.5444
93.6181
95.6822
96.9006
97.4588
97.4841
97.0703
96.2686
95.1004
93.5639
91.6358
89.2779
86.4459
83.0904
79.1629
74.657
69.6869
64.4326
59.0477
53.6777
48.4886
43.6575
39.3648
35.7856
33.0839
31.4045
30.8789
31.6295
33.6376
36.8134
40.0409
22.9893
14.445
4.60148
-5.99138
-16.5031
-27.6427
-38.9717
-50.1642
-61.3493
-72.3527
-83.125
-93.7188
-104.085
-114.223
-124.119
-133.717
-142.945
-151.702
-159.854
-167.247
-173.699
-179.04
-183.066
-185.624
-186.656
-186.08
-183.748
-179.52
-173.288
-164.988
-154.597
-142.126
-127.622
-111.162
-92.8745
-72.9167
-51.7267
-29.8214
-9.66509
30.9156
38.4182
46.513
54.8392
62.5741
69.8487
76.375
81.7062
85.7815
88.7741
90.8077
92.0387
92.6473
92.7577
92.4619
91.8118
90.8309
89.52
87.859
85.8125
83.3372
80.3828
76.896
72.8607
68.3713
63.5877
58.6459
53.6764
48.8303
44.2731
40.177
36.7125
34.0413
32.3079
31.6383
32.1456
33.8027
36.4786
39.1695
21.1356
12.9987
3.63002
-6.43748
-16.4086
-26.9617
-37.6757
-48.2399
-58.7772
-69.1233
-79.2324
-89.1575
-98.8529
-108.325
-117.562
-126.518
-135.133
-143.319
-150.956
-157.907
-164.007
-169.097
-172.999
-175.56
-176.726
-176.428
-174.518
-170.848
-165.294
-157.775
-148.246
-136.699
-123.166
-107.711
-90.4606
-71.5876
-51.5212
-30.8328
-11.7487
28.6927
35.8496
43.5815
51.5455
58.9522
65.9296
72.2026
77.3401
81.2807
84.1921
86.1921
87.4293
88.079
88.2615
88.0674
87.5491
86.7317
85.619
84.1937
82.4235
80.2674
77.6758
74.5923
70.9926
66.9546
62.6191
58.1056
53.5295
49.0272
44.7515
40.8647
37.5302
34.906
33.1342
32.3346
32.6119
33.9329
36.139
38.3319
19.4064
11.6551
2.73603
-6.83498
-16.2966
-26.298
-36.4337
-46.4083
-56.3395
-66.0714
-75.5607
-84.862
-93.9329
-102.782
-111.404
-119.759
-127.797
-135.439
-142.581
-149.099
-154.846
-159.673
-163.423
-165.95
-167.203
-167.123
-165.571
-162.39
-157.451
-150.654
-141.939
-131.279
-118.691
-104.229
-88.0118
-70.2219
-51.2751
-31.7772
-13.7366
26.6138
33.4427
40.8301
48.4491
55.5432
62.2366
68.2672
73.2174
77.0273
79.858
81.8217
83.0599
83.7427
83.987
83.8803
83.4766
82.8023
81.8633
80.6458
79.1208
77.2498
74.9844
72.2678
69.0696
65.4527
61.5406
57.4377
53.2447
49.0834
45.0931
41.425
38.2342
35.672
33.8773
32.9627
33.025
34.0278
35.7956
37.5296
17.7959
10.41
1.9172
-7.18414
-16.1646
-25.6453
-35.2371
-44.6575
-54.0204
-63.1771
-72.088
-80.8064
-89.2944
-97.5623
-105.609
-113.401
-120.895
-128.022
-134.691
-140.791
-146.188
-150.744
-154.323
-156.784
-158.084
-158.173
-156.919
-154.166
-149.779
-143.647
-135.696
-125.885
-114.213
-100.725
-85.5319
-68.8175
-50.9827
-32.6439
-15.6175
24.6713
31.1885
38.2486
45.5393
52.3349
58.7569
64.5549
69.3247
73.0075
75.7584
77.684
78.9192
79.6279
79.9248
79.8942
79.5904
79.0413
78.2545
77.2198
75.9116
74.2942
72.3216
69.9374
67.1071
63.8809
60.3663
56.6538
52.8304
49.0037
45.2995
41.8567
38.8203
36.3341
34.5314
33.5177
33.3819
34.0865
35.449
36.7629
16.2981
9.25909
1.17057
-7.4855
-16.0113
-25.0005
-34.0796
-42.979
-51.8083
-60.4262
-68.7956
-76.9693
-84.9129
-92.6378
-100.147
-107.411
-114.394
-121.035
-127.253
-132.949
-138.002
-142.286
-145.681
-148.053
-149.366
-149.58
-148.573
-146.193
-142.299
-136.777
-129.54
-120.534
-109.746
-97.2097
-83.0245
-67.3732
-50.6363
-33.4245
-17.3821
22.858
29.0792
35.8274
42.8051
49.3156
55.478
61.0524
65.649
69.2086
71.8809
73.767
74.9956
75.725
76.0663
76.1016
75.8848
75.4452
74.792
73.9181
72.8014
71.4094
69.6985
67.6143
65.1194
62.2536
59.1098
55.7656
52.296
48.7947
45.3738
42.1597
39.2863
36.8883
35.0918
33.9953
33.6798
34.1083
35.0992
36.0318
14.9072
8.19767
0.493277
-7.74045
-15.8361
-24.3606
-32.9559
-41.365
-49.6929
-57.805
-65.6676
-73.3315
-80.766
-87.9835
-94.9895
-101.76
-108.262
-114.445
-120.235
-125.544
-130.264
-134.276
-137.477
-139.743
-141.043
-141.346
-140.542
-138.483
-135.029
-130.062
-123.489
-115.246
-105.306
-93.6925
-80.4946
-65.8883
-50.2296
-34.111
-19.0219
21.1666
27.1065
33.5575
40.2361
46.4745
52.3882
57.7481
62.1778
65.6179
68.2131
70.0592
71.2787
72.0241
72.4028
72.495
72.3543
72.0103
71.4745
70.742
69.794
68.6015
67.1239
65.3095
63.1194
60.584
57.7838
54.7851
51.6511
48.4632
45.3202
42.3354
39.631
37.3315
35.5549
34.3919
33.9161
34.0924
34.7459
35.3352
13.6173
7.22117
-0.11787
-7.95057
-15.6386
-23.7233
-31.8615
-39.8082
-47.6643
-55.3014
-62.689
-69.8758
-76.8343
-83.578
-90.1135
-96.4212
-102.473
-108.224
-113.609
-118.549
-122.945
-126.691
-129.694
-131.842
-133.108
-133.471
-132.83
-131.047
-127.984
-123.522
-117.563
-110.036
-100.906
-90.1837
-77.9471
-64.3613
-49.7575
-34.6962
-20.5288
19.5907
25.2625
31.4302
37.823
43.801
49.4767
54.6309
58.8994
62.2241
64.744
66.5496
67.7574
68.5146
68.9255
69.0668
68.9924
68.7323
68.2989
67.6906
66.8913
65.8752
64.6053
63.0324
61.1178
58.8842
56.4005
53.7234
50.9059
48.0173
45.144
42.3864
39.8546
37.6622
35.9177
34.7046
34.0886
34.0377
34.388
34.6711
12.4228
6.32515
-0.666213
-8.11774
-15.4191
-23.0876
-30.7934
-38.3039
-45.7152
-52.9059
-59.8475
-66.5873
-73.1002
-79.4007
-85.4968
-91.3715
-97.0012
-102.347
-107.349
-111.937
-116.024
-119.51
-122.314
-124.335
-125.552
-125.951
-125.441
-123.893
-121.175
-117.17
-111.778
-104.923
-96.5601
-86.6934
-75.3872
-62.7937
-49.215
-35.1744
-21.8972
18.1238
23.5401
29.4371
35.557
41.2857
46.7334
51.6895
55.803
59.0161
61.4622
63.2271
64.4216
65.1872
65.625
65.8091
65.7925
65.6055
65.2622
64.7627
64.0942
63.2338
62.1479
60.7907
59.1243
57.165
54.9717
52.592
50.0704
47.4654
44.8514
42.3165
39.9586
37.8798
36.1786
34.9313
34.1956
33.9433
34.0244
34.0373
11.3185
5.50505
-1.15511
-8.24413
-15.1786
-22.4523
-29.7493
-36.8477
-43.8401
-50.6106
-57.1333
-63.4542
-69.55
-75.4356
-81.1203
-86.5901
-91.8243
-96.7885
-101.43
-105.686
-109.476
-112.712
-115.319
-117.21
-118.365
-118.779
-118.373
-117.026
-114.613
-111.02
-106.148
-99.9189
-92.2818
-83.2316
-72.8205
-61.1858
-48.5998
-35.5418
-23.1225
16.7594
21.9319
27.5706
33.4291
38.9193
44.1482
48.9142
52.8785
55.9835
58.3574
60.082
61.2614
62.0328
62.4933
62.7143
62.7479
62.6249
62.3605
61.9562
61.4024
60.679
59.756
58.591
57.1471
55.4361
53.5075
51.4015
49.1547
46.8163
44.4495
42.1307
39.9457
37.9851
36.3371
35.0707
34.2358
33.8083
33.6534
33.4306
10.2989
4.7566
-1.588
-8.33194
-14.9179
-21.8171
-28.7266
-35.4357
-42.0331
-48.4079
-54.5371
-60.4648
-66.1697
-71.6674
-76.9676
-82.0584
-86.9223
-91.529
-95.8317
-99.7733
-103.282
-106.277
-108.692
-110.45
-111.536
-111.951
-111.626
-110.449
-108.304
-105.082
-100.687
-95.0384
-88.0831
-79.8077
-70.2533
-59.5396
-47.9099
-35.795
-24.2016
15.4917
20.4316
25.8231
31.4317
36.6933
41.7123
46.2954
50.1157
53.1165
55.4202
57.1045
58.2679
59.0423
59.5214
59.7743
59.8516
59.7846
59.5889
59.2682
58.8148
58.2118
57.4324
56.4381
55.1934
53.7058
52.0175
50.1619
48.1688
46.0791
43.946
41.8347
39.8196
37.9801
36.394
35.1225
34.2084
33.6315
33.273
32.8474
9.3592
4.0755
-1.96827
-8.38365
-14.6382
-21.1822
-27.7246
-34.0656
-40.2897
-46.2919
-52.0509
-57.6096
-62.9481
-68.0824
-73.0229
-77.7596
-82.2771
-86.5491
-90.5334
-94.1794
-97.4213
-100.187
-102.415
-104.042
-105.055
-105.459
-105.195
-104.163
-102.253
-99.3642
-95.4038
-90.2925
-83.9747
-76.4311
-67.691
-57.858
-47.1443
-35.9325
-25.1328
14.3151
19.0327
24.1878
29.557
34.5996
39.4169
43.8242
47.5059
50.4056
52.6408
54.2852
55.4316
56.207
56.7015
56.9814
57.0969
57.0785
56.9428
56.695
56.3295
55.8321
55.1792
54.3358
53.2686
51.9815
50.5102
48.8824
47.1221
45.2628
43.3487
41.4351
39.5855
37.8681
36.3507
35.0871
34.1132
33.4124
32.8811
32.2839
8.49442
3.45765
-2.29919
-8.4014
-14.3411
-20.5475
-26.742
-32.7345
-38.6059
-44.257
-49.668
-54.8801
-59.8752
-64.6694
-69.2735
-73.6787
-77.8726
-81.8314
-85.5175
-88.8852
-91.8759
-94.4231
-96.4733
-97.9707
-98.907
-99.2924
-99.0757
-98.1655
-96.4625
-93.8724
-90.3075
-85.6911
-79.9666
-73.1098
-65.1404
-56.1444
-46.3042
-35.9542
-25.9157
13.2238
17.7292
22.6578
27.7977
32.6302
37.2541
41.4921
45.0401
47.842
50.0107
51.6153
52.7439
53.5183
54.0251
54.3283
54.4766
54.5006
54.4171
54.2328
53.944
53.5391
52.9971
52.2868
51.3773
50.2696
48.9934
47.5717
46.0236
44.3764
42.6663
40.9393
39.2489
37.6532
36.2101
34.9659
33.9506
33.15
32.4756
31.7358
7.69997
2.89884
-2.58398
-8.38769
-14.0279
-19.9133
-25.778
-31.4406
-36.9791
-42.299
-47.3824
-52.2689
-56.9419
-61.4178
-65.707
-69.8027
-73.694
-77.3601
-80.7673
-83.8742
-86.6283
-88.9697
-90.8501
-92.2226
-93.0821
-93.4426
-93.2606
-92.4542
-90.9329
-88.6102
-85.4041
-81.242
-76.0674
-69.8523
-62.6076
-54.4026
-45.3914
-35.8615
-26.552
12.2129
16.5151
21.2271
26.147
30.7781
35.2159
39.2911
42.7101
45.4175
47.5212
49.0865
50.1966
50.9681
51.4847
51.8074
51.984
52.0447
52.0066
51.8775
51.6555
51.3311
50.8863
50.2933
49.5233
48.5752
47.4736
46.2375
44.882
43.4287
41.9071
40.3549
38.8166
37.3407
35.9758
34.7613
33.7214
32.8441
32.0541
31.1991
6.97137
2.39541
-2.82594
-8.34497
-13.7001
-19.2806
-24.832
-30.1823
-35.406
-40.4136
-45.1884
-49.769
-54.1401
-58.3177
-62.3127
-66.1191
-69.7281
-73.1209
-76.2674
-79.1306
-81.6628
-83.8107
-85.5307
-86.7835
-87.5673
-87.8989
-87.7423
-87.0239
-85.6625
-83.5791
-80.6981
-76.9513
-72.284
-66.6655
-60.0986
-52.6376
-44.4094
-35.657
-27.044
11.2772
15.3852
19.8897
24.5987
29.0364
33.2955
37.2138
40.5082
43.1241
45.1644
46.6908
47.7816
48.5488
49.0727
49.4117
49.6126
49.7049
49.706
49.6247
49.4607
49.2063
48.8465
48.3563
47.7093
46.9027
45.9569
44.8872
43.7053
42.4283
41.0797
39.6901
38.2957
36.9364
35.6524
34.4763
33.4271
32.4944
31.6146
30.6694
6.30435
1.94354
-3.02804
-8.27559
-13.3595
-18.65
-23.904
-28.9587
-33.8845
-38.5973
-43.0819
-47.375
-51.4627
-55.361
-59.0808
-62.617
-65.9624
-69.1004
-72.0039
-74.6395
-76.9646
-78.9311
-80.5003
-81.6394
-82.3499
-82.6508
-82.5122
-81.8688
-80.6482
-78.7786
-76.1915
-72.8236
-68.6223
-63.5556
-57.6197
-50.8546
-43.3624
-35.3448
-27.3953
10.4122
14.3342
18.64
23.1465
27.3985
31.4857
35.2528
38.427
40.9543
42.9327
44.4205
45.4916
46.253
46.7819
47.1344
47.3557
47.4751
47.5101
47.4701
47.3561
47.1626
46.8765
46.4761
45.9374
45.256
44.4483
43.527
42.5009
41.3832
40.1925
38.953
37.6938
36.4471
35.2452
34.1147
33.0698
32.1012
31.1552
30.1426
5.69481
1.53972
-3.19329
-8.18185
-13.0073
-18.0222
-22.9938
-27.7683
-32.4128
-36.8473
-41.0583
-45.0812
-48.9032
-52.5399
-56.0024
-59.2866
-62.3861
-65.2864
-67.9636
-70.3874
-72.5194
-74.3164
-75.7448
-76.7771
-77.4175
-77.6869
-77.5608
-76.9816
-75.885
-74.2067
-71.8849
-68.8614
-65.0868
-60.5283
-55.1766
-49.0594
-42.2557
-34.9298
-27.6112
9.61324
13.3573
17.4723
21.7848
25.8584
29.7802
33.4016
36.4596
38.9009
40.8189
42.2685
43.3192
44.0736
44.6055
44.9688
45.2072
45.3497
45.4137
45.4092
45.3383
45.1972
44.9751
44.653
44.209
43.6378
42.9522
42.1627
41.2757
40.3013
39.2537
38.1519
37.0188
35.8797
34.7601
33.6809
32.6522
31.665
30.6741
29.615
5.13896
1.18045
-3.32447
-8.06604
-12.6452
-17.398
-22.1017
-26.6106
-30.9887
-35.1606
-39.114
-42.8829
-46.4556
-49.8475
-53.0694
-56.1183
-58.9889
-61.6683
-64.1348
-66.3616
-68.314
-69.9537
-71.2507
-72.1832
-72.7573
-72.9954
-72.878
-72.3542
-71.3671
-69.8599
-67.7772
-65.0662
-61.6806
-57.5881
-52.7749
-47.2576
-41.0952
-34.4184
-27.6977
8.876
12.4496
16.3818
20.508
24.4102
28.1728
31.6537
34.5993
36.9571
38.8162
40.228
41.2577
42.0038
42.5369
42.9085
43.1612
43.3231
43.4117
43.4374
43.4036
43.3076
43.1406
42.8864
42.5251
42.0505
41.4725
40.7994
40.0361
39.1898
38.2713
37.2951
36.2787
35.2417
34.2035
33.1799
32.1774
31.187
30.1701
29.0832
4.63305
0.862571
-3.42446
-7.93023
-12.275
-16.7783
-21.2275
-25.4846
-29.6109
-33.535
-37.2457
-40.7757
-44.1147
-47.2773
-50.2746
-53.1039
-55.7612
-58.235
-60.5061
-62.55
-64.3359
-65.8298
-67.0052
-67.8451
-68.3572
-68.5651
-68.4534
-67.9778
-67.0878
-65.7336
-63.8661
-61.4378
-58.4058
-54.7388
-50.4195
-45.4555
-39.8879
-33.8176
-27.6617
8.19649
11.6069
15.3638
19.311
23.0483
26.6577
30.003
32.84
35.1167
36.918
38.2923
39.3007
40.0373
40.5698
40.9476
41.2117
41.3898
41.4991
41.5505
41.5482
41.4908
41.3713
41.1758
40.8863
40.496
40.0123
39.4418
38.7879
38.0556
37.2529
36.3906
35.4816
34.5407
33.5821
32.6171
31.649
30.6684
29.6422
28.5438
4.17359
0.582965
-3.49586
-7.77655
-11.8981
-16.1639
-20.3714
-24.3899
-28.278
-31.968
-35.4502
-38.7557
-41.8755
-44.8236
-47.6111
-50.2357
-52.6946
-54.9774
-57.067
-58.9415
-60.5736
-61.9326
-62.9957
-63.75
-64.2047
-64.3841
-64.2764
-63.8428
-63.0392
-61.8218
-60.1479
-57.9747
-55.2633
-51.9832
-48.1152
-43.659
-38.6407
-33.1351
-27.5109
7.57083
10.8248
14.4136
18.1888
21.7678
25.2295
28.4439
31.1757
33.3735
35.1183
36.4554
37.442
38.168
38.6984
39.0802
39.3535
39.5449
39.6714
39.7443
39.7687
39.7442
39.6652
39.52
39.2927
38.9757
38.5745
38.0938
37.5362
36.905
36.2057
35.446
34.6355
33.7844
32.9028
31.9981
31.0708
30.1112
29.09
27.9945
3.75726
0.338684
-3.5411
-7.60697
-11.5157
-15.5556
-19.5336
-23.326
-26.9887
-30.4578
-33.7247
-36.8193
-39.7333
-42.4808
-45.0723
-47.5064
-49.7808
-51.8863
-53.8077
-55.5257
-57.0155
-58.2504
-59.2104
-59.886
-60.288
-60.441
-60.3359
-59.9393
-59.2127
-58.118
-56.6179
-54.6745
-52.2526
-49.3235
-45.8661
-41.8741
-37.3608
-32.3791
-27.2538
6.99532
10.0994
13.5268
17.137
20.5635
23.8829
26.9709
29.6008
31.722
33.4115
34.7115
35.6759
36.3903
36.9172
37.3012
37.5813
37.7833
37.9239
38.0148
38.0615
38.0647
38.0202
37.9182
37.7444
37.4909
37.1613
36.7591
36.2859
35.7438
35.1364
34.469
33.748
32.9803
32.1726
31.3288
30.4474
29.5176
28.5136
27.4331
3.3809
0.126927
-3.56262
-7.42343
-11.1294
-14.9545
-18.7143
-22.2925
-25.7418
-29.0024
-32.0666
-34.963
-37.6843
-40.244
-42.6526
-44.9091
-47.012
-48.9532
-50.7191
-52.2926
-53.6514
-54.7721
-55.6376
-56.2413
-56.5953
-56.724
-56.621
-56.2573
-55.5994
-54.6147
-53.2707
-51.5339
-49.373
-46.7608
-43.6757
-40.1064
-36.0559
-31.5581
-26.8992
6.46655
9.42692
12.6995
16.1511
19.4309
22.6133
25.579
28.1102
30.1568
31.792
33.0552
33.9968
34.6989
35.2208
35.6053
35.8901
36.1004
36.2525
36.3581
36.4233
36.4497
36.4343
36.3689
36.241
36.0423
35.7746
35.4406
35.0411
34.5773
34.0513
33.4663
32.8264
32.136
31.3985
30.6153
29.783
28.8903
27.9132
26.8582
3.04156
-0.0549442
-3.56262
-7.22771
-10.7405
-14.3611
-17.9139
-21.2889
-24.5365
-27.6002
-30.4735
-33.1837
-35.7242
-38.1084
-40.3463
-42.4377
-44.3813
-46.1702
-47.7924
-49.2326
-50.4709
-51.4869
-52.2662
-52.8047
-53.1151
-53.2218
-53.1207
-52.7863
-52.1902
-51.3041
-50.1
-48.5489
-46.6225
-44.2958
-41.547
-38.3612
-34.733
-30.6808
-26.4562
5.98122
8.80387
11.9278
15.2269
18.3656
21.4157
24.2634
26.6989
28.6727
30.2546
31.4813
32.3998
33.0885
33.6042
33.9879
34.2756
34.4919
34.6529
34.7705
34.8509
34.8965
34.9054
34.871
34.7822
34.6304
34.4161
34.1411
33.8058
33.4105
32.9561
32.4446
31.8779
31.2584
30.5872
29.8636
29.0825
28.232
27.29
26.2687
2.73644
-0.209439
-3.54324
-7.02147
-10.3502
-13.7762
-17.1325
-20.3149
-23.3716
-26.2496
-28.943
-31.4783
-33.8494
-36.0696
-38.1483
-40.0859
-41.8817
-43.5298
-45.0192
-46.3366
-47.4646
-48.3849
-49.0856
-49.5649
-49.8361
-49.9233
-49.8238
-49.516
-48.9754
-48.1779
-47.0992
-45.7144
-43.9986
-41.9284
-39.4824
-36.6434
-33.3992
-29.7559
-25.9341
5.5362
8.22683
11.208
14.3607
17.3634
20.286
23.0196
25.3621
27.2651
28.7946
29.985
30.88
31.5546
32.063
32.4442
32.7332
32.9537
33.1215
33.2484
33.3411
33.4025
33.4316
33.4232
33.3675
33.2557
33.0872
32.8631
32.5833
32.2477
31.8563
31.4099
30.909
30.3543
29.7453
29.0795
28.3505
27.5461
26.6451
25.6643
2.46282
-0.338887
-3.50646
-6.80639
-9.95969
-13.2006
-16.37
-19.3699
-22.2462
-24.9489
-27.4731
-29.8439
-32.0563
-34.1231
-36.0536
-37.8482
-39.507
-41.0246
-42.3917
-43.5962
-44.623
-45.456
-46.0854
-46.5113
-46.7476
-46.8174
-46.7198
-46.4361
-45.9456
-45.2275
-44.2614
-43.0255
-41.498
-39.6578
-37.4839
-34.9574
-32.0613
-28.7918
-25.3423
5.12859
7.69269
10.5369
13.5487
16.4205
19.2201
21.8431
24.0955
25.9294
27.4075
28.5618
29.433
30.0926
30.5927
30.9702
31.259
31.482
31.6547
31.7887
31.8911
31.9652
32.0108
32.024
31.9961
31.9184
31.7889
31.6084
31.3766
31.0928
30.7566
30.3677
29.9258
29.4301
28.8791
28.2687
27.5919
26.8359
25.9803
25.0451
2.21826
-0.445541
-3.45417
-6.5839
-9.57007
-12.6349
-15.6269
-18.4538
-21.1594
-23.6967
-26.0615
-28.2779
-30.3418
-32.2651
-34.0572
-35.7191
-37.2508
-38.648
-39.9023
-41.0033
-41.9375
-42.6909
-43.2558
-43.6337
-43.8387
-43.8935
-43.7981
-43.5366
-43.0911
-42.4445
-41.5791
-40.4765
-39.1174
-37.4827
-35.5525
-33.307
-30.7255
-27.7966
-24.69
4.75568
7.19839
9.91097
12.7873
15.5332
18.214
20.73
22.8949
24.6615
26.089
27.2073
28.0545
28.6985
29.1892
29.562
29.8493
30.0733
30.2491
30.3883
30.4981
30.5822
30.6412
30.6723
30.6676
30.6184
30.5221
30.3789
30.1883
29.9494
29.6613
29.3231
28.9338
28.4918
27.9943
27.4367
26.8112
26.1048
25.2976
24.4115
2.00036
-0.531431
-3.3882
-6.35543
-9.18232
-12.0795
-14.9031
-17.5662
-20.1102
-22.4913
-24.7061
-26.7776
-28.7023
-30.4917
-32.155
-33.6933
-35.1074
-36.3933
-37.5439
-38.5499
-39.3994
-40.0807
-40.5872
-40.9221
-41.0996
-41.1414
-41.0484
-40.8071
-40.4026
-39.8202
-39.0451
-38.0616
-36.8528
-35.4016
-33.6892
-31.6955
-29.3975
-26.7781
-23.9859
4.41481
6.74117
9.32741
12.0735
14.698
17.2642
19.6767
21.7565
23.4573
24.8351
25.9176
26.7405
27.3684
27.849
28.2159
28.5004
28.7241
28.9016
29.0443
29.1596
29.2515
29.3211
29.3666
29.381
29.3559
29.2876
29.1761
29.0207
28.8206
28.5743
28.2807
27.9382
27.5446
27.0966
26.5888
26.0131
25.3564
24.5993
23.7646
1.80693
-0.59856
-3.31011
-6.12226
-8.79743
-11.5352
-14.1987
-16.7065
-19.0978
-21.3316
-23.4052
-25.3405
-27.1347
-28.799
-30.3424
-31.7662
-33.0711
-34.2544
-35.3096
-36.2284
-37.0008
-37.6165
-38.0706
-38.367
-38.5202
-38.5509
-38.4606
-38.2382
-37.8707
-37.3461
-36.6519
-35.7746
-34.6999
-33.4123
-31.8942
-30.1257
-28.0826
-25.7434
-23.2389
4.10359
6.31836
8.78326
11.4041
13.9116
16.367
18.6793
20.6765
22.313
23.6419
24.689
25.4873
26.0986
26.5683
26.9285
27.2092
27.4315
27.6093
27.754
27.8731
27.9707
28.0486
28.1057
28.1358
28.1305
28.0858
28.001
27.8758
27.7089
27.499
27.2445
26.9436
26.5936
26.1909
25.7298
25.202
24.5943
23.8878
23.1058
1.63589
-0.648746
-3.22148
-5.88564
-8.41621
-11.0022
-13.5139
-15.8743
-18.1213
-20.216
-22.1566
-23.9641
-25.6362
-27.1837
-28.6153
-29.9326
-31.1367
-32.2252
-33.1926
-34.0318
-34.7339
-35.2902
-35.697
-35.9593
-36.0911
-36.1125
-36.0253
-35.8202
-35.4865
-35.0138
-34.392
-33.6097
-32.6543
-31.5123
-30.1672
-28.5998
-26.7852
-24.6992
-22.4568
3.81972
5.92743
8.27584
10.7761
13.1709
15.5195
17.7346
19.6515
21.2252
22.5061
23.5179
24.2916
24.8858
25.3439
25.6966
25.9727
26.1924
26.3695
26.515
26.6363
26.7381
26.8222
26.8883
26.9311
26.9422
26.917
26.8548
26.7552
26.6168
26.4384
26.2181
25.954
25.6432
25.2819
24.8643
24.3819
23.8219
23.1658
22.4366
1.48528
-0.6837
-3.12375
-5.64667
-8.03946
-10.4811
-12.8485
-15.0693
-17.1796
-19.1431
-20.9586
-22.6461
-24.2037
-25.6421
-26.9696
-28.1881
-29.2989
-30.3
-31.1868
-31.9531
-32.5912
-33.0937
-33.4582
-33.6901
-33.8033
-33.8168
-33.7331
-33.5441
-33.241
-32.8152
-32.2582
-31.5606
-30.7115
-29.6989
-28.5077
-27.1196
-25.5094
-23.6516
-21.6472
3.56103
5.56609
7.80263
10.187
12.4731
14.7184
16.8394
18.6782
20.1906
21.4242
22.4011
23.15
23.7268
24.1728
24.5172
24.7879
25.0043
25.1797
25.3248
25.4472
25.5516
25.6401
25.7132
25.7661
25.7905
25.7815
25.7383
25.6602
25.5463
25.395
25.2046
24.973
24.6973
24.3737
23.9963
23.5568
23.0427
22.4358
21.759
1.35329
-0.705026
-3.01827
-5.40634
-7.66784
-9.9722
-12.2024
-14.291
-16.272
-18.1116
-19.8093
-21.384
-22.8345
-24.1709
-25.4015
-26.5282
-27.5526
-28.4732
-29.2859
-29.9856
-30.5655
-31.0195
-31.3459
-31.5509
-31.6479
-31.6551
-31.5751
-31.4011
-31.1258
-30.7423
-30.2434
-29.6214
-28.8668
-27.9692
-26.9147
-25.6861
-24.2586
-22.6059
-20.8172
3.32552
5.2321
7.36121
9.63404
11.8154
13.9609
15.9907
17.7536
19.2059
20.3931
21.3355
22.0596
22.6187
23.0521
23.3878
23.6524
23.8646
24.0374
24.1814
24.3038
24.4095
24.5011
24.5792
24.64
24.6751
24.6794
24.6519
24.5921
24.499
24.3711
24.2068
24.0038
23.7596
23.4701
23.1297
22.7304
22.2599
21.7008
21.075
1.23823
-0.714238
-2.90628
-5.16566
-7.30207
-9.47572
-11.5757
-13.5389
-15.3975
-17.1202
-18.7068
-20.1756
-21.5256
-22.7669
-23.9071
-24.9486
-25.8931
-26.7394
-27.4841
-28.1229
-28.6499
-29.0601
-29.3526
-29.5337
-29.6168
-29.6189
-29.5427
-29.3828
-29.1329
-28.7875
-28.3407
-27.7861
-27.1156
-26.32
-25.387
-24.3
-23.0355
-21.5668
-19.973
3.11129
4.92344
6.9494
9.11489
11.1952
13.2444
15.1856
16.8747
18.2683
19.4098
20.3181
21.0175
21.5587
21.9792
22.3056
22.5635
22.7711
22.9406
23.0826
23.2041
23.3102
23.4035
23.4853
23.552
23.5955
23.6107
23.5962
23.5518
23.4764
23.3686
23.2269
23.0493
22.833
22.5743
22.2679
21.9059
21.4767
20.9631
20.3866
1.13848
-0.712715
-2.78893
-4.92554
-6.94273
-8.99198
-10.9683
-12.8124
-14.5552
-16.1674
-17.6494
-19.0186
-20.2745
-21.4267
-22.4829
-23.4452
-24.3157
-25.0935
-25.7758
-26.3589
-26.8379
-27.2085
-27.4706
-27.6309
-27.7019
-27.6999
-27.6278
-27.481
-27.2544
-26.9434
-26.5434
-26.0488
-25.4532
-24.7482
-23.9228
-22.9617
-21.8424
-20.5386
-19.1204
2.91659
4.63816
6.5651
8.62733
10.6102
12.5662
14.4216
16.0388
17.3749
18.4716
19.3463
20.0211
20.5442
20.9515
21.2683
21.5191
21.7214
21.8872
22.0265
22.1465
22.2521
22.3461
22.4302
22.5013
22.5514
22.5752
22.5715
22.5399
22.4795
22.3891
22.2671
22.1117
21.9203
21.6895
21.414
21.0865
20.6958
20.2256
19.6962
1.05256
-0.701786
-2.66731
-4.68677
-6.59033
-8.52119
-10.3798
-12.1111
-13.7442
-15.252
-16.6353
-17.9108
-19.0784
-20.1475
-21.1252
-22.014
-22.8159
-23.5305
-24.1555
-24.6877
-25.1231
-25.4581
-25.6931
-25.8349
-25.8957
-25.8907
-25.8228
-25.6882
-25.4829
-25.203
-24.8449
-24.4041
-23.875
-23.2505
-22.5206
-21.6712
-20.6811
-19.5247
-18.2644
2.73976
4.3745
6.20637
8.16925
10.0582
11.9241
13.696
15.2434
16.523
17.5757
18.4175
19.068
19.573
19.9668
20.2736
20.5171
20.7137
20.8753
21.0114
21.1293
21.2336
21.3276
21.4129
21.487
21.5422
21.5729
21.5779
21.557
21.5094
21.4338
21.3289
21.1931
21.0238
20.818
20.5707
20.2749
19.9202
19.4907
19.0058
0.979073
-0.682685
-2.54246
-4.45015
-6.24541
-8.06354
-9.81036
-11.4345
-12.9635
-14.3726
-15.6627
-16.8501
-17.9348
-18.926
-19.8305
-20.6509
-21.3893
-22.0456
-22.618
-23.1037
-23.4995
-23.8023
-24.0132
-24.1388
-24.191
-24.1837
-24.1201
-23.997
-23.8111
-23.5594
-23.239
-22.8463
-22.3764
-21.8234
-21.1781
-20.4279
-19.5526
-18.5279
-17.4095
2.57923
4.13073
5.87143
7.73869
9.53698
11.3159
13.0068
14.4861
15.7099
16.7198
17.5294
18.1558
18.6426
19.0229
19.3196
19.5553
19.746
19.903
20.0357
20.1509
20.2535
20.3466
20.4324
20.5084
20.5673
20.6034
20.6155
20.6035
20.5666
20.5038
20.4138
20.2951
20.1456
19.9621
19.7404
19.4737
19.1521
18.7607
18.3178
0.916762
-0.656509
-2.41528
-4.21633
-5.9084
-7.61924
-9.25965
-10.782
-12.2123
-13.5279
-14.73
-15.8341
-16.841
-17.7593
-18.5955
-19.3521
-20.0316
-20.6341
-21.1581
-21.6013
-21.9611
-22.235
-22.4244
-22.5359
-22.5807
-22.572
-22.5127
-22.4005
-22.2325
-22.0064
-21.7199
-21.3701
-20.9531
-20.4635
-19.8934
-19.2311
-18.4579
-17.5508
-16.5595
2.43362
3.90532
5.55853
7.33373
9.04462
10.7393
12.3515
13.7645
14.9335
15.9015
16.6798
17.2823
17.751
18.1176
18.4041
18.6319
18.8165
18.9687
19.0975
19.2098
19.3102
19.4021
19.4875
19.5646
19.626
19.6664
19.6842
19.6795
19.6517
19.5999
19.5228
19.4192
19.2871
19.1238
18.9251
18.685
18.394
18.0379
17.6341
0.864456
-0.624221
-2.28661
-3.98585
-5.57955
-7.18818
-8.72735
-10.1531
-11.4896
-12.7166
-13.8355
-14.861
-15.7947
-16.6447
-17.4169
-18.114
-18.7387
-19.2914
-19.7709
-20.1753
-20.5023
-20.7502
-20.9205
-21.0197
-21.0584
-21.0489
-20.9941
-20.892
-20.7404
-20.5376
-20.2817
-19.9705
-19.6006
-19.1675
-18.6641
-18.0798
-17.3973
-16.5951
-15.7176
2.30163
3.6968
5.26606
6.95255
8.57908
10.1923
11.7277
13.0763
14.1911
15.119
15.8668
16.4456
16.8961
17.249
17.5252
17.7451
17.9235
18.0707
18.1955
18.3046
18.4025
18.4926
18.5772
18.6546
18.7178
18.7613
18.7837
18.7851
18.765
18.7226
18.6568
18.5665
18.4499
18.3045
18.1267
17.9107
17.6477
17.3243
16.9569
0.82093
-0.586899
-2.15732
-3.75943
-5.25939
-6.77051
-8.21322
-9.54703
-10.7942
-11.9374
-12.9772
-13.9285
-14.7937
-15.5796
-16.2917
-16.9331
-17.5068
-18.0134
-18.4517
-18.8204
-19.1177
-19.3422
-19.4956
-19.5841
-19.6177
-19.608
-19.5577
-19.4652
-19.3289
-19.1473
-18.9192
-18.6425
-18.3148
-17.932
-17.4879
-16.9728
-16.3711
-15.6624
-14.8866
2.18191
3.50389
4.99283
6.59382
8.13896
9.67304
11.1335
12.4192
13.4801
14.37
15.0888
15.6439
16.076
16.4154
16.6814
16.8933
17.0653
17.2074
17.3282
17.4339
17.5291
17.6171
17.7004
17.7776
17.8418
17.8876
17.9137
17.9202
17.9066
17.8723
17.8163
17.7377
17.6349
17.5057
17.3467
17.1526
16.9153
16.622
16.2883
0.784989
-0.545961
-2.0288
-3.53846
-4.94893
-6.36726
-7.71784
-8.96391
-10.1256
-11.1895
-12.153
-13.0336
-13.835
-14.5612
-15.2166
-15.8056
-16.3319
-16.7956
-17.196
-17.532
-17.8022
-18.0055
-18.1438
-18.2231
-18.2526
-18.2432
-18.1975
-18.1142
-17.992
-17.8298
-17.6268
-17.3814
-17.0914
-16.7535
-16.3621
-15.9087
-15.3788
-14.7536
-14.0689
2.07327
3.32547
4.73774
6.25679
7.72381
9.18145
10.5687
11.7922
12.7965
13.6509
14.3428
14.8745
15.2884
15.6146
15.8707
16.0747
16.2404
16.3775
16.494
16.5963
16.6886
16.7744
16.8562
16.9327
16.9974
17.0449
17.0739
17.0846
17.0766
17.0493
17.002
16.9337
16.8432
16.7284
16.5864
16.4122
16.1983
15.9326
15.63
0.75575
-0.502083
-1.90165
-3.32343
-4.64883
-5.979
-7.24168
-8.40418
-9.48404
-10.4731
-11.3616
-12.1737
-12.9155
-13.5857
-14.1875
-14.7273
-15.2093
-15.6334
-15.9988
-16.3049
-16.5505
-16.7349
-16.86
-16.9313
-16.9578
-16.9491
-16.908
-16.8334
-16.7244
-16.5801
-16.3999
-16.1828
-15.9267
-15.629
-15.2847
-14.8862
-14.4202
-13.8695
-13.2663
1.97469
3.16026
4.49952
5.93985
7.33208
8.71602
10.033
11.1956
12.139
12.9597
13.6266
14.135
14.5309
14.8443
15.0908
15.2872
15.4468
15.5788
15.6913
15.7902
15.8796
15.9631
16.0432
16.1188
16.1836
16.2324
16.2639
16.2782
16.275
16.2539
16.2142
16.1552
16.0756
15.9739
15.8471
15.691
15.4984
15.2579
14.984
0.733305
-0.454429
-1.7742
-3.11206
-4.35644
-5.60262
-6.78213
-7.86561
-8.86806
-9.78577
-10.6022
-11.3512
-12.0378
-12.6539
-13.2035
-13.6963
-14.1366
-14.5235
-14.856
-15.1342
-15.3573
-15.5247
-15.6382
-15.7028
-15.7268
-15.7194
-15.683
-15.6169
-15.5202
-15.3925
-15.2333
-15.0417
-14.8163
-14.5547
-14.2526
-13.9032
-13.4943
-13.0102
-12.4798
1.88563
3.00717
4.27523
5.63883
6.95818
8.26969
9.51913
10.6233
11.5118
12.303
12.9437
13.4268
13.8043
14.105
14.3417
14.5302
14.6834
14.8105
14.9189
15.0143
15.1008
15.182
15.2603
15.3349
15.3996
15.4494
15.4829
15.5003
15.5013
15.4858
15.4529
15.4022
15.3326
15.2425
15.1297
14.9899
14.8167
14.5993
14.3516
0.71726
-0.40317
-1.64577
-2.90307
-4.06938
-5.23468
-6.33416
-7.3428
-8.27184
-9.12106
-9.86777
-10.5665
-11.2063
-11.7675
-12.2642
-12.712
-13.113
-13.4643
-13.7655
-14.0174
-14.2196
-14.3714
-14.4744
-14.5334
-14.5558
-14.5501
-14.5186
-14.4607
-14.3757
-14.2636
-14.1237
-13.9553
-13.7577
-13.5286
-13.2643
-12.9586
-12.6008
-12.1765
-11.7116
1.80561
2.86517
4.0636
5.35114
6.59792
7.83584
9.01782
10.0612
10.907
11.6847
12.2976
12.7499
13.1082
13.3968
13.6238
13.8043
13.9512
14.0732
14.1775
14.2694
14.3531
14.4318
14.5082
14.5816
14.6461
14.6965
14.7317
14.7518
14.7567
14.746
14.7193
14.6761
14.6154
14.536
14.4356
14.3107
14.1552
13.9589
13.7353
0.705817
-0.361904
-1.54454
-2.7336
-3.83006
-4.91713
-5.92868
-6.84642
-7.67253
-8.42869
-9.04589
-9.73175
-10.38
-10.9199
-11.3925
-11.8257
-12.2159
-12.5565
-12.8478
-13.0919
-13.2882
-13.436
-13.5367
-13.5949
-13.6183
-13.6152
-13.5885
-13.537
-13.4609
-13.3607
-13.2328
-13.0802
-12.9019
-12.6955
-12.4573
-12.1821
-11.8601
-11.478
-11.0597
1.74466
2.75439
3.89829
5.11787
6.29433
7.4491
8.53491
9.46234
10.21
11.0598
11.6882
12.1295
12.486
12.7783
13.007
13.1878
13.3348
13.4573
13.5619
13.6542
13.7382
13.8175
13.8947
13.9693
14.0355
14.0879
14.1253
14.148
14.156
14.149
14.1266
14.0884
14.0336
13.9612
13.8692
13.754
13.6103
13.4282
13.2207
0.697485
-0.326801
-1.45825
-2.58744
-3.61867
-4.62757
-5.54741
-6.36313
-7.0677
-7.7103
-8.15671
-8.86541
-9.55959
-10.1012
-10.5694
-11.0079
-11.4062
-11.7528
-12.0489
-12.2975
-12.498
-12.6498
-12.7543
-12.8159
-12.8429
-12.8438
-12.822
-12.7758
-12.7069
-12.6161
-12.4949
-12.3526
-12.1877
-11.9967
-11.7765
-11.5225
-11.2256
-10.8732
-10.4875
1.69527
2.66341
3.75849
4.91447
6.01967
7.08195
8.05306
8.84306
9.46769
10.4309
11.1064
11.5523
11.9182
12.2237
12.4622
12.6492
12.801
12.9275
13.0355
13.1307
13.2174
13.2994
13.3794
13.4571
13.5265
13.5819
13.622
13.6475
13.6582
13.6539
13.6346
13.5998
13.549
13.4812
13.3946
13.2859
13.1498
12.9768
12.7799
0.69083
-0.289588
-1.36936
-2.43828
-3.40442
-4.33547
-5.16584
-5.88208
-6.47216
-7.00432
-7.29196
-8.0096
-8.74009
-9.28101
-9.74071
-10.1798
-10.5831
-10.9338
-11.2332
-11.4851
-11.6895
-11.8449
-11.9532
-12.0183
-12.049
-12.0542
-12.0377
-11.9975
-11.9363
-11.8558
-11.7422
-11.611
-11.4603
-11.2856
-11.0837
-10.851
-10.5793
-10.2566
-9.9061
1.6469
2.57322
3.61878
4.71087
5.74582
6.71533
7.57596
8.23689
8.74066
9.7938
10.5181
10.9693
11.3407
11.6572
11.905
12.098
12.2544
12.3845
12.4957
12.5936
12.6829
12.7674
12.8503
12.9311
13.0036
13.062
13.1051
13.1334
13.147
13.1458
13.1298
13.0986
13.0518
12.9887
12.9076
12.8054
12.6771
12.5134
12.3273
0.685578
-0.250958
-1.27893
-2.28792
-3.18957
-4.04369
-4.7874
-5.40658
-5.88993
-6.31051
-6.45745
-7.16809
-7.92077
-8.45937
-8.90866
-9.34381
-9.74847
-10.1012
-10.4023
-10.6564
-10.8637
-11.0226
-11.1345
-11.2032
-11.2377
-11.247
-11.2357
-11.2009
-11.1471
-11.076
-10.9693
-10.8482
-10.7108
-10.5514
-10.3671
-10.1552
-9.90792
-9.61334
-9.29088
1.59968
2.48441
3.48018
4.50881
5.47492
6.35146
7.10711
7.64352
8.0337
9.14913
9.92156
10.3816
10.756
11.0808
11.3369
11.5358
11.6964
11.8301
11.9443
12.0449
12.1366
12.2236
12.3091
12.393
12.4687
12.5301
12.5762
12.6075
12.6242
12.6263
12.6137
12.5864
12.5441
12.4861
12.4108
12.3153
12.195
12.0407
11.8652
0.681764
-0.211301
-1.18784
-2.13775
-2.97612
-3.7549
-4.41516
-4.93988
-5.32423
-5.63062
-5.65658
-6.34463
-7.103
-7.63581
-8.07316
-8.50046
-8.90267
-9.25524
-9.55663
-9.81182
-10.0213
-10.1834
-10.2991
-10.3723
-10.4121
-10.4276
-10.4239
-10.3973
-10.3539
-10.2953
-10.1991
-10.0912
-9.96956
-9.82742
-9.66202
-9.47118
-9.24867
-8.98482
-8.7049
1.55408
2.3977
3.34386
4.31002
5.20906
5.99239
6.64888
7.06085
7.34587
8.49793
9.31433
9.78746
10.1652
10.4965
10.7596
10.9634
11.1275
11.2645
11.3819
11.4854
11.5798
11.6694
11.7577
11.8447
11.9239
11.9889
12.0383
12.0728
12.0929
12.0985
12.0895
12.0662
12.0283
11.9754
11.906
11.8175
11.7054
11.5608
11.3966
0.679245
-0.171302
-1.09757
-1.98978
-2.76676
-3.47242
-4.05298
-4.48636
-4.77905
-4.96768
-4.89129
-5.54158
-6.28796
-6.80997
-7.23394
-7.64998
-8.0459
-8.39579
-8.69616
-8.95172
-9.16296
-9.32788
-9.44646
-9.52236
-9.56436
-9.58213
-9.58145
-9.55833
-9.51979
-9.46773
-9.37675
-9.27703
-9.16683
-9.03859
-8.88993
-8.71908
-8.51912
-8.27697
-8.00345
1.51067
2.31431
3.21139
4.11694
4.95034
5.64024
6.20321
6.48686
6.67293
7.84093
8.69501
9.18357
9.56591
9.90479
10.1762
10.3852
10.5518
10.6903
10.8095
10.9152
11.012
11.1043
11.1956
11.2861
11.369
11.4379
11.4914
11.5303
11.5549
11.5652
11.5613
11.5432
11.5108
11.4635
11.4003
11.3187
11.2145
11.0788
10.9231
0.67782
-0.132398
-1.01068
-1.84761
-2.5653
-3.20044
-3.70471
-4.04969
-4.25666
-4.32371
-4.16243
-4.76028
-5.4771
-5.98195
-6.39025
-6.7917
-7.17763
-7.52195
-7.81951
-8.07457
-8.28803
-8.45797
-8.58471
-8.67194
-8.7275
-8.75974
-8.77476
-8.76841
-8.74872
-8.71735
-8.6449
-8.56477
-8.47526
-8.36773
-8.23979
-8.09095
-7.91856
-7.71922
-7.52848
1.47056
2.23629
3.08579
3.93319
4.70076
5.29505
5.76784
5.91488
6.00491
7.17733
8.0658
8.56979
8.95384
9.29765
9.57925
9.79863
9.97266
10.1153
10.2365
10.3431
10.441
10.5346
10.6282
10.7216
10.8079
10.88
10.9367
10.9788
11.007
11.0214
11.0223
11.01
10.9844
10.9451
10.891
10.8196
10.7272
10.6062
10.4714
0.677034
-0.0963813
-0.930518
-1.71582
-2.37699
-2.94428
-3.37396
-3.63136
-3.7565
-3.69958
-3.46912
-4.00099
-4.67161
-5.15158
-5.54049
-5.92386
-6.29641
-6.63276
-6.92565
-7.17757
-7.38838
-7.5549
-7.67566
-7.75269
-7.79593
-7.81747
-7.82351
-7.80931
-7.78313
-7.74598
-7.66941
-7.58991
-7.5058
-7.40845
-7.29542
-7.1651
-7.0082
-6.80416
-6.53939
1.43449
2.16524
2.96992
3.76271
4.46243
4.95797
5.34175
5.33743
5.32511
6.49754
7.42743
7.95712
8.34463
8.68353
8.96138
9.18254
9.36425
9.51777
9.64949
9.76457
9.86851
9.96682
10.0646
10.1629
10.2555
10.3348
10.3984
10.447
10.4807
10.4994
10.5036
10.4935
10.4696
10.4318
10.3798
10.3117
10.2229
10.1011
9.95021
0.676496
-0.0632945
-0.857281
-1.59582
-2.20498
-2.70943
-3.06704
-3.23903
-3.28666
-3.10331
-2.81076
-3.26289
-3.87269
-4.31894
-4.68316
-5.04317
-5.39707
-5.72313
-6.01477
-6.27378
-6.49994
-6.69136
-6.8483
-6.97318
-7.06734
-7.1349
-7.18454
-7.21323
-7.23299
-7.24393
-7.20854
-7.16573
-7.11515
-7.04719
-6.96036
-6.85741
-6.74507
-6.63681
-6.60065
1.40139
2.09968
2.86301
3.60659
4.23896
4.64228
4.94289
4.75765
4.61861
5.77877
6.75192
7.32953
7.75499
8.11536
8.39207
8.59406
8.75099
8.88562
9.00838
9.1228
9.231
9.33575
9.4405
9.54537
9.64401
9.73056
9.80441
9.86643
9.91676
9.95535
9.98196
9.9962
9.9974
9.98459
9.95652
9.91186
9.85106
9.77731
9.72457
0.676513
-0.0319854
-0.789122
-1.48582
-2.04965
-2.50079
-2.79526
-2.89496
-2.87418
-2.55259
-2.18794
-2.54822
-3.0821
-3.4832
-3.81853
-4.15178
-4.47711
-4.774
-5.03619
-5.26428
-5.45559
-5.60289
-5.69944
-5.74533
-5.76136
-5.76917
-5.77049
-5.75623
-5.73144
-5.69598
-5.62783
-5.56475
-5.50415
-5.43748
-5.36138
-5.27091
-5.14548
-4.94165
-4.58804
1.37102
2.03925
2.76523
3.46571
4.03634
4.37068
4.59476
4.17535
3.88451
5.01864
5.9965
6.58992
7.05778
7.4916
7.85335
8.12307
8.3135
8.44764
8.54885
8.63482
8.71708
8.80309
8.89789
8.99964
9.09582
9.17497
9.23466
9.27619
9.30127
9.31135
9.30792
9.29292
9.2684
9.23596
9.19556
9.14291
9.06365
8.92159
8.67254
0.677426
-0.0100803
-0.740127
-1.40252
-1.92701
-2.32999
-2.56449
-2.60207
-2.50794
-2.02573
-1.59004
-1.86566
-2.30679
-2.63995
-2.93538
-3.25018
-3.57749
-3.89805
-4.20456
-4.49706
-4.77657
-5.04529
-5.30406
-5.54552
-5.7409
-5.88093
-5.99324
-6.08511
-6.18064
-6.27592
-6.30502
-6.30844
-6.3049
-6.28799
-6.25403
-6.21124
-6.18993
-6.24429
-6.51584
1.3523
2.00041
2.69803
3.35894
3.86637
4.13578
4.23173
3.50868
3.10854
4.28606
5.27233
5.81715
6.19272
6.53205
6.85533
7.16745
7.46577
7.736
7.96624
8.15443
8.30658
8.4326
8.54684
8.66957
8.8147
8.96999
9.11829
9.25418
9.37616
9.48327
9.5734
9.64368
9.69185
9.71678
9.72049
9.71105
9.71408
9.78643
10.0411
0.676536
-0.0195532
-0.750265
-1.39643
-1.88584
-2.2275
-2.37114
-2.30462
-2.06563
-1.40487
-0.971556
-1.2081
-1.56984
-1.81559
-2.00691
-2.19324
-2.37737
-2.55098
-2.70877
-2.84531
-2.94795
-2.9964
-2.97593
-2.89549
-2.82119
-2.78802
-2.7719
-2.73959
-2.68262
-2.64179
-2.57228
-2.51206
-2.46884
-2.42956
-2.38704
-2.33236
-2.21836
-1.95998
-1.36715
1.36069
2.01372
2.70351
3.32803
3.75184
3.89052
3.68316
2.60172
2.19051
3.55462
4.77578
5.56826
6.06749
6.33117
6.3869
6.31375
6.19703
6.1057
6.06892
6.08947
6.15886
6.26825
6.40118
6.51633
6.56827
6.57531
6.57266
6.56572
6.55342
6.53549
6.51578
6.49945
6.4902
6.4891
6.4912
6.47776
6.39336
6.1254
5.49033
0.669203
-0.0594437
-0.815843
-1.46691
-1.93127
-2.20639
-2.23756
-2.02112
-1.56171
-0.728219
-0.310184
-0.500779
-0.8351
-1.14869
-1.46464
-1.7945
-2.14131
-2.50687
-2.89638
-3.31924
-3.7883
-4.31018
-4.86056
-5.37711
-5.74885
-5.97547
-6.19859
-6.37575
-6.67144
-7.10236
-6.97815
-7.0004
-7.13221
-7.2293
-7.27595
-7.32108
-7.44287
-7.75269
-8.4628
1.38407
2.06053
2.76107
3.36101
3.70079
3.66436
3.05013
1.64929
0.998479
2.21477
3.5672
4.90804
6.21461
7.45528
8.51011
9.31869
9.89952
10.2712
10.4829
10.59
10.6407
10.6741
10.7473
10.9518
11.3226
11.7259
12.0582
12.3319
12.5698
12.7759
12.9432
13.068
13.1524
13.2037
13.2384
13.2907
13.4466
13.8366
14.6736
119.371
117.309
114.724
111.689
108.044
103.764
98.8726
93.4467
87.63
81.6093
75.56
69.6055
63.812
58.2074
52.8011
47.5976
42.6
37.8102
33.2297
28.8581
24.6927
20.7305
16.9667
13.3966
10.0149
6.81702
3.79818
0.953234
-1.72225
-4.23278
-6.58112
-8.76877
-10.7973
-12.6669
-14.3778
-15.9305
-17.3255
-18.5637
-19.6466
-20.5767
-21.3566
-21.9906
-22.4832
-22.84
-23.0674
-23.1727
-23.1634
-23.0478
-22.8344
-22.5323
-22.1503
-21.6974
-21.1825
-20.614
-20.0002
-19.3486
-18.6667
-17.961
-17.2376
-16.502
-15.759
-15.013
-14.2676
-13.526
-12.7912
-12.0649
-11.3506
-10.7395
-10.1945
-9.64444
-9.04849
-8.5041
-7.79522
-7.40553
-6.32916
-6.60065
-4.31308
-6.7153
-0.989818
-8.96069
119.06
115.442
111.484
107.399
103.231
99.0559
94.9294
90.8812
86.9285
83.085
79.3618
75.7698
72.3191
69.0179
65.8732
62.89
60.0716
57.4196
54.9334
52.6108
50.4479
48.4393
46.5783
44.8577
43.269
41.8037
40.453
39.2081
38.0602
37.0011
36.0226
35.117
34.2767
33.4949
32.7646
32.0792
31.4325
30.8183
30.2309
29.6646
29.1142
28.5746
28.0415
27.5106
26.9783
26.4415
25.8976
25.3446
24.781
24.2059
23.6189
23.0199
22.4097
21.7889
21.1589
20.5211
19.8774
19.2295
18.5795
17.9294
17.2811
16.6368
15.9983
15.3675
14.7466
14.1368
13.5415
13.0414
12.6104
12.1679
11.7158
11.2578
10.7909
10.3595
9.81612
9.68367
8.45433
10.2219
5.05791
15.0275
48.557
48.1106
47.7968
47.5143
47.1911
46.8215
46.3783
45.8161
45.0898
44.1681
43.0371
41.6961
40.1513
38.4144
36.5012
34.4296
32.2198
29.8929
27.47
24.9728
22.4227
19.8408
17.2466
14.6585
12.0936
9.56654
7.0908
4.67934
2.3451
0.0985428
-2.05145
-4.09737
-6.03364
-7.85508
-9.55729
-11.1369
-12.5909
-13.9172
-15.1141
-16.1806
-17.1167
-17.9232
-18.6018
-19.1548
-19.5856
-19.8988
-20.0993
-20.1928
-20.1858
-20.0853
-19.8986
-19.6333
-19.2971
-18.8979
-18.4431
-17.9403
-17.3965
-16.8185
-16.2126
-15.5845
-14.9397
-14.2829
-13.6184
-12.95
-12.2812
-11.6142
-10.953
-10.3837
-9.87338
-9.35901
-8.79373
-8.28383
-7.59988
-7.24316
-6.19162
-6.47765
-4.255
-6.58001
-1.09128
-8.76492
48.8032
49.0178
49.5471
50.0131
50.3838
50.6505
50.8046
50.8432
50.7672
50.5795
50.2837
49.8836
49.3847
48.793
48.1164
47.3635
46.5436
45.667
44.7449
43.7888
42.8101
41.8194
40.8272
39.8432
38.8757
37.9318
37.0171
36.1361
35.2916
34.4853
33.7179
32.9887
32.2965
31.6392
31.0144
30.419
29.8499
29.3036
28.7764
28.2649
27.7653
27.274
26.7879
26.3034
25.8177
25.3282
24.8324
24.3285
23.8148
23.2903
22.7543
22.2066
21.6473
21.077
20.4964
19.9069
19.3097
18.7065
18.099
17.4892
16.879
16.2702
15.6649
15.0651
14.4727
13.8893
13.3183
12.8375
12.4225
11.9959
11.5589
11.116
10.6628
10.2471
9.71452
9.5971
8.39054
10.1062
5.14915
14.6746
26.545
26.1717
25.8057
25.4363
25.0348
24.6019
24.1378
23.6416
23.116
22.5659
21.9963
21.4106
20.807
20.1776
19.5113
18.796
18.0204
17.1751
16.2522
15.2463
14.1544
12.9764
11.7144
10.3736
8.96129
7.48723
5.96292
4.40049
2.81279
1.21304
-0.385184
-1.96806
-3.52281
-5.03699
-6.49905
-7.89868
-9.22659
-10.4746
-11.6356
-12.7037
-13.6741
-14.5433
-15.3088
-15.9691
-16.5241
-16.9747
-17.3226
-17.5706
-17.7225
-17.7828
-17.7565
-17.6494
-17.4677
-17.2176
-16.9057
-16.5387
-16.1231
-15.6653
-15.1714
-14.6471
-14.098
-13.529
-12.9449
-12.3497
-11.7475
-11.141
-10.534
-10.0081
-9.53383
-9.05558
-8.52372
-8.04653
-7.39605
-7.06012
-6.06004
-6.31991
-4.22979
-6.38322
-1.24675
-8.45933
26.8121
27.0531
27.3321
27.6028
27.9055
28.2361
28.5898
28.9617
29.3462
29.7369
30.1275
30.5109
30.8803
31.2286
31.5493
31.8356
32.0818
32.2822
32.4324
32.5292
32.5704
32.5549
32.4833
32.3574
32.1803
31.9559
31.689
31.3853
31.0503
30.6898
30.3095
29.9144
29.5091
29.0975
28.6826
28.2669
27.8517
27.438
27.0259
26.6152
26.2051
25.7945
25.3819
24.9659
24.5447
24.1169
23.6809
23.2353
22.779
22.3111
21.8309
21.3383
20.8332
20.3161
19.7875
19.2483
18.6999
18.1435
17.5808
17.0135
16.4433
15.8723
15.3023
14.7354
14.1737
13.6185
13.0737
12.6139
12.2166
11.8074
11.3872
10.961
10.5236
10.1232
9.60831
9.49055
8.34491
9.937
5.29404
14.2684
27.1328
26.9156
26.6825
26.4324
26.1437
25.7983
25.3821
24.882
24.29
23.6068
22.8416
22.0101
21.1287
20.2092
19.2589
18.2812
17.279
16.2545
15.209
14.1432
13.0574
11.9509
10.8226
9.67162
8.49709
7.29859
6.07672
4.83267
3.56905
2.28939
0.998693
-0.296659
-1.58956
-2.87194
-4.13497
-5.36971
-6.56704
-7.71815
-8.81455
-9.84838
-10.8127
-11.7014
-12.5094
-13.2325
-13.8678
-14.4134
-14.8684
-15.2332
-15.5088
-15.6977
-15.8027
-15.8276
-15.777
-15.6556
-15.4688
-15.2223
-14.9217
-14.5729
-14.1815
-13.7531
-13.2932
-12.8067
-12.2985
-11.7729
-11.2341
-10.6855
-10.1308
-9.64658
-9.20619
-8.7615
-8.26101
-7.81481
-7.19515
-6.88193
-5.92322
-6.17596
-4.17617
-6.2344
-1.31155
-8.26099
27.3118
27.4753
27.6199
27.7473
27.8624
27.9604
28.0429
28.1109
28.1656
28.2081
28.24
28.2625
28.2773
28.2856
28.2887
28.2874
28.2826
28.2743
28.2621
28.2453
28.2225
28.1921
28.152
28.1001
28.0341
27.9519
27.8518
27.7323
27.5925
27.4322
27.2514
27.051
26.8322
26.5962
26.3449
26.0799
25.8026
25.5146
25.217
24.9104
24.5954
24.2721
23.9404
23.5997
23.2496
22.8892
22.5178
22.1345
21.7387
21.3297
20.9071
20.4706
20.0204
19.5567
19.0799
18.5911
18.091
17.5811
17.0627
16.5375
16.0072
15.4737
14.9388
14.4046
13.8732
13.3461
12.8272
12.3879
12.0075
11.6149
11.211
10.8009
10.3788
9.9931
9.49406
9.3809
8.27674
9.8028
5.33704
14.0084
23.591
23.3769
23.1598
22.9505
22.7375
22.5092
22.257
21.9721
21.6441
21.2635
20.824
20.3244
19.7673
19.1565
18.4947
17.7826
17.02
16.2077
15.347
14.4402
13.4905
12.5012
11.4762
10.4195
9.33501
8.22682
7.0988
5.9547
4.79837
3.63351
2.46387
1.2937
0.127167
-1.03105
-2.17576
-3.30139
-4.40199
-5.47126
-6.50266
-7.48966
-8.42595
-9.30552
-10.1228
-10.8726
-11.5509
-12.1542
-12.6799
-13.1265
-13.4932
-13.7803
-13.9891
-14.1214
-14.18
-14.1682
-14.0901
-13.9501
-13.7529
-13.5035
-13.2069
-12.8683
-12.4927
-12.085
-11.65
-11.192
-10.7155
-10.224
-9.7212
-9.2783
-8.87161
-8.46035
-7.99132
-7.57647
-6.98684
-6.69936
-5.77579
-6.03511
-4.10021
-6.10707
-1.32772
-8.11385
23.7537
23.8866
24.0241
24.1642
24.3034
24.4402
24.5743
24.7039
24.8277
24.9443
25.052
25.1496
25.2359
25.3096
25.3701
25.4166
25.4489
25.4669
25.4711
25.462
25.4403
25.4068
25.3628
25.3088
25.2458
25.1743
25.0947
25.007
24.911
24.8065
24.6929
24.5695
24.4359
24.2913
24.1354
23.9679
23.7884
23.597
23.3935
23.1779
22.9503
22.7105
22.4584
22.1938
21.9163
21.6256
21.321
21.0023
20.669
20.3206
19.9569
19.5778
19.1834
18.7739
18.3497
17.9116
17.4606
16.9977
16.5243
16.0419
15.5521
15.0568
14.5578
14.0571
13.5569
13.0587
12.5666
12.1483
11.7851
11.4096
11.0224
10.6288
10.2224
9.85171
9.3685
9.26277
8.19053
9.67764
5.32611
13.7953
18.6888
18.494
18.2947
18.1029
17.9105
17.7123
17.5032
17.2776
17.0298
16.7537
16.4444
16.0996
15.7199
15.3078
14.8661
14.396
13.8965
13.3655
12.8007
12.1999
11.5617
10.8848
10.1686
9.41326
8.6194
7.78852
6.92282
6.0251
5.09892
4.14825
3.17747
2.19145
1.19515
0.193765
-0.807243
-1.80239
-2.78599
-3.75234
-4.69551
-5.60969
-6.48902
-7.32785
-8.12063
-8.86215
-9.5477
-10.173
-10.7346
-11.2294
-11.6554
-12.0113
-12.2967
-12.5119
-12.658
-12.7368
-12.7509
-12.7035
-12.598
-12.4384
-12.229
-11.9742
-11.6784
-11.3463
-10.9824
-10.5908
-10.1758
-9.7414
-9.29091
-8.88998
-8.51796
-8.14121
-7.7051
-7.32269
-6.76482
-6.50386
-5.61768
-5.88321
-4.01678
-5.9679
-1.34143
-7.94896
18.828
18.9374
19.0571
19.181
19.3094
19.4427
19.5808
19.7234
19.8701
20.0206
20.1742
20.3302
20.4877
20.6456
20.8027
20.9577
21.109
21.2551
21.3945
21.5256
21.6469
21.757
21.855
21.9398
22.0108
22.0676
22.1099
22.1378
22.1515
22.1512
22.1372
22.1099
22.0694
22.016
21.9496
21.8703
21.7779
21.6723
21.5531
21.4203
21.2735
21.1123
20.9365
20.7459
20.54
20.3185
20.0811
19.8274
19.5572
19.2701
18.9661
18.645
18.3071
17.9524
17.5816
17.1951
16.7939
16.379
15.9516
15.5132
15.0652
14.6095
14.1478
13.6821
13.2146
12.7469
12.283
11.8871
11.5424
11.1852
10.816
10.44
10.0507
9.69564
9.23033
9.13065
8.09523
9.53383
5.31162
13.553
15.6041
15.4443
15.278
15.1142
14.9478
14.7775
14.6018
14.416
14.2146
13.9925
13.7442
13.4655
13.1546
12.813
12.444
12.0509
11.6359
11.1998
10.7419
10.2611
9.75647
9.22732
8.67276
8.09204
7.48447
6.84959
6.18712
5.49721
4.78046
4.03796
3.27134
2.48298
1.67568
0.852889
0.0186319
-0.822653
-1.6661
-2.50658
-3.33864
-4.15672
-4.95521
-5.72852
-6.47112
-7.17759
-7.84295
-8.46246
-9.0318
-9.54725
-10.0056
-10.4045
-10.742
-11.0173
-11.23
-11.3805
-11.4701
-11.5004
-11.4739
-11.3933
-11.2621
-11.0837
-10.8619
-10.6008
-10.3045
-9.97676
-9.6218
-9.24345
-8.84486
-8.48601
-8.14903
-7.80717
-7.40486
-7.0553
-6.53079
-6.29608
-5.45045
-5.71936
-3.92812
-5.81464
-1.35375
-7.76318
15.7244
15.8269
15.9371
16.05
16.1666
16.2868
16.4105
16.5376
16.6681
16.8018
16.9386
17.0785
17.2212
17.3665
17.5143
17.6642
17.8158
17.9685
18.1219
18.2751
18.4274
18.5776
18.7246
18.8672
19.0042
19.1341
19.2557
19.3676
19.4688
19.5582
19.6348
19.6979
19.7471
19.7818
19.8018
19.8068
19.7966
19.7712
19.7302
19.6737
19.6013
19.5128
19.408
19.2867
19.1483
18.9928
18.8198
18.629
18.4201
18.193
17.9475
17.6837
17.4015
17.1013
16.7835
16.4485
16.0972
15.7305
15.3495
14.9555
14.5501
14.1347
13.7113
13.2817
12.8481
12.412
11.9777
11.6052
11.2801
10.9422
10.5921
10.2346
9.86355
9.52474
9.07934
8.98373
7.99136
9.3699
5.29461
13.2877
13.5337
13.4005
13.2603
13.1197
12.9755
12.8278
12.678
12.5242
12.3627
12.1891
11.999
11.7875
11.5502
11.2851
10.9926
10.6749
10.3347
9.97364
9.59243
9.19054
8.76725
8.32208
7.85476
7.36517
6.85331
6.31925
5.76313
5.18522
4.58601
3.96607
3.32624
2.66766
1.99172
1.30019
0.59535
-0.120193
-0.843297
-1.57044
-2.29762
-3.02051
-3.73451
-4.43481
-5.11646
-5.77442
-6.40381
-6.99986
-7.55803
-8.07416
-8.54447
-8.96576
-9.33535
-9.65116
-9.91185
-10.1166
-10.2655
-10.359
-10.3985
-10.3855
-10.3225
-10.212
-10.0572
-9.86137
-9.62792
-9.36047
-9.0627
-8.73843
-8.39037
-8.07283
-7.7705
-7.46314
-7.09472
-6.7778
-6.28741
-6.07853
-5.27492
-5.5465
-3.83149
-5.65419
-1.35454
-7.57295
13.6382
13.7312
13.83
13.932
14.0378
14.1473
14.2603
14.3768
14.4968
14.62
14.7464
14.8758
15.0078
15.1424
15.2793
15.4182
15.5587
15.7006
15.8436
15.9872
16.1312
16.2751
16.4184
16.5605
16.701
16.8391
16.974
17.1049
17.2308
17.3507
17.4636
17.5682
17.6637
17.7488
17.8226
17.8842
17.9326
17.9673
17.9874
17.9923
17.9816
17.9548
17.9113
17.8507
17.7727
17.6768
17.5627
17.4301
17.2786
17.108
16.9181
16.709
16.4805
16.233
15.9666
15.682
15.3796
15.0604
14.7253
14.3756
14.0126
13.6378
13.253
12.8599
12.4608
12.057
11.653
11.3048
10.9998
10.682
10.3516
10.0134
9.66138
9.33913
8.91511
8.82225
7.87637
9.19124
5.26375
13.0191
11.7668
11.6537
11.5341
11.4128
11.2869
11.1567
11.024
10.8894
10.7518
10.6084
10.4559
10.2906
10.1085
9.9056
9.67984
9.4313
9.16157
8.87255
8.56577
8.24172
7.89984
7.53918
7.15897
6.75868
6.33797
5.89662
5.43457
4.95189
4.44894
3.92618
3.38433
2.8244
2.2475
1.65506
1.04879
0.430654
-0.197099
-0.831864
-1.47074
-2.11046
-2.74752
-3.37812
-3.99821
-4.60354
-5.18978
-5.7526
-6.28767
-6.79086
-7.25825
-7.68627
-8.07175
-8.41195
-8.70473
-8.94843
-9.14209
-9.2853
-9.37824
-9.42169
-9.41694
-9.36577
-9.27042
-9.13344
-8.9577
-8.74627
-8.50234
-8.22956
-7.93011
-7.65266
-7.38423
-7.11067
-6.77593
-6.49119
-6.03531
-5.85188
-5.09093
-5.36547
-3.72547
-5.48846
-1.34162
-7.38302
11.8567
11.9376
12.0237
12.1131
12.2063
12.3033
12.404
12.5087
12.6172
12.7295
12.8457
12.9655
13.0891
13.2161
13.3466
13.4801
13.6165
13.7555
13.8967
14.0398
14.1843
14.3298
14.4758
14.6218
14.7672
14.9116
15.0541
15.1944
15.3316
15.4651
15.5942
15.718
15.8358
15.9466
16.0495
16.1435
16.2276
16.3009
16.3624
16.4111
16.4462
16.4668
16.4721
16.4615
16.4341
16.3894
16.3268
16.2458
16.1459
16.0269
15.8884
15.7302
15.5522
15.3545
15.1373
14.9009
14.6458
14.3727
14.0825
13.7763
13.4552
13.1207
12.7744
12.418
12.0535
11.6826
11.3093
10.9859
10.7015
10.4042
10.0941
9.77576
9.44353
9.13814
8.7367
8.6458
7.74852
8.99917
5.21645
12.7494
10.2759
10.1797
10.0779
9.97383
9.86507
9.75108
9.63322
9.51278
9.39041
9.26549
9.13596
8.99904
8.85182
8.69082
8.51248
8.31464
8.0972
7.86143
7.60903
7.34149
7.05951
6.76277
6.45045
6.12178
5.77623
5.41338
5.03288
4.63448
4.21806
3.78361
3.33134
2.86172
2.37534
1.87309
1.35617
0.825961
0.284194
-0.267139
-0.825741
-1.38904
-1.9542
-2.51815
-3.07754
-3.6288
-4.16823
-4.69201
-5.19624
-5.67706
-6.13067
-6.55346
-6.9421
-7.29348
-7.605
-7.87441
-8.1
-8.2806
-8.41555
-8.50475
-8.54862
-8.54812
-8.50467
-8.42007
-8.2965
-8.13649
-7.94265
-7.71839
-7.46527
-7.22638
-6.99088
-6.75024
-6.44879
-6.19564
-5.77445
-5.61606
-4.89825
-5.17586
-3.6101
-5.31618
-1.31734
-7.19068
10.3532
10.4239
10.4989
10.5772
10.6589
10.7441
10.8329
10.9254
11.0216
11.1215
11.2253
11.3329
11.4443
11.5596
11.6786
11.8013
11.9277
12.0575
12.1906
12.3269
12.4659
12.6075
12.7512
12.8966
13.0432
13.1906
13.3381
13.4852
13.631
13.775
13.9164
14.0544
14.1883
14.3171
14.4401
14.5564
14.665
14.7651
14.8556
14.9357
15.0043
15.0606
15.1035
15.1321
15.1456
15.1431
15.1238
15.0871
15.0324
14.959
14.8665
14.7545
14.6228
14.4714
14.3001
14.1092
13.8991
13.6702
13.4233
13.1593
12.8791
12.5842
12.276
11.956
11.6264
11.2884
10.9462
10.6479
10.3846
10.1082
9.81896
9.5209
9.20909
8.92089
8.54311
8.45365
7.60691
8.79254
5.15487
12.4731
9.06033
8.97847
8.89163
8.80257
8.70906
8.61045
8.50737
8.40055
8.29087
8.17911
8.06517
7.94756
7.82402
7.69207
7.5487
7.39064
7.2156
7.0232
6.81439
6.59062
6.35332
6.10335
5.84062
5.56448
5.27423
4.96946
4.64984
4.31511
3.96509
3.59963
3.21869
2.82242
2.41104
1.98498
1.54487
1.09157
0.626152
0.149975
-0.33532
-0.827826
-1.32538
-1.82554
-2.32562
-2.82264
-3.3135
-3.79488
-4.26335
-4.7154
-5.14751
-5.55622
-5.9382
-6.29028
-6.60957
-6.89349
-7.13987
-7.34693
-7.51338
-7.6384
-7.7217
-7.76344
-7.76431
-7.72539
-7.6482
-7.53465
-7.38677
-7.2076
-6.99814
-6.79595
-6.59211
-6.38323
-6.11438
-5.89198
-5.50539
-5.37142
-4.69707
-4.97756
-3.48567
-5.13654
-1.2832
-6.99363
9.12718
9.18919
9.25495
9.32361
9.39542
9.47042
9.54873
9.63041
9.71553
9.80418
9.89641
9.99227
10.0918
10.195
10.3019
10.4126
10.5269
10.6448
10.7663
10.8912
11.0194
11.1508
11.2851
11.4221
11.5614
11.7028
11.8458
11.99
12.1349
12.2798
12.424
12.567
12.708
12.8461
12.9806
13.1104
13.2348
13.3528
13.4634
13.5656
13.6585
13.741
13.8122
13.871
13.9166
13.9479
13.964
13.9641
13.9475
13.9133
13.8609
13.7899
13.6997
13.5902
13.461
13.3123
13.1442
12.9569
12.7511
12.5275
12.2868
12.0304
11.7594
11.4753
11.1801
10.8749
10.5639
10.2909
10.0488
9.79371
9.52563
9.24829
8.95742
8.68673
8.3335
8.24516
7.4508
8.57044
5.08024
12.1871
8.0482
7.97813
7.9038
7.82738
7.74695
7.66188
7.57255
7.47917
7.38201
7.28179
7.17938
7.07502
6.96778
6.85585
6.73712
6.60903
6.46856
6.31339
6.14279
5.95743
5.75851
5.54734
5.32484
5.09111
4.84558
4.58761
4.31677
4.03279
3.73548
3.42466
3.10023
2.76223
2.41073
2.04595
1.66829
1.27826
0.876557
0.464091
0.0419843
-0.388403
-0.825499
-1.26747
-1.71224
-2.15747
-2.60061
-3.03891
-3.46945
-3.88916
-4.29487
-4.6834
-5.0516
-5.39637
-5.71477
-6.00406
-6.2618
-6.48585
-6.67444
-6.82624
-6.94032
-7.01624
-7.05401
-7.05406
-7.01724
-6.94494
-6.83852
-6.70066
-6.53172
-6.36401
-6.19024
-6.01163
-5.77433
-5.58156
-5.22914
-5.11876
-4.48785
-4.77093
-3.3525
-4.94957
-1.23962
-6.79181
8.10607
8.16039
8.21791
8.27807
8.34108
8.407
8.47593
8.54795
8.62315
8.70162
8.78343
8.86865
8.95735
9.04957
9.14536
9.24475
9.34774
9.45432
9.56448
9.67816
9.7953
9.91579
10.0395
10.1663
10.2959
10.4282
10.5628
10.6994
10.8377
10.9772
11.1174
11.2578
11.3979
11.5369
11.6741
11.8087
11.94
12.067
12.1887
12.3043
12.4128
12.513
12.6041
12.6849
12.7545
12.8117
12.8556
12.8853
12.8999
12.8983
12.88
12.8442
12.7903
12.7178
12.6265
12.5159
12.3863
12.2376
12.0702
11.8846
11.6815
11.4619
11.2268
10.9777
10.7161
10.4433
10.1631
9.91533
9.69446
9.46076
9.21406
8.95767
8.68809
8.43517
8.10717
8.01986
7.27943
8.33251
4.9926
11.89
7.18516
7.12493
7.06104
6.99527
6.92601
6.85261
6.77528
6.69418
6.60926
6.52062
6.4288
6.3346
6.23856
6.14022
6.03817
5.93059
5.81536
5.6898
5.55153
5.39955
5.23422
5.05656
4.86778
4.66885
4.46001
4.24084
4.0107
3.76915
3.51595
3.2509
2.97384
2.68471
2.38345
2.07015
1.74502
1.40836
1.06064
0.702455
0.334625
-0.0418821
-0.425895
-0.816057
-1.21076
-1.60819
-2.00632
-2.40292
-2.79554
-3.1816
-3.55836
-3.92297
-4.27257
-4.60425
-4.91518
-5.20264
-5.46406
-5.69712
-5.89975
-6.07026
-6.20728
-6.30985
-6.37742
-6.40988
-6.40749
-6.37106
-6.30139
-6.20077
-6.06892
-5.93314
-5.78756
-5.63745
-5.43033
-5.26578
-4.94675
-4.85891
-4.27117
-4.55638
-3.2109
-4.75542
-1.18756
-6.58535
7.23534
7.28285
7.33312
7.38577
7.44097
7.4988
7.55934
7.62269
7.68893
7.75817
7.83048
7.90594
7.98463
8.06663
8.152
8.24078
8.33303
8.42876
8.528
8.63075
8.73698
8.84665
8.95968
9.07599
9.19544
9.31786
9.44306
9.57081
9.70083
9.8328
9.96632
10.101
10.2364
10.3718
10.5069
10.6409
10.773
10.9026
11.0289
11.1509
11.2677
11.3784
11.482
11.5774
11.6637
11.7397
11.8044
11.8568
11.8959
11.9207
11.9303
11.924
11.9009
11.8605
11.8022
11.7256
11.6305
11.5168
11.3847
11.2344
11.0664
10.8816
10.6807
10.465
10.236
9.99469
9.74481
9.52186
9.32203
9.10958
8.88423
8.64885
8.40072
8.16577
7.86343
7.77723
7.09199
8.0783
4.89198
11.5801
6.44251
6.39056
6.33545
6.27868
6.2189
6.15552
6.08859
6.01818
5.94427
5.86679
5.78576
5.70147
5.61462
5.52589
5.43523
5.34162
5.24353
5.13917
5.0262
4.90227
4.76612
4.61784
4.45827
4.2885
4.10954
3.92181
3.72499
3.5185
3.30192
3.07498
2.83753
2.58945
2.33062
2.06102
1.7807
1.48983
1.18865
0.877557
0.557088
0.227932
-0.109072
-0.452906
-0.802357
-1.156
-1.51224
-1.86929
-2.22514
-2.57762
-2.92442
-3.26307
-3.59102
-3.90565
-4.20431
-4.4844
-4.7434
-4.97892
-5.18877
-5.37101
-5.52399
-5.64635
-5.73712
-5.79574
-5.82195
-5.81609
-5.77839
-5.71074
-5.61229
-5.50568
-5.38618
-5.26255
-5.08396
-4.94598
-4.6593
-4.59271
-4.04756
-4.3342
-3.06123
-4.55388
-1.12804
-6.37304
6.4861
6.52766
6.5716
6.61769
6.66604
6.71673
6.76987
6.82551
6.88378
6.94475
7.00852
7.07514
7.14474
7.21738
7.29312
7.37205
7.45421
7.53968
7.62848
7.72064
7.81618
7.91511
8.01739
8.12299
8.23183
8.34383
8.45885
8.57674
8.6973
8.82031
8.94546
9.07243
9.20087
9.33034
9.46036
9.59038
9.71983
9.84804
9.97433
10.0979
10.218
10.3337
10.4441
10.5482
10.6451
10.7337
10.813
10.882
10.9396
10.9848
11.0166
11.0342
11.0366
11.0231
10.993
10.9458
10.8811
10.7986
10.6983
10.5802
10.4446
10.2921
10.1233
9.93934
9.74135
9.53037
9.30979
9.11109
8.9319
8.74037
8.53615
8.32167
8.09497
7.87807
7.60162
7.51678
6.88772
7.80699
4.77888
11.2539
5.79763
5.75269
5.70503
5.6559
5.60417
5.54933
5.49141
5.43034
5.36605
5.29848
5.22765
5.15348
5.07607
4.99592
4.91376
4.82986
4.74361
4.65375
4.55878
4.45666
4.34514
4.22272
4.08924
3.94533
3.79199
3.63024
3.46064
3.28301
3.09685
2.9017
2.69734
2.48364
2.26046
2.02771
1.78538
1.5335
1.27221
1.00173
0.722405
0.434692
0.139193
-0.16337
-0.472082
-0.785866
-1.10347
-1.42349
-1.74429
-2.0641
-2.38096
-2.69279
-2.99736
-3.29235
-3.57537
-3.84399
-4.09585
-4.32859
-4.54001
-4.72805
-4.89089
-5.02693
-5.13489
-5.21384
-5.26311
-5.28262
-5.27212
-5.23312
-5.16426
-5.08384
-4.98811
-4.88875
-4.73683
-4.62354
-4.36787
-4.32101
-3.81783
-4.10463
-2.90439
-4.34429
-1.06294
-6.15284
5.83554
5.8719
5.91034
5.95068
5.99303
6.03747
6.08409
6.13296
6.18418
6.23782
6.29398
6.35275
6.4142
6.47841
6.54547
6.61545
6.68843
6.76445
6.8436
6.9259
7.0114
7.10012
7.19207
7.28726
7.38565
7.48719
7.59182
7.69944
7.80992
7.92311
8.0388
8.15674
8.27667
8.39825
8.52111
8.64481
8.76886
8.89273
9.01581
9.13747
9.25697
9.37355
9.48638
9.5946
9.69728
9.79347
9.88219
9.96243
10.0332
10.0934
10.1421
10.1783
10.201
10.2095
10.203
10.1807
10.1421
10.0868
10.0146
9.92525
9.81897
9.69604
9.55697
9.40256
9.23382
9.05162
8.85907
8.68376
8.52456
8.35343
8.16992
7.97603
7.77052
7.5717
7.32111
7.23803
6.6661
7.5174
4.65465
10.9061
5.23275
5.19377
5.15241
5.10976
5.06486
5.01726
4.96698
4.91396
4.85803
4.7991
4.73715
4.67218
4.6041
4.53287
4.45879
4.38249
4.30447
4.2245
4.14162
4.05452
3.96151
3.86053
3.75002
3.62956
3.49958
3.36095
3.21464
3.06127
2.90076
2.73258
2.5563
2.37173
2.17877
1.97732
1.76733
1.54876
1.32165
1.08611
0.842369
0.590731
0.3316
0.0655022
-0.2069
-0.484778
-0.76719
-1.05302
-1.34097
-1.62961
-1.91731
-2.20234
-2.48279
-2.75664
-3.02179
-3.27604
-3.51719
-3.74305
-3.95145
-4.14036
-4.30785
-4.45222
-4.57195
-4.66586
-4.73297
-4.7729
-4.78494
-4.77024
-4.72706
-4.66977
-4.59536
-4.51787
-4.39054
-4.29984
-4.07367
-4.04464
-3.58293
-3.86762
-2.74175
-4.12546
-0.99431
-5.9211
5.26579
5.29761
5.33123
5.36654
5.40364
5.4426
5.48349
5.52639
5.57138
5.61853
5.66796
5.71971
5.77388
5.83055
5.8898
5.9517
6.01635
6.08378
6.15408
6.22731
6.30353
6.38275
6.46503
6.55038
6.6388
6.73028
6.82479
6.92228
7.02268
7.12587
7.23171
7.34004
7.45066
7.56332
7.67773
7.79354
7.91038
8.0278
8.14531
8.26237
8.37837
8.49264
8.60446
8.71307
8.81762
8.91727
9.01108
9.0981
9.17737
9.2479
9.30869
9.35876
9.39717
9.42298
9.43537
9.43355
9.41685
9.38472
9.33675
9.27267
9.19239
9.09604
8.98397
8.85671
8.71509
8.55985
8.39377
8.2407
8.10064
7.94917
7.7857
7.6119
7.42715
7.24629
7.0213
6.94031
6.42684
7.20713
4.52206
10.53
4.73015
4.69627
4.66033
4.62324
4.5842
4.54283
4.49912
4.45303
4.4044
4.3531
4.29904
4.24217
4.1825
4.11995
4.0544
3.98591
3.91501
3.84234
3.76802
3.69138
3.61129
3.52628
3.43441
3.33403
3.22472
3.10695
2.98147
2.84911
2.71047
2.56551
2.41366
2.25442
2.08758
1.9131
1.73098
1.54116
1.34362
1.13839
0.92561
0.705472
0.478265
0.244358
0.00424633
-0.241456
-0.492019
-0.746576
-1.00411
-1.26345
-1.52329
-1.78219
-2.03855
-2.29063
-2.53661
-2.77453
-3.00244
-3.21832
-3.42012
-3.60587
-3.77365
-3.92174
-4.04851
-4.15259
-4.23279
-4.28846
-4.3186
-4.324
-4.30259
-4.26529
-4.2097
-4.15156
-4.04663
-3.97604
-3.77814
-3.76391
-3.34458
-3.62226
-2.57628
-3.89334
-0.927012
-5.67161
4.75896
4.78684
4.81629
4.84724
4.87977
4.91395
4.94984
4.98752
5.02706
5.06854
5.11203
5.15762
5.20538
5.25538
5.3077
5.36242
5.41961
5.47935
5.5417
5.60673
5.67449
5.74504
5.81843
5.89468
5.97382
6.05586
6.1408
6.22862
6.31928
6.41271
6.50882
6.6075
6.70861
6.81196
6.91733
7.02446
7.13306
7.24278
7.35321
7.46391
7.57438
7.68405
7.79232
7.8985
8.00188
8.10168
8.19706
8.28718
8.37111
8.44793
8.51669
8.57642
8.62617
8.66504
8.69213
8.70658
8.70769
8.69477
8.66725
8.62482
8.56719
8.49428
8.40628
8.30356
8.18671
8.05632
7.91485
7.78272
7.66077
7.52797
7.38367
7.22925
7.06465
6.9015
6.70176
6.62256
6.17072
6.87171
4.38853
10.1129
4.28973
4.26034
4.22915
4.19695
4.16307
4.12718
4.08927
4.04929
4.00712
3.96265
3.9158
3.86652
3.81474
3.76024
3.70237
3.63996
3.5717
3.49716
3.4174
3.33461
3.25124
3.1697
3.09177
3.01706
2.94208
2.86148
2.76991
2.66407
2.54432
2.41431
2.27808
2.13745
1.9919
1.84019
1.68154
1.51578
1.34307
1.16356
0.977323
0.784453
0.585094
0.379486
0.167978
-0.0489631
-0.270815
-0.496885
-0.726398
-0.958435
-1.19191
-1.42569
-1.65841
-1.88861
-2.11473
-2.3351
-2.54796
-2.7515
-2.94385
-3.12317
-3.28759
-3.43546
-3.56507
-3.67502
-3.76395
-3.83099
-3.87492
-3.89633
-3.89285
-3.8723
-3.83302
-3.79142
-3.70691
-3.65316
-3.48312
-3.4787
-3.10532
-3.36624
-2.41218
-3.64385
-0.868429
-5.39787
4.31479
4.33909
4.36475
4.39173
4.4201
4.44992
4.48125
4.51415
4.5487
4.58496
4.623
4.6629
4.70473
4.74856
4.79446
4.84251
4.89278
4.94534
5.00025
5.0576
5.11743
5.17981
5.24479
5.31241
5.38273
5.45575
5.53148
5.60993
5.6911
5.77499
5.86148
5.95053
6.04202
6.13588
6.23189
6.32984
6.42953
6.53072
6.63306
6.73617
6.83966
6.94305
7.04582
7.14744
7.24724
7.34457
7.43868
7.5288
7.61413
7.69377
7.76688
7.83255
7.88979
7.93775
7.97557
8.00233
8.01726
8.01969
8.00888
7.98443
7.94599
7.89323
7.8262
7.74515
7.65044
7.54252
7.42352
7.31072
7.20564
7.09029
6.96409
6.82813
6.68278
6.5368
6.36206
6.28294
5.89967
6.50456
4.26377
9.6453
3.75885
3.73441
3.70842
3.68154
3.65327
3.62333
3.59171
3.55835
3.52316
3.48604
3.44686
3.40548
3.3618
3.31572
3.2673
3.21672
3.16417
3.10959
3.05277
2.9937
2.93263
2.86956
2.80395
2.73507
2.66215
2.58411
2.49994
2.40936
2.3125
2.20916
2.09919
1.98306
1.86137
1.73438
1.60188
1.46361
1.31935
1.16907
1.01274
0.850449
0.682288
0.508387
0.328937
0.144245
-0.0453602
-0.239381
-0.437275
-0.638378
-0.841891
-1.04693
-1.25246
-1.4573
-1.66023
-1.85984
-2.05466
-2.24308
-2.42349
-2.5942
-2.75351
-2.89973
-3.03124
-3.14652
-3.24412
-3.32296
-3.38164
-3.42026
-3.43666
-3.43431
-3.41395
-3.38975
-3.33041
-3.29227
-3.15968
-3.15762
-2.84986
-3.0737
-2.24843
-3.35591
-0.828789
-5.09166
3.77981
3.80017
3.82167
3.84429
3.86811
3.89315
3.91947
3.94715
3.97622
4.00678
4.03887
4.07253
4.10786
4.14494
4.1838
4.2245
4.26715
4.3118
4.35851
4.40735
4.45838
4.51168
4.56731
4.62528
4.68568
4.74854
4.81388
4.88173
4.95211
5.02505
5.10049
5.17839
5.25873
5.34148
5.42646
5.51354
5.60261
5.69351
5.78597
5.87973
5.97446
6.0698
6.1654
6.26081
6.35548
6.4489
6.54045
6.62941
6.71516
6.79688
6.87382
6.94517
7.00997
7.06741
7.11671
7.15691
7.18717
7.20681
7.21501
7.21121
7.19493
7.16573
7.12347
7.06813
6.99988
6.91905
6.82724
6.73802
6.65364
6.55984
6.45611
6.34324
6.22209
6.09782
5.95602
5.87498
5.58791
6.05473
4.15255
9.07242
3.20894
3.18971
3.16925
3.14807
3.12579
3.1022
3.07727
3.05097
3.02324
2.99399
2.96311
2.93049
2.89615
2.86014
2.82271
2.78437
2.74567
2.707
2.66806
2.6276
2.58379
2.535
2.48028
2.41958
2.35345
2.28313
2.21002
2.13478
2.05714
1.97616
1.8905
1.79915
1.70203
1.59983
1.49307
1.3818
1.2657
1.14451
1.01809
0.886473
0.749645
0.607701
0.460693
0.308777
0.152149
-0.00892344
-0.17407
-0.342873
-0.514796
-0.689193
-0.865337
-1.0424
-1.21939
-1.39524
-1.56878
-1.73869
-1.90361
-2.06208
-2.21258
-2.35356
-2.48346
-2.60078
-2.70405
-2.79202
-2.86316
-2.91723
-2.95198
-2.96759
-2.96505
-2.95968
-2.92311
-2.90614
-2.80318
-2.82017
-2.55448
-2.78439
-2.02825
-3.10657
-0.710158
-4.89656
3.22555
3.24176
3.25888
3.27692
3.29592
3.3159
3.33694
3.3591
3.38238
3.40689
3.43264
3.45969
3.48812
3.51799
3.54933
3.5822
3.61671
3.65288
3.69081
3.73052
3.77208
3.8156
3.8611
3.90861
3.95824
4.01001
4.06401
4.12023
4.17872
4.23951
4.30263
4.36804
4.43579
4.50586
4.57815
4.65262
4.72921
4.8078
4.88824
4.97036
5.05396
5.13879
5.2246
5.31102
5.39772
5.48428
5.5702
5.65493
5.73797
5.81866
5.89633
5.97031
6.03978
6.10397
6.16213
6.21342
6.25699
6.29208
6.31789
6.33373
6.33904
6.33328
6.31611
6.28727
6.24672
6.19461
6.1322
6.06875
6.00719
5.93747
5.85905
5.77252
5.67894
5.58165
5.4741
5.40711
5.19356
5.60888
3.88563
8.70364
2.74104
2.7257
2.70935
2.69242
2.67461
2.65574
2.63578
2.61473
2.59253
2.5691
2.54438
2.51827
2.49074
2.4617
2.43105
2.39876
2.36474
2.32898
2.29153
2.25235
2.21124
2.16783
2.12187
2.07361
2.02357
1.97223
1.91944
1.86455
1.80656
1.74432
1.67712
1.60487
1.5276
1.44551
1.359
1.26848
1.17411
1.0757
0.973005
0.86587
0.75424
0.63816
0.517647
0.392787
0.263673
0.130455
-0.00663941
-0.147346
-0.291294
-0.438053
-0.587098
-0.737838
-0.889535
-1.04138
-1.19247
-1.34177
-1.48817
-1.63048
-1.7674
-1.8976
-2.01967
-2.13227
-2.23396
-2.32353
-2.39945
-2.46133
-2.50685
-2.53411
-2.54391
-2.55207
-2.53272
-2.53237
-2.45317
-2.48715
-2.25563
-2.49603
-1.7948
-2.86343
-0.568218
-4.71314
2.7544
2.76747
2.78128
2.79584
2.81118
2.82735
2.84437
2.86228
2.88115
2.901
2.92187
2.94381
2.96689
2.99115
3.01662
3.04338
3.07147
3.10096
3.13191
3.16435
3.19831
3.23391
3.27118
3.31018
3.35097
3.39357
3.43805
3.48448
3.53286
3.58325
3.63568
3.69015
3.74671
3.80537
3.86607
3.92881
3.99357
4.06026
4.12882
4.19914
4.27109
4.34453
4.41923
4.49496
4.57152
4.64859
4.72575
4.80264
4.87883
4.95387
5.02714
5.09811
5.16616
5.23057
5.29072
5.34584
5.39516
5.43801
5.47357
5.5012
5.5203
5.53025
5.5306
5.52101
5.50128
5.47142
5.43239
5.39
5.34743
5.29813
5.24152
5.17819
5.10922
5.03699
4.96057
4.91005
4.76207
5.14971
3.57436
8.34205
2.31377
2.30152
2.28847
2.27492
2.26066
2.24555
2.22957
2.2127
2.19491
2.17614
2.15632
2.13539
2.11332
2.09004
2.06545
2.03953
2.01219
1.98339
1.95309
1.92127
1.88798
1.85317
1.81665
1.77809
1.73727
1.69449
1.65025
1.60482
1.55799
1.50909
1.45718
1.4014
1.34132
1.27685
1.20805
1.13514
1.05857
0.978679
0.895471
0.808726
0.71823
0.623909
0.525756
0.42383
0.318191
0.208923
0.0961575
-0.0199396
-0.139122
-0.261104
-0.385496
-0.511895
-0.639754
-0.768459
-0.897346
-1.02559
-1.15234
-1.27662
-1.39741
-1.51357
-1.6239
-1.72725
-1.82234
-1.90806
-1.98298
-2.04666
-2.09684
-2.13044
-2.14794
-2.16491
-2.15803
-2.16959
-2.10978
-2.15617
-1.95598
-2.20169
-1.55633
-2.60676
-0.422263
-4.4922
2.32448
2.33497
2.34607
2.35777
2.37011
2.38313
2.39685
2.41129
2.4265
2.44253
2.45939
2.47713
2.49581
2.51545
2.53608
2.55779
2.5806
2.60455
2.6297
2.65609
2.68378
2.7128
2.74324
2.77512
2.8085
2.84341
2.87991
2.91806
2.95789
2.99943
3.04274
3.08781
3.13472
3.18345
3.23399
3.28637
3.34057
3.39655
3.45428
3.51369
3.5747
3.63721
3.70107
3.76614
3.83225
3.89918
3.96664
4.03435
4.10197
4.16915
4.23544
4.30039
4.36353
4.42426
4.48206
4.5363
4.58629
4.63147
4.67113
4.70463
4.73143
4.7509
4.7626
4.76616
4.76127
4.74787
4.72668
4.70086
4.67357
4.64101
4.60269
4.55917
4.51156
4.46187
4.41326
4.37924
4.29238
4.65319
3.23747
7.88467
1.91386
1.90427
1.89405
1.88343
1.87223
1.86037
1.84784
1.83459
1.82062
1.80587
1.7903
1.77386
1.75651
1.7382
1.71886
1.69848
1.67698
1.65429
1.63038
1.60521
1.57873
1.55097
1.52195
1.49157
1.45957
1.42562
1.38965
1.35197
1.31315
1.2734
1.23241
1.18954
1.14392
1.09486
1.04204
0.985415
0.925105
0.861476
0.794967
0.72576
0.653715
0.578618
0.500316
0.418793
0.334077
0.246234
0.155336
0.0614815
-0.0351824
-0.134456
-0.236088
-0.339773
-0.445138
-0.551722
-0.659028
-0.766443
-0.873293
-0.978831
-1.08222
-1.18257
-1.27889
-1.37019
-1.45541
-1.53357
-1.60339
-1.66448
-1.71471
-1.7505
-1.77199
-1.79391
-1.79541
-1.8149
-1.77031
-1.82528
-1.65241
-1.89976
-1.30746
-2.33415
-0.26396
-4.23499
1.92226
1.9305
1.93923
1.94844
1.95817
1.96842
1.97924
1.99064
2.00264
2.01531
2.02866
2.04271
2.0575
2.07307
2.08945
2.1067
2.12483
2.14387
2.16389
2.18493
2.20703
2.23022
2.25455
2.28005
2.3068
2.33482
2.36414
2.39483
2.42692
2.46046
2.49547
2.53198
2.57004
2.60967
2.65085
2.69362
2.73801
2.78397
2.8315
2.88056
2.93109
2.98306
3.03637
3.09091
3.14654
3.20312
3.26049
3.3184
3.37659
3.43481
3.49272
3.54998
3.60622
3.66094
3.71373
3.76412
3.8115
3.85541
3.89525
3.93047
3.96057
3.98502
4.00335
4.01524
4.02037
4.01866
4.01058
3.99738
3.98202
3.96279
3.93931
3.91222
3.8825
3.85229
3.82725
3.80847
3.7752
4.10864
2.85074
7.3409
1.54666
1.53933
1.5315
1.52334
1.51473
1.50563
1.49599
1.4858
1.47504
1.46368
1.45168
1.439
1.42562
1.41148
1.39656
1.38082
1.3642
1.34665
1.32814
1.30862
1.28805
1.26639
1.24367
1.21988
1.19501
1.16893
1.14136
1.11198
1.08082
1.04832
1.01497
0.980877
0.945674
0.908734
0.869292
0.826806
0.781064
0.732086
0.680148
0.625698
0.569053
0.510222
0.44901
0.385267
0.318941
0.250064
0.178696
0.104886
0.0287065
-0.0497183
-0.130245
-0.212646
-0.296684
-0.382027
-0.468318
-0.555119
-0.641922
-0.728159
-0.813203
-0.896351
-0.976832
-1.05385
-1.12652
-1.19408
-1.2554
-1.31022
-1.35659
-1.39101
-1.41321
-1.43665
-1.44279
-1.46656
-1.43307
-1.49304
-1.34297
-1.58891
-1.04378
-2.04315
-0.0839447
-3.93741
1.55309
1.55938
1.56605
1.5731
1.58053
1.58839
1.59667
1.6054
1.61461
1.62432
1.63456
1.64534
1.6567
1.66866
1.68125
1.69451
1.70845
1.7231
1.73852
1.75473
1.77175
1.78963
1.8084
1.82808
1.84875
1.87041
1.89308
1.91684
1.94171
1.96773
1.99492
2.0233
2.05295
2.08386
2.11602
2.14951
2.18432
2.22044
2.25788
2.29664
2.33666
2.37796
2.42047
2.46409
2.50878
2.55442
2.60091
2.64807
2.69574
2.74372
2.79175
2.83959
2.88698
2.93352
2.97889
3.02273
3.06458
3.10403
3.1406
3.1739
3.20344
3.22879
3.24958
3.2655
3.27626
3.2818
3.28241
3.27808
3.27136
3.26199
3.24975
3.23532
3.21963
3.2051
3.19855
3.19213
3.20319
3.50828
2.39524
6.70951
1.15947
1.15415
1.14845
1.14249
1.13621
1.12957
1.12253
1.11509
1.10724
1.09894
1.09017
1.0809
1.07112
1.0608
1.04991
1.03842
1.02628
1.01348
0.999973
0.98573
0.970702
0.954869
0.938211
0.920719
0.902415
0.883315
0.863375
0.842417
0.820121
0.796256
0.770996
0.744864
0.718286
0.691302
0.663569
0.634486
0.603436
0.570002
0.533999
0.49551
0.454859
0.412385
0.368141
0.321914
0.273481
0.222785
0.169898
0.114934
0.057999
-0.000814528
-0.0614005
-0.123604
-0.187239
-0.252071
-0.317836
-0.384214
-0.450841
-0.517297
-0.583127
-0.647823
-0.710809
-0.771488
-0.829195
-0.883362
-0.933085
-0.978209
-1.01708
-1.04679
-1.0666
-1.08831
-1.09558
-1.12005
-1.09366
-1.15496
-1.02299
-1.26374
-0.760425
-1.72368
0.120678
-3.55622
1.16416
1.16876
1.17365
1.17881
1.18428
1.19007
1.19618
1.20264
1.20946
1.21667
1.22427
1.23229
1.24075
1.24969
1.25911
1.26903
1.27948
1.2905
1.3021
1.31431
1.32714
1.34065
1.35485
1.36977
1.38544
1.40188
1.41913
1.43721
1.45617
1.47601
1.49677
1.51846
1.54113
1.56478
1.58942
1.61509
1.64179
1.66951
1.69826
1.72806
1.75885
1.79064
1.82339
1.85704
1.89157
1.92687
1.9629
1.99954
2.03666
2.07413
2.11178
2.14944
2.18691
2.22393
2.26028
2.29567
2.32979
2.36234
2.39296
2.42135
2.44714
2.46999
2.48966
2.50585
2.51833
2.52711
2.53234
2.53329
2.53214
2.52937
2.52489
2.5194
2.51351
2.50997
2.51527
2.51505
2.55737
2.83138
1.83852
5.92821
0.853111
0.849556
0.845741
0.841741
0.837513
0.833018
0.82825
0.823207
0.817864
0.812189
0.806192
0.799846
0.793123
0.786017
0.778506
0.77055
0.762134
0.753245
0.743847
0.733907
0.723404
0.71231
0.70059
0.688224
0.675216
0.661566
0.6473
0.632436
0.616873
0.600346
0.582516
0.563292
0.543013
0.522196
0.501065
0.479378
0.456552
0.431958
0.405255
0.376447
0.345757
0.31357
0.280385
0.246524
0.211927
0.176314
0.139435
0.101215
0.0616885
0.0209241
-0.0210129
-0.0640479
-0.108088
-0.153001
-0.198628
-0.244777
-0.291212
-0.337655
-0.383804
-0.429325
-0.473819
-0.516886
-0.558067
-0.596994
-0.632985
-0.666034
-0.694785
-0.717416
-0.732473
-0.749932
-0.755386
-0.777642
-0.754711
-0.814353
-0.69556
-0.927578
-0.460497
-1.37183
0.342334
-3.04046
0.856196
0.859161
0.862334
0.865688
0.869236
0.872987
0.876945
0.881128
0.885552
0.890217
0.895127
0.9003
0.905759
0.911513
0.917569
0.923932
0.930629
0.937685
0.945099
0.952884
0.961055
0.969645
0.978678
0.988146
0.998073
1.00849
1.01941
1.03085
1.04284
1.0554
1.06853
1.08228
1.09665
1.11165
1.12731
1.14366
1.16072
1.17847
1.19693
1.21613
1.23604
1.25666
1.27798
1.3
1.32269
1.34599
1.36988
1.39429
1.41915
1.44436
1.46983
1.49544
1.52104
1.5465
1.57166
1.5963
1.62022
1.64323
1.66508
1.68558
1.70447
1.7215
1.73657
1.7494
1.7599
1.76808
1.77405
1.77718
1.77839
1.77856
1.77778
1.77673
1.77591
1.77852
1.79016
1.79105
1.85037
2.09095
1.19343
4.92867
0.351343
0.349156
0.346768
0.344239
0.341555
0.338702
0.335673
0.332459
0.329045
0.325418
0.321577
0.317506
0.313182
0.308597
0.303742
0.298587
0.293112
0.287305
0.281139
0.274584
0.267618
0.260209
0.252319
0.243913
0.234951
0.225398
0.215193
0.204255
0.192416
0.179498
0.165416
0.150451
0.135767
0.12386
0.118219
0.12199
0.136262
0.159002
0.184955
0.207003
0.218811
0.217343
0.203712
0.181984
0.156718
0.130952
0.105708
0.0807861
0.0557315
0.0303424
0.00465059
-0.0212305
-0.0472298
-0.0732908
-0.0993647
-0.125383
-0.151264
-0.176899
-0.202168
-0.226933
-0.251025
-0.274267
-0.296442
-0.31741
-0.336747
-0.354623
-0.369984
-0.382469
-0.390142
-0.400646
-0.401441
-0.418458
-0.396232
-0.449438
-0.344531
-0.551017
-0.147454
-0.917419
0.498199
-2.12704
0.353284
0.355207
0.357279
0.359485
0.36184
0.364346
0.366999
0.369831
0.37285
0.376052
0.37944
0.383029
0.386842
0.390879
0.395146
0.399654
0.404422
0.409469
0.414782
0.420381
0.42629
0.432513
0.439059
0.445934
0.453154
0.460725
0.468665
0.476972
0.485654
0.494731
0.504193
0.514053
0.524303
0.534941
0.545971
0.557395
0.56921
0.581388
0.593942
0.606854
0.620093
0.633651
0.647525
0.661685
0.676095
0.690744
0.705583
0.72058
0.735696
0.750875
0.766082
0.781245
0.796308
0.811199
0.825857
0.840192
0.854109
0.867561
0.880398
0.892524
0.903796
0.914113
0.9234
0.931488
0.938342
0.943987
0.948524
0.951207
0.953188
0.955104
0.95706
0.959291
0.961106
0.964298
0.971819
0.957896
0.996975
1.19373
0.391372
3.37718
0.319436
0.319581
0.319714
0.319806
0.319868
0.319912
0.319935
0.31993
0.319897
0.31984
0.319764
0.319663
0.319537
0.319385
0.31922
0.319041
0.318852
0.318662
0.318479
0.318319
0.318199
0.318138
0.31816
0.318271
0.318454
0.318667
0.318898
0.319344
0.320647
0.324107
0.331565
0.3445
0.362398
0.381101
0.392494
0.386551
0.355233
0.296616
0.217221
0.131095
0.0550754
0.00202884
-0.0242821
-0.0293721
-0.0233776
-0.0151858
-0.00931906
-0.00643937
-0.00560524
-0.00596701
-0.00725165
-0.00948762
-0.0127084
-0.0168448
-0.021776
-0.0273667
-0.0334966
-0.0400339
-0.0468545
-0.053833
-0.0608512
-0.0678034
-0.0745689
-0.0811221
-0.0872402
-0.0932123
-0.0984045
-0.103653
-0.105855
-0.110564
-0.108521
-0.119282
-0.102224
-0.139678
-0.0687982
-0.203479
0.0459208
-0.394021
0.403559
-0.918647
0.319251
0.319031
0.318817
0.318592
0.318365
0.31813
0.317878
0.317612
0.317333
0.317032
0.316706
0.31635
0.315969
0.315551
0.315096
0.314596
0.314052
0.313463
0.312815
0.312108
0.311349
0.310522
0.309627
0.308664
0.307635
0.306531
0.305364
0.304124
0.302819
0.301457
0.300042
0.298579
0.297074
0.295541
0.293996
0.292445
0.290904
0.289388
0.287925
0.286522
0.285189
0.283947
0.28282
0.281815
0.280945
0.280232
0.279672
0.279282
0.279059
0.279018
0.279156
0.279456
0.279898
0.28045
0.281071
0.281711
0.282327
0.282914
0.283401
0.283786
0.284048
0.284202
0.284255
0.284206
0.284154
0.284066
0.284114
0.285589
0.284863
0.282763
0.279556
0.276002
0.273012
0.274499
0.28535
0.288846
0.323837
0.42956
0.00874856
1.41334
)
;

boundaryField
{
    inlet
    {
        type            freestreamPressure;
        freestreamValue uniform 0;
        supersonic      0;
        value           nonuniform List<scalar> 
134
(
0.665945
-0.0591543
-0.811871
-1.45977
-1.92186
-2.19564
-2.22666
-2.01128
-1.55411
-0.724674
-0.133591
-0.215802
-0.360174
-0.495911
-0.632998
-0.776459
-0.927657
-1.08742
-1.25806
-1.44369
1.37733
-1.64995
-1.87973
-2.12238
-2.35051
-2.51537
-2.59536
-2.73665
-2.74013
-2.79401
-3.33512
-3.06678
-3.07831
-3.138
-3.18237
-3.20448
-3.22592
-3.28121
-3.41975
-3.58765
2.05049
2.74762
3.34464
3.68277
3.64652
3.03528
1.64126
-3.95581
-3.86962
-3.73484
-3.6475
-3.58283
-3.51032
-3.42859
-3.34489
-3.26132
-3.17668
-3.08994
-3.00108
-2.91014
-2.81658
-2.7195
-2.61727
-2.50715
-2.38627
-2.25094
-2.16472
-2.0836
-1.98582
-1.87194
-1.74015
-1.57135
-1.34303
-0.939191
-0.405386
0.568229
1.25949
2.02703
2.78686
3.52641
4.22807
4.82409
5.28043
5.60773
5.81655
5.93487
5.99394
6.02103
6.03825
6.0779
6.19162
6.39924
6.6252
6.81098
6.96372
7.09623
7.21088
7.30363
7.37245
7.41857
7.446
7.46416
7.49221
7.57864
7.79697
8.26783
8.46704
8.26846
8.03981
7.89347
7.77352
7.63706
7.48767
7.33643
7.18451
7.0289
6.86784
6.70056
6.52606
6.34243
6.14669
5.93504
5.70027
5.43713
5.11462
4.90729
4.70415
4.44712
4.14145
3.7864
3.34675
2.78376
1.9084
0.799311
)
;
    }
    outlet
    {
        type            freestreamPressure;
        freestreamValue uniform 0;
        supersonic      0;
        value           nonuniform List<scalar> 
160
(
0.000929831
0.000929399
0.000930146
0.000928869
0.000930421
0.000928363
0.000930576
0.000927829
0.000930637
0.000927294
0.00093064
0.00092674
0.000930576
0.000926141
0.000930426
0.000925508
0.000930184
0.000924844
0.000929868
0.000924121
0.000929486
0.000923337
0.000929025
0.000922473
0.000928479
0.000921545
0.000927852
0.000920521
0.000927174
0.000919401
0.000926444
0.000918161
0.000925676
0.000916806
0.000924891
0.000915333
0.00092411
0.000913705
0.00092338
0.000911922
0.000922752
0.000910006
0.000922275
0.00090791
0.000922033
0.000905637
0.000922049
0.000903186
0.00092229
0.000900566
0.000922632
0.000897754
0.000922984
0.000894783
0.000923776
0.00089163
0.000926664
0.000888318
0.000935207
0.000884872
0.000954665
0.000881305
0.000989556
0.000877637
0.00103905
0.000873885
0.00109224
0.000870095
0.00112676
0.000866315
0.0011138
0.000862566
0.0010285
0.000858905
0.000862591
0.000855371
0.000633287
0.000852055
0.000382119
0.000848983
0.000160114
0.000846189
5.87559e-06
0.000843746
-7.00282e-05
0.000841726
-8.44413e-05
0.000840163
-6.708e-05
0.000839101
-4.35386e-05
0.000838619
-2.67141e-05
0.000838715
-1.8461e-05
0.000839452
-1.60719e-05
0.000840837
-1.71113e-05
0.00084293
-2.07979e-05
0.00084574
-2.72157e-05
0.000849231
-3.64642e-05
0.000853367
-4.83502e-05
0.000858069
-6.25339e-05
0.000863232
-7.86359e-05
0.000868736
-9.63222e-05
0.000874454
-0.000115227
0.000880405
-0.00013501
0.000886388
-0.000155326
0.000892417
-0.000175856
0.000898451
-0.000196311
0.000904551
-0.000216366
0.00091077
-0.000235962
0.00091713
-0.000254481
0.000923966
-0.000272759
0.000931228
-0.000289012
0.000939506
-0.000305433
0.000951839
-0.000313032
0.000956209
-0.000327984
0.000956757
-0.000323692
0.000954319
-0.000356631
0.000951495
-0.000308797
0.000951504
-0.000420553
0.000968194
-0.000212339
0.00101984
-0.00061197
0.00104906
0.000148111
0.00119474
-0.00114613
0.00161488
0.00144669
3.47513e-05
-0.00231149
0.00516546
)
;
    }
    walls
    {
        type            zeroGradient;
    }
    frontAndBack
    {
        type            empty;
    }
}


// ************************************************************************* //
