     1 0.18257436713596339461
     2 0.25675277151915149032
     3 0.21392467749023727497
     4 0.15193458099943998874
     5 0.15000579061917987400
     6 0.12142700422186356035
     7 0.11523843831267034654
     8 0.15810664902740753646
     9 0.14418116316213877570
    10 0.11084791136905666753
    11 0.09601037987492055947
    12 0.08492444853807205873
    13 0.08492444853807205873
    14 0.08492444853807205873
    15 0.11123702832571079335
    16 0.09461937583580357081
    17 0.07417940120419490302
    18 0.07433052080201492384
    19 0.06874440955296798328
    20 0.06630049532262183298
    21 0.06670849316355965952
    22 0.06880175555770538798
    23 0.06630049532262183298
    24 0.07147121250803105397
    25 0.06560274111811803532
    26 0.06560274111811803532
    27 0.06670849316355965952
    28 0.06572617870441754828
    29 0.06593017851154629738
    30 0.06560810184206052054
    31 0.06571009704861868750
    32 0.06559133057416581536
    33 0.05940356203119565026
    34 0.06859910933825831558
    35 0.11269385617335270222
    36 0.05799775763115948279
    37 0.06331133567286871544
    38 0.05891008345064469715
    39 0.06578365460773848150
    40 0.05786562145800806106
    41 0.05780793399055292325
    42 0.05908616737967015142
    43 0.05968922182127242571
    44 0.05763738445440468733
    45 0.05737802325020704974
    46 0.05718776702763507525
    47 0.05743638064987331704
    48 0.05689216724703830691
    49 0.05740050668508141218
    50 0.05717388729620348498
    51 0.05724522596700835214
    52 0.05703320660529756503
    53 0.08794884151135452799
    54 0.06505551432821404800
    55 0.05020640023159406162
    56 0.05713369406256685323
    57 0.04718107418280816784
    58 0.05201736488484159926
    59 0.05670287328877397781
    60 0.05019350343483997001
    61 0.05101413594697462583
    62 0.04855772610584901255
    63 0.04818138903327526257
    64 0.04852462749929080388
    65 0.04762723433094832176
    66 0.04739450404688391738
    67 0.04896159544793769747
    68 0.04714246754715004095
    69 0.04748186745968334399
    70 0.04716217537732780851
    71 0.04731019128811270180
    72 0.04710983651583068588
    73 0.04720179874706613432
    74 0.04710905252843531482
    75 0.04725584450016402649
    76 0.04710054398375834728
    77 0.04713081442599647425
    78 0.04709971765142819539
    79 0.04710150437140617208
    80 0.04709674759433832292
    81 0.04710350840763765506
    82 0.04709664867631192797
    83 0.04710950810155347529
    84 0.04709608079767175354
    85 0.04709801925481862245
    86 0.04709599941537058465
    87 0.04709601349167920337
    88 0.04709583875853921853
    89 0.04709678652141180422
    90 0.04709845850551681867
    91 0.04709559177250671747
    92 0.04709584270221375824
    93 0.04709566637219342322
    94 0.04709586413600988508
    95 0.04709566278019684804
    96 0.04709562308389786400
    97 0.04709569689993843566
    98 0.04709560806155276003
    99 0.04709562292724514543
   100 0.04709559293574146904
   101 0.04709563551947956728
   102 0.04709559110540208204
   103 0.04709559020649392580
   104 0.04709560391241721100
   105 0.04709559891591356268
   106 0.04709558616608583437
   107 0.04709560158462459956
   108 0.04709558617451307244
   109 0.04709559005036256102
   110 0.04709558816833793460
   111 0.04709558640670206964
   112 0.04709558501461996727
   113 0.04709558840931217516
   114 0.04709558500757500543
   115 0.04709558558020500441
   116 0.04709558694986908101
   117 0.04709558789111710497
   118 0.04709558469910227890
   119 0.04709558575969167299
   120 0.04709558499242619267
   121 0.04709558877149695733
   122 0.04709558634913519476
   123 0.04709558621061061406
   124 0.04709558663620366098
   125 0.04709558776647679301
   126 0.04709558656035768565
   127 0.04709558609894890641
   128 0.04709558820808125434
   129 0.04709558664629531072
   130 0.04709558669358698130
   131 0.04709558485272324208
   132 0.04709558649360402749
   133 0.04709558354423117044
   134 0.04709558822100415321
   135 0.04709558477501539497
   136 0.04709558612661165350
   137 0.04709558485174916709
   138 0.04709558634088670259
   139 0.04709558496121479115
   140 0.04709558553041593570
   141 0.04709558359298605251
   142 0.04709558553041593570
   143 0.04709558496121479115
   144 0.04709558359298605251
   145 0.04709558496121479115
   146 0.04709558359298605251
   147 0.04709558359298605251
   148 0.04709558359298605251
   149 0.04709558496121479115
   150 0.04709558359298605251
   151 0.04709558359298605251
   152 0.04709558359298605251
   153 0.04709558494071783286
   154 0.04709558354423117044
   155 0.04709558354423117044
   156 0.04709558354423117044
   157 0.04709558354423117044
   158 0.04709558354423117044
   159 0.04709558494071783286
   160 0.04709558354423117044
   161 0.04709558354423117044
   162 0.04709558354423117044
   163 0.04709558494071783286
   164 0.04709558354423117044
   165 0.04709558354423117044
   166 0.04709558354423117044
   167 0.04709558494071783286
   168 0.04709558354423117044
   169 0.04709558354423117044
   170 0.04709558354423117044
   171 0.04709558494071783286
   172 0.04709558354423117044
   173 0.04709558354423117044
   174 0.04709558354423117044
   175 0.04709558494071783286
   176 0.04709558354423117044
   177 0.04709558354423117044
   178 0.04709558354423117044
   179 0.04709558494071783286
   180 0.04709558354423117044
   181 0.04709558354423117044
   182 0.04709558354423117044
   183 0.04709558494071783286
   184 0.04709558354423117044
   185 0.04709558354423117044
   186 0.04709558354423117044
   187 0.04709558494071783286
   188 0.04709558354423117044
   189 0.04709558354423117044
   190 0.04709558354423117044
   191 0.04709558354423117044
   192 0.04709558354423117044
   193 0.04709558354423117044
   194 0.04709558354423117044
   195 0.04709558354423117044
   196 0.04709558354423117044
   197 0.04709558354423117044
   198 0.04709558354423117044
   199 0.04709558354423117044
   200 0.04709558354423117044
   201 0.04709558354423117044
   202 0.04709558354423117044
   203 0.04709558354423117044
   204 0.04709558354423117044
   205 0.04709558354423117044
   206 0.04709558354423117044
   207 0.04709558354423117044
   208 0.04709558354423117044
   209 0.04709558354423117044
   210 0.04709558354423117044
   211 0.04709558354423117044
   212 0.04709558354423117044
   213 0.04709558354423117044
   214 0.04709558354423117044
   215 0.04709558354423117044
   216 0.04709558354423117044
   217 0.04709558354423117044
   218 0.04709558354423117044
   219 0.04709558354423117044
   220 0.04709558354423117044
   221 0.04709558354423117044
   222 0.04709558354423117044
   223 0.04709558354423117044
   224 0.04709558354423117044
   225 0.04709558354423117044
   226 0.04709558354423117044
   227 0.04709558354423117044
   228 0.04709558354423117044
   229 0.04709558354423117044
   230 0.04709558354423117044
   231 0.04709558354423117044
   232 0.04709558354423117044
   233 0.04709558354423117044
   234 0.04709558354423117044
   235 0.04709558354423117044
   236 0.04709558354423117044
   237 0.04709558354423117044
   238 0.04709558354423117044
   239 0.04709558354423117044
   240 0.04709558354423117044
   241 0.04709558354423117044
   242 0.04709558354423117044
   243 0.04709558354423117044
   244 0.04709558354423117044
   245 0.06326294400036575061
   246 0.05358706505340675441
   247 0.06343465198541090033
   248 0.05350117216847020962
   249 0.04740123656619026071
   250 0.04112668924189344377
   251 0.03768488648639530675
   252 0.04679208028489131865
   253 0.04300351391191168521
   254 0.03128091330044308060
   255 0.02524001354707236175
   256 0.03122963178393194095
   257 0.01959870003142502246
   258 0.01741462879861478685
   259 0.01136093748001474821
   260 0.01244226214153798353
   261 0.01806762572379823004
   262 0.01300166254785732438
   263 0.01067475328655956464
   264 0.01744078182693629964
   265 0.02034227295794797941
   266 0.01017053845140011500
   267 0.01102649122995498845
   268 0.01006547635762386830
   269 0.01179264461174758805
   270 0.00991161000596996883
   271 0.01172686036739128621
   272 0.00979997979172328448
   273 0.00988917153701167513
   274 0.01017860343500347035
   275 0.00978844171731151763
   276 0.00992615767626942730
   277 0.00979309433914321917
   278 0.00993282259770593597
   279 0.00976888822275792656
   280 0.00979257209622054134
   281 0.00977503074937514753
   282 0.00978559474029592861
   283 0.00977144757282415698
   284 0.00979732917408732314
   285 0.00976799658426059057
   286 0.02616620207646795648
   287 0.01002280189083121047
   288 0.01314686405836592610
   289 0.03336692930003101049
   290 0.01104197250337961636
   291 0.01841132304195970334
   292 0.00931677743707656075
   293 0.00346617451103204549
   294 0.00318678991706082115
   295 0.02209385126351389936
   296 0.00568747475623738747
   297 0.00685257186454445427
   298 0.01368560149546074571
   299 0.00561746325705343632
   300 0.00816604755331888123
   301 0.00500360042296123242
   302 0.00578347695467882044
   303 0.00438888557688717120
   304 0.00311838425808225878
   305 0.00286261699907979384
   306 0.00663256042803294591
   307 0.00399713373045464115
   308 0.00361980054191963054
   309 0.00333604577791073685
   310 0.00314245846652490887
   311 0.00492715158920535318
   312 0.00292162076369671285
   313 0.00314052117261179754
   314 0.00542293209002548283
   315 0.01124711712475324685
   316 0.00300380842965217469
   317 0.00399424046040836467
   318 0.00300380842965217469
   319 0.01206934402518987370
   320 0.00203987467820188322
   321 0.00987763046359108055
   322 0.00363251368521409594
   323 0.00472833778602168783
   324 0.00220819521506291847
   325 0.00287071006852467146
   326 0.00203973472557313724
   327 0.00261680959604999050
   328 0.00184820069099077776
   329 0.00339134434920818854
   330 0.00177783872966364364
   331 0.00184512391514917275
   332 0.00211824480455637121
   333 0.00176573403497110341
   334 0.00188431913586105892
   335 0.00177739528605504508
   336 0.00349149149160207133
   337 0.00608690813643939128
   338 0.00187274617793561243
   339 0.00317045709851916050
   340 0.00163027070753426671
   341 0.00187274617793561243
   342 0.00165075867486508656
   343 0.00147067100111454964
   344 0.00141710243096462678
   345 0.00233052881399143860
   346 0.00137124941166439848
   347 0.00157230933279113388
   348 0.00137355904464168390
   349 0.00144157034612834656
   350 0.00136325961121208867
   351 0.00141176615683078410
   352 0.00135212502863036308
   353 0.00144258855537481067
   354 0.00135051088970504474
   355 0.00135817558569512010
   356 0.00135050892078895338
   357 0.00136458358285571481
   358 0.00134885266564397179
   359 0.00168774792531413355
   360 0.00122866056194093857
   361 0.00136735544344379492
   362 0.00126511375639713004
   363 0.00117085498536211355
   364 0.00116634559563234016
   365 0.00108643178100619863
   366 0.00106688035682118857
   367 0.00121442357080829718
   368 0.00111620168219796179
   369 0.00112635420603564426
   370 0.00108184661269568306
   371 0.00113655198595355987
   372 0.00107857803419752129
   373 0.00107378643691135342
   374 0.00109139657143508904
   375 0.00106809458432546140
   376 0.00107346968112662262
   377 0.00106721573476337996
   378 0.00107885564389169136
   379 0.00106547840837839828
   380 0.00106624716793196693
   381 0.00106708612437370173
   382 0.00106560506134758095
   383 0.00106668605350217064
   384 0.00106538869303554129
   385 0.00139537364067474404
   386 0.00281587235149550769
   387 0.00145099485118378507
   388 0.00095344269196568287
