     1 0.18257436713596339461
     2 0.22819213679658181815
     3 0.37889918681022699554
     4 0.56113745085289634673
     5 0.58466383286160028554
     6 0.18257436713596339461
     7 0.25675277151915149032
     8 0.21392467749023727497
     9 0.21451607037247852339
    10 0.19261101404004304927
    11 0.17708885124744788708
    12 0.18919155788944430618
    13 0.23894453034822638049
    14 0.19677507048923897903
    15 0.20334492391516822973
    16 0.18773611442653687087
    17 0.10025551161459714256
    18 0.07348136259619642008
    19 0.06242764245945421619
    20 0.06180637433154483051
    21 0.07520796535257699700
    22 0.06151113857027462606
    23 0.05887756451818580705
    24 0.05798679165016555614
    25 0.06257759944453364365
    26 0.05608695044480533493
    27 0.06197377603039528476
    28 0.05873319782560237901
    29 0.07024945743510060958
    30 0.05639810141246022479
    31 0.07997865244120194728
    32 0.05850333216548618542
    33 0.05105969740189036932
    34 0.05619767492107588525
    35 0.05964536593447923585
    36 0.04988874243114377327
    37 0.06463715677633972978
    38 0.05735202392486964118
    39 0.06362112478648908331
    40 0.05476397127694739020
    41 0.05905982315346181011
    42 0.04794592563183794343
    43 0.05257858115618983114
    44 0.05383182466638390673
    45 0.05878051325550997380
    46 0.05296100004435423669
    47 0.04953326618660253144
    48 0.05608823295488123140
    49 0.05361357844020658847
    50 0.06032156907041172356
    51 0.05283254350051390380
    52 0.05614369646403074426
    53 0.05635734363001286551
    54 0.04928159926649493261
    55 0.05045144901798440107
    56 0.05065766747878044929
    57 0.04738255798514189043
    58 0.04886371740119167806
    59 0.04801723356690092148
    60 0.04587891057216163249
    61 0.04593551183064166488
    62 0.04549424883241258433
    63 0.04393620731927170425
    64 0.04357424824739933311
    65 0.04369584593432144365
    66 0.04349682473628760371
    67 0.04362756000164642184
    68 0.05061258924664154002
    69 0.04325705385982250850
    70 0.04207316574895643424
    71 0.04265512230173022779
    72 0.04210021240644307855
    73 0.04113635779481875088
    74 0.04231725714484595863
    75 0.04109920679647784125
    76 0.04094199891847251360
    77 0.04127318312049611804
    78 0.04081491761936215795
    79 0.03913186071644953606
    80 0.03944868271067532989
    81 0.04059168738190933878
    82 0.03943730512634472524
    83 0.03926732107755576129
    84 0.03881125603385022355
    85 0.04055734009154553232
    86 0.03858710494736787566
    87 0.03898251023930955628
    88 0.03835770755472424354
    89 0.03963590530716611104
    90 0.03830180511682610561
    91 0.03727847979529709532
    92 0.03650818634285599856
    93 0.03784912363958130299
    94 0.03664232390296123798
    95 0.03885462876309848934
    96 0.03749803611549963611
    97 0.03730812505924130384
    98 0.03818476127589452707
    99 0.03519488568218949454
   100 0.03561032204719256911
   101 0.03513753956916770838
   102 0.03398071423016115616
   103 0.03451492483378219150
   104 0.03406337250988596826
   105 0.03366514996546580984
   106 0.03396898677063073246
   107 0.03416553701013923250
   108 0.03374026014925970984
   109 0.03322100092704710628
   110 0.03258232952064517296
   111 0.03214407672746057154
   112 0.03226872455289814257
   113 0.03313930153135719037
   114 0.03295145873460943176
   115 0.03140590862798053884
   116 0.03097760896132241426
   117 0.03105956153100956907
   118 0.03133311772276403673
   119 0.03146174502896887520
   120 0.02967745369438335931
   121 0.02915436136296116476
   122 0.02809150374082209842
   123 0.02774872591222377755
   124 0.02899220791542201150
   125 0.03225894030348305797
   126 0.02791437339353921784
   127 0.02811037267878050208
   128 0.02810954557333401188
   129 0.02718765959685267089
   130 0.02656016862248203672
   131 0.02611224986255436184
   132 0.02766720860428332693
   133 0.02642680151799442143
   134 0.02585361264832754594
   135 0.02596038779315295447
   136 0.02627206990861495964
   137 0.02488022141696317330
   138 0.02478579196002617113
   139 0.02497353880035761350
   140 0.02458108095414490712
   141 0.02512515970298581994
   142 0.02516969212703869599
   143 0.02506337942335836941
   144 0.02557433191643690082
   145 0.02576408763034114535
   146 0.02372622683445454322
   147 0.02510848694424408153
   148 0.02602752912905183930
   149 0.02287447929771228849
   150 0.02337155697532188395
   151 0.02290697975141522610
   152 0.02265590146117717543
   153 0.02281767864712444527
   154 0.02348413386911439929
   155 0.02262851599035430733
   156 0.02284146782797515443
   157 0.02257288087088585304
   158 0.02220532123723106474
   159 0.02144424738305844569
   160 0.02243847985357120753
   161 0.02170001950344049163
   162 0.02673179689034034523
   163 0.02227601303468801017
   164 0.02122374739678281955
   165 0.02048498784473390746
   166 0.02043354432699914791
   167 0.02080921184119189846
   168 0.02055611480320767431
   169 0.02074372511041591011
   170 0.02063062364803422075
   171 0.02142149685496421221
   172 0.02062485890068231284
   173 0.02113943213557446452
   174 0.02040234334966933502
   175 0.02197345087739947453
   176 0.02038925456868760991
   177 0.02077006819247734573
   178 0.02033683917396808538
   179 0.02037743837927959503
   180 0.01962257808774858087
   181 0.01867293270667525970
   182 0.01802567404115632682
   183 0.01765389832225956399
   184 0.01783249906354745021
   185 0.01814016029143181510
   186 0.01816000933374576493
   187 0.01798235115535070164
   188 0.01779652055451687656
   189 0.01905316667112862822
   190 0.01672414259244483364
   191 0.01688443668024261837
   192 0.01692527184425269421
   193 0.01693800015128722747
   194 0.01647203330888246178
   195 0.01669549767679090121
   196 0.01671861399335695941
   197 0.01653861805075567543
   198 0.01661061153683666275
   199 0.01686083074753585639
   200 0.01659704041186263815
   201 0.01593063931030053518
   202 0.01649368843707969823
   203 0.01629467598586604310
   204 0.01772673082411808931
   205 0.01578600401803767483
   206 0.01678429753148269823
   207 0.01686687333839491376
   208 0.01665798374685967254
   209 0.01580752619932138808
   210 0.01548287471430127675
   211 0.01533668692757710235
   212 0.01539620766897716563
   213 0.01793271108461304622
   214 0.01549396357429713884
   215 0.01491850952069088444
   216 0.01554026043313683908
   217 0.01432714676825060617
   218 0.01454117043015310667
   219 0.01502760253113884052
   220 0.01431517519496886860
   221 0.01456197351805216082
   222 0.01436067630402452708
   223 0.01501342392415583489
   224 0.01457849463629448325
   225 0.01456811128846360881
   226 0.01469572227313333326
   227 0.01425579977305110706
   228 0.01594700952268277017
   229 0.01472820063337750354
   230 0.01376707007573398783
   231 0.01568509603372549716
   232 0.01472371228931034295
   233 0.01470585668870572765
   234 0.01400935514207398563
   235 0.01352172267948017689
   236 0.01369170027905901310
   237 0.01436029357942021981
   238 0.01458251865618365867
   239 0.01321778720892597368
   240 0.01307521969230271419
   241 0.01356254985963032365
   242 0.01300950578096487717
   243 0.01391139947194402517
   244 0.01323446388794214182
   245 0.01391383054456327151
   246 0.01399600035890178305
   247 0.01310378325211047391
   248 0.01418670854019696108
   249 0.01331384224870998251
   250 0.01397688573170632886
   251 0.01371625377402144533
   252 0.01331084537903568302
   253 0.01341756180797092253
   254 0.01316396081140047518
   255 0.01297678386525850242
   256 0.01294604701023734268
   257 0.01297857538646900698
   258 0.01260380369396512691
   259 0.01230898568873539829
   260 0.01210865528830666095
   261 0.01188324984049136078
   262 0.01181453691838686704
   263 0.01184770408501239353
   264 0.01193948322063290331
   265 0.01175945821690347996
   266 0.01195724707610116427
   267 0.01241287667592904341
   268 0.01236215905513276918
   269 0.01150504288709923613
   270 0.01139913495365583139
   271 0.01148033275215006380
   272 0.01138321291412845021
   273 0.01146936899889046228
   274 0.01108890537083597611
   275 0.01085805132085897358
   276 0.01133544008196102695
   277 0.01077234180278976473
   278 0.01058692439798796306
   279 0.01048368363051508344
   280 0.01038714931981395660
   281 0.01065932445356965012
   282 0.01089722719482784895
   283 0.01066155850937145107
   284 0.01024865926648918339
   285 0.00995889402436704770
   286 0.01006207992895070437
   287 0.00990673030512234654
   288 0.00978023280403637549
   289 0.00977433538133103651
   290 0.01025070378641991520
   291 0.00979998251180370754
   292 0.00954660916020340714
   293 0.00953507890082483725
   294 0.01019124903596001046
   295 0.01001272691911463814
   296 0.00962825373188352582
   297 0.00917741386431922615
   298 0.00895180744749380676
   299 0.00885462805747996330
   300 0.00862404118543546976
   301 0.00885816799438296498
   302 0.00857372823487196657
   303 0.00846224582813008205
   304 0.00849389360205609657
   305 0.00822070197576308878
   306 0.00841208807942094364
   307 0.00840054997983989346
   308 0.00806827273425889807
   309 0.00788404318403254992
   310 0.00787829409855378936
   311 0.00787263697139591045
   312 0.00819775691409219479
   313 0.00787608224127675678
   314 0.00816158543124085971
   315 0.00790381080033242950
   316 0.00789624316584961600
   317 0.00842937000783363331
   318 0.00760648946716512703
   319 0.00767240650411331500
   320 0.00769047899247603684
   321 0.00783751570519284485
   322 0.00765844302837820519
   323 0.00781667699150922698
   324 0.00768541933570462965
   325 0.00747021340869584785
   326 0.00731665141622461074
   327 0.00744827431392164081
   328 0.00730604211018565704
   329 0.00780850368390723255
   330 0.00746798552523976217
   331 0.00717292986083344075
   332 0.00746701650525559337
   333 0.00753610004968043642
   334 0.00716687096361577625
   335 0.00703001385907185781
   336 0.00740240618164810828
   337 0.00704364001713528830
   338 0.00702443091501225251
   339 0.00721888068447034629
   340 0.00700338268262472481
   341 0.00705715305563222976
   342 0.00712000442615994857
   343 0.00704407740999961340
   344 0.00722776252684417288
   345 0.00723359465542064341
   346 0.00718760847522652117
   347 0.00707255531315809007
   348 0.00675735293776946484
   349 0.00675364737605869611
   350 0.00678878229669932758
   351 0.00655816885384011110
   352 0.00646416081615440105
   353 0.00649123489739622181
   354 0.00656363017195678213
   355 0.00647257532148574812
   356 0.00690099040588741143
   357 0.00644262103585014831
   358 0.00646645752972643383
   359 0.00666862542499845751
   360 0.00645371548698175489
   361 0.00651517781547493024
   362 0.00647248167547638444
   363 0.00652069734445893424
   364 0.00652828359444571418
   365 0.00639061807609992306
   366 0.00660872183877455038
   367 0.00650146626236288664
   368 0.00665334973573078296
   369 0.00683644394580907970
   370 0.00637645495544882784
   371 0.00627937253316354291
   372 0.00621378166272151290
   373 0.00657514322326809876
   374 0.00646396732482420328
   375 0.00651413306316820078
   376 0.00641045043684884165
   377 0.00615086266164972893
   378 0.00624020206556800960
   379 0.00635194831569477897
   380 0.00610062580742335922
   381 0.00619174567595215646
   382 0.00605363557203856401
   383 0.00611778303252727852
   384 0.00578916736791813737
   385 0.00572159515534842976
   386 0.00571898606414233436
   387 0.00557501417607001674
   388 0.00538675629720883255
   389 0.00537295518185479121
   390 0.00551063937620024230
   391 0.00539720683115976936
   392 0.00548700407679639929
   393 0.00547849688059434594
   394 0.00542554440732783728
   395 0.00628331199515433803
   396 0.00550376631358964318
   397 0.00517291164843915706
   398 0.00521383578346444089
   399 0.00552223602233720048
   400 0.00511185183720588594
   401 0.00509180156770228012
   402 0.00492757938450441319
   403 0.00522073347660025142
   404 0.00485761052579110428
   405 0.00472653440533229996
   406 0.00479952948508980889
   407 0.00478284706435791029
   408 0.00482900760749980975
   409 0.00482106900688088636
   410 0.00471103524585231737
   411 0.00477350011883476665
   412 0.00529647813585256474
   413 0.00512599993297136510
   414 0.00449960082740277593
   415 0.00454083383009482901
   416 0.00472424878775165851
   417 0.00460628014012878350
   418 0.00469583905543784208
   419 0.00472848749296948118
   420 0.00451091663405446194
   421 0.00437403446149580398
   422 0.00431075431078619363
   423 0.00435796362505426384
   424 0.00457781528422958762
   425 0.00481352141505136163
   426 0.00421641226153032875
   427 0.00466989937086990849
   428 0.00425796353130981648
   429 0.00414956672130307059
   430 0.00417569755196576381
   431 0.00411995350044259100
   432 0.00416091154712496837
   433 0.00454547587046508043
   434 0.00425350980721860179
   435 0.00397110267275389145
   436 0.00379972251942006008
   437 0.00381580662553080222
   438 0.00423363164111102610
   439 0.00378009087982745118
   440 0.00379113287278155017
   441 0.00394563411968712474
   442 0.00405429080370837535
   443 0.00372597578390270086
   444 0.00373150229501882386
   445 0.00385561701208682588
   446 0.00361232796319823409
   447 0.00404665059887378709
   448 0.00366074726435374094
   449 0.00355273665636610895
   450 0.00357335170089422612
   451 0.00336884630982854129
   452 0.00367235478039417904
   453 0.00341856504402252102
   454 0.00327928426756494713
   455 0.00338801972904711948
   456 0.00332791323167947860
   457 0.00342680731673068381
   458 0.00367554163440906526
   459 0.00320923527739078781
   460 0.00318103817017144699
   461 0.00317402684679982811
   462 0.00355319190525701847
   463 0.00319642746677532494
   464 0.00317384365593322785
   465 0.00318628327373474997
   466 0.00357207654994178177
   467 0.00312041425417818822
   468 0.00296684380943884867
   469 0.00299383979094676195
   470 0.00316973953230096674
   471 0.00294381087060757371
   472 0.00295660027851395082
   473 0.00285730668805604920
   474 0.00292942186230687063
   475 0.00279634034331380493
   476 0.00274505370663833976
   477 0.00277379914699040723
   478 0.00273564063185447858
   479 0.00272726679903237228
   480 0.00267423723943849539
   481 0.00275120086160778737
   482 0.00308245346641221329
   483 0.00240328285164260590
   484 0.00233598151383051546
   485 0.00257896793852766069
   486 0.00239090568346154997
   487 0.00224906126772391694
   488 0.00225870078452728579
   489 0.00218571274136171619
   490 0.00236271471752222927
   491 0.00218957166044700825
   492 0.00247561716622793967
   493 0.00250118620130086126
   494 0.00238584591133849788
   495 0.00220693224773750064
   496 0.00213785369563719921
   497 0.00246598334796364373
   498 0.00214066779809732235
   499 0.00225770354951259234
   500 0.00215231281384260439
   501 0.00229932540939961280
   502 0.00213735602528944933
   503 0.00210543401363674949
   504 0.00204436740359293517
   505 0.00192059484121104209
   506 0.00183350600061624137
   507 0.00186975195327220185
   508 0.00193250869030723118
   509 0.00203864098885438204
   510 0.00184316888999520910
   511 0.00188822106454731437
   512 0.00182839840771327391
   513 0.00188998565719054466
   514 0.00199088538289491062
   515 0.00240712302796858464
   516 0.00186235909256300875
   517 0.00191329675173906497
   518 0.00188962974714760625
   519 0.00204502240380340528
   520 0.00190910494504704822
   521 0.00194763135265382716
   522 0.00187706723377078339
   523 0.00179657077762690703
   524 0.00183805967861726065
   525 0.00188992428114806129
   526 0.00178662515010826893
   527 0.00180368672077548886
   528 0.00183996207467580991
   529 0.00182825514386393789
   530 0.00181902740006910997
   531 0.00202434712386981297
   532 0.00178918810614073025
   533 0.00187381086083863828
   534 0.00179963249323002519
   535 0.00208082842371173048
   536 0.00181031446545524633
   537 0.00173603967323911245
   538 0.00176561874451606777
   539 0.00196212030363498470
   540 0.00190360981992122457
   541 0.00191156500613801636
   542 0.00193930986570631974
   543 0.00179905024468374826
   544 0.00175140655461822488
   545 0.00174406635930999176
   546 0.00175661295012185625
   547 0.00174413091872839391
   548 0.00175737089346706646
   549 0.00174533971456592753
   550 0.00170280066997970905
   551 0.00169015439407687565
   552 0.00163808023239821968
   553 0.00164455276501338041
   554 0.00163739634717516248
   555 0.00158882078196863580
   556 0.00161633211172768922
   557 0.00168210416811624469
   558 0.00158724430289006006
   559 0.00159111474825657955
   560 0.00156425791553182992
   561 0.00160723493885851082
   562 0.00157379012914910725
   563 0.00155289057820761928
   564 0.00154136336159031630
   565 0.00151086965660753806
   566 0.00157214141291091227
   567 0.00151663896002006914
   568 0.00150476187260083563
   569 0.00152765982251606611
   570 0.00145903461129843971
   571 0.00147161981667823455
   572 0.00147489135501154695
   573 0.00142927875779734633
   574 0.00143640574447694361
   575 0.00142836787861441088
   576 0.00140685551841944825
   577 0.00153278831418135323
   578 0.00142516553394810919
   579 0.00140896205969610129
   580 0.00152939620800239279
   581 0.00139685917290152933
   582 0.00139335502125398597
   583 0.00143766609782401038
   584 0.00140002809515556636
   585 0.00145834678917034530
   586 0.00140184937424872548
   587 0.00138808111132543801
   588 0.00139437962308362274
   589 0.00135397101880739188
   590 0.00138522740647332890
   591 0.00134869532422651176
   592 0.00132073498905303593
   593 0.00128200969943918666
   594 0.00133304010113938351
   595 0.00132974379261221022
   596 0.00137919488583800021
   597 0.00128085079980306518
   598 0.00127638767486048447
   599 0.00127763740224477815
   600 0.00126960133044811546
   601 0.00129175640017476986
   602 0.00120898517323832114
   603 0.00123946165509599749
   604 0.00121454289985456856
   605 0.00117011810215369538
   606 0.00117445557458182616
   607 0.00118033172378287365
   608 0.00134184751038356502
   609 0.00117366195522349633
   610 0.00114609150834682916
   611 0.00111752256709858025
   612 0.00121355512075950922
   613 0.00115628353361648035
   614 0.00108298736447186511
   615 0.00106124699155484828
   616 0.00106873042482071500
   617 0.00107344950272667884
   618 0.00109776367374086353
   619 0.00108664364401748451
   620 0.00106931869980661466
   621 0.00116149318946458680
   622 0.00102953526035931965
   623 0.00106424739516665888
   624 0.00106413217211334806
   625 0.00103699956569983879
   626 0.00103156445238938117
   627 0.00105945979477214502
   628 0.00104818984751064211
   629 0.00105886935955521485
   630 0.00107013401448094957
   631 0.00103151620494039181
   632 0.00104263307459666202
   633 0.00107798455859783827
   634 0.00104203352033609294
   635 0.00106470017750588480
   636 0.00109750866371817251
   637 0.00102454103361253779
   638 0.00106883594877449687
   639 0.00104008528736947528
   640 0.00105259924213893085
   641 0.00101573584250449697
   642 0.00101600294675320709
   643 0.00102565618898612407
   644 0.00110069779695533168
   645 0.00111813926522261382
   646 0.00102539392379069312
   647 0.00100964427846368557
   648 0.00101672651395771441
   649 0.00100346218357723967
   650 0.00101569931825927062
   651 0.00099269517520399414
