     1 0.18257436713596339461
     2 0.18264459292598037021
     3 0.18250418341772436936
     4 0.17025308705464040071
     5 0.17027987628095528350
     6 0.17022629070428349496
     7 0.16555652679337970468
     8 0.16557308967094266916
     9 0.16553996860850364592
    10 0.16267736017686176830
    11 0.16268187162768171783
    12 0.16267285079705354200
    13 0.16194216392673765892
    14 0.16193463970850136002
    15 0.16192716271387563864
    16 0.16079485203438131924
    17 0.16085801023126244935
    18 0.16073171251594159381
    19 0.14983203571211856087
    20 0.14985292072150080411
    21 0.14981115621616875044
    22 0.14612685459763141704
    23 0.14614103955673568569
    24 0.14611268300430119149
    25 0.14363778060217208266
    26 0.14363980643476448318
    27 0.14363575979197815147
    28 0.14335267341186655465
    29 0.14334149552351649337
    30 0.14333032972576814634
    31 0.14143353788058365961
    32 0.14140245632299575096
    33 0.13049230248526105802
    34 0.09680993503413341805
    35 0.15690019134251287358
    36 0.09682449440439711008
    37 0.09356277582433827900
    38 0.09357199936044745259
    39 0.09172375496721893451
    40 0.09172485759037479758
    41 0.09156910160294164103
    42 0.09156408772610194480
    43 0.09061252214826823193
    44 0.09062579775750317923
    45 0.08808431636824065603
    46 0.08809087403213061718
    47 0.08668745659139762139
    48 0.08668637245249483092
    49 0.08652550717882330489
    50 0.08652068167044217606
    51 0.08533989263756021348
    52 0.08531475279118454214
    53 0.07665430322831522092
    54 0.07663107807706630303
    55 0.06852583695196164115
    56 0.04714156803362880288
    57 0.08868847010484870452
    58 0.04714518271667941796
    59 0.04632369000173409967
    60 0.04632386781765654438
    61 0.04631611538824223495
    62 0.04631510856001289089
    63 0.04612669600435985451
    64 0.04613182081010282209
    65 0.04490775477973625585
    66 0.04490948187914949041
    67 0.04452138357101984023
    68 0.04452043741277717653
    69 0.04434410357113958284
    70 0.04434358676446997771
    71 0.04429470845013263464
    72 0.04427694163145947520
    73 0.03809515251949407294
    74 0.03808135283858722631
    75 0.03356635301013685679
    76 0.03355791585117232773
    77 0.04243974956952684119
    78 0.03355930357300764000
    79 0.03317313426595080300
    80 0.03317319122959729027
    81 0.03317189617843877003
    82 0.03317217090012748032
    83 0.03314261059259095837
    84 0.03314284134309743862
    85 0.03312201502831989275
    86 0.03312116249129988532
    87 0.03290091233812970917
    88 0.03290099075704465414
    89 0.03289905124361517524
    90 0.03864544424628216929
    91 0.03569626050249850163
    92 0.03427856857464305768
    93 0.03289071674350782515
    94 0.03290758839309629313
    95 0.03290758839309629313
    96 0.03290758839309629313
    97 0.03289558246023143590
    98 0.03289558246023143590
    99 0.03312608582561007292
   100 0.03289089240259679414
   101 0.03287723873918428630
   102 0.03287729922379019343
   103 0.03287563272484773924
   104 0.03287577232940848415
   105 0.03286715237030317371
   106 0.03286650843712209114
   107 0.03270697473579020631
   108 0.03270704032850751258
   109 0.03270533108979172682
   110 0.03273541014828746515
   111 0.03273541014828746515
   112 0.03273541014828746515
   113 0.03272812924641581300
   114 0.03272812924641581300
   115 0.03272812924641581300
   116 0.03272237722298317747
   117 0.03272237722298317747
   118 0.03272237722298317747
   119 0.03272349100154597207
   120 0.03272349100154597207
   121 0.03272349100154597207
   122 0.03270502170098323752
   123 0.03263518449860203230
   124 0.03269481346731077653
   125 0.03263547120144821845
   126 0.03259757721976705436
   127 0.03259757121070007424
   128 0.03259755858237642356
   129 0.03259758766731650492
   130 0.03259720073607107887
   131 0.03259706712435916920
   132 0.03258974938769544638
   133 0.03261999137799984072
   134 0.03261999137799984072
   135 0.03261999137799984072
   136 0.03261186642233993016
   137 0.03261186642233993016
   138 0.03261186642233993016
   139 0.03260632421503480843
   140 0.03260632421503480843
   141 0.03260632421503480843
   142 0.03260752229633766264
   143 0.03260752229633766264
   144 0.03260752229633766264
   145 0.03258888421034842470
   146 0.03258870914032972743
   147 0.03261253656508990295
   148 0.03258758358434273722
   149 0.03258770107865441995
   150 0.03258083093016519993
   151 0.03258080536540583494
   152 0.03258050298759845864
   153 0.03258039147848756228
   154 0.03257495187278675042
   155 0.03260537313280741090
   156 0.03260537313280741090
   157 0.03260537313280741090
   158 0.03259726152751440953
   159 0.03259726152751440953
   160 0.03259726152751440953
   161 0.03259175241749844021
   162 0.03259175241749844021
   163 0.03259175241749844021
   164 0.03259296325771737779
   165 0.03259296325771737779
   166 0.03259296325771737779
   167 0.03257347690315316735
   168 0.03257200200735712453
   169 0.03257093584237689271
   170 0.03256986493570628027
   171 0.03256986522609715828
   172 0.03256986410503545648
   173 0.03255303921835507597
   174 0.03254238775595728883
   175 0.03254242599830417526
   176 0.03254174414961676087
   177 0.03254173641390034621
   178 0.03254171423939945795
   179 0.03257213430268257603
   180 0.03257213430268257603
   181 0.03257213430268257603
   182 0.03256400485705798764
   183 0.03256400485705798764
   184 0.03256400485705798764
   185 0.03255832085125256320
   186 0.03255832085125256320
   187 0.03255832085125256320
   188 0.03255971794325060453
   189 0.03255971794325060453
   190 0.03255971794325060453
   191 0.03285418388906748838
   192 0.03268679236609852573
   193 0.03261146450629210519
   194 0.03254064912533389392
   195 0.03253957106669315424
   196 0.03253957704294353770
   197 0.03253957122393551227
   198 0.03253957167904582282
   199 0.03253956755097738712
   200 0.03253913316297477043
   201 0.03253723693994903243
   202 0.03253811720849536515
   203 0.03253724340832876705
   204 0.03253722059871377859
   205 0.03256763706865943575
   206 0.03256763706865943575
   207 0.03256763706865943575
   208 0.03255941445392529499
   209 0.03255941445392529499
   210 0.03255941445392529499
   211 0.03255374009576971622
   212 0.03255374009576971622
   213 0.03255374009576971622
   214 0.03255514803396235279
   215 0.03255514803396235279
   216 0.03255514803396235279
   217 0.03253864294154342612
   218 0.03253864294154342612
   219 0.03253864294154342612
   220 0.03253616203993320993
   221 0.03253617287382477852
   222 0.03253607457289790783
   223 0.03253633236485489050
   224 0.03253633236485489050
   225 0.03253633236485489050
   226 0.03253603668410891270
   227 0.03255368383604577420
   228 0.03251839705827886534
   229 0.02956020989077378855
   230 0.02955983044478622396
   231 0.02957505949109183810
   232 0.02954462455198482440
   233 0.02691257105697451857
   234 0.02691052622803529956
   235 0.02690847484947570672
   236 0.02689351365528209678
   237 0.02687859189229342693
   238 0.02434464798269201508
   239 0.02434960314377181481
   240 0.02433940360094810976
   241 0.02349290686438930409
   242 0.02349660069418423730
   243 0.02348938348916412844
   244 0.02341719548848303009
   245 0.02339798340069816976
   246 0.02337897877016991560
   247 0.02297647950530266533
   248 0.02298060222690784249
   249 0.02297250153730633418
   250 0.02294793778637103931
   251 0.02295552955954855215
   252 0.02295552955954855215
   253 0.02295552955954855215
   254 0.02296298410260820544
   255 0.02592644381424111591
   256 0.02592644381424111591
   257 0.02592644381424111591
   258 0.02294433733677385748
   259 0.02040692120420592795
   260 0.01335579890617243082
   261 0.02473792369135464214
   262 0.01583809617914829285
   263 0.01583332286414078707
   264 0.01583445703063128193
   265 0.01582719109890716805
   266 0.01582133332976389667
   267 0.01579937733863575125
   268 0.01581225569040219797
   269 0.01840885378697709393
   270 0.01840885378697709393
   271 0.01840885378697709393
   272 0.01579441642920378572
   273 0.01390179531675988372
   274 0.01389570638952742319
   275 0.01087557653442232722
   276 0.00906417339967469093
   277 0.01220303882031609916
   278 0.01109748233181580453
   279 0.01109748233181580453
   280 0.01109748233181580453
   281 0.01109748233181580453
   282 0.01109748233181580453
   283 0.01160469076037744587
   284 0.01160469076037744587
   285 0.01160469076037744587
   286 0.01225164640198282695
   287 0.01192179627438815295
   288 0.01176168558959142171
   289 0.01160469076037744587
   290 0.01055265977666050743
   291 0.01055265977666050743
   292 0.00796335976200290840
   293 0.00796335976200290840
   294 0.00787679109565756624
   295 0.00787594382637965551
   296 0.00787503722894489222
   297 0.00782445223176319107
   298 0.00830434042821498290
   299 0.00778667148057425335
   300 0.00778667148057425335
   301 0.00778667148057425335
   302 0.00724941759983052311
   303 0.00724941759983052311
   304 0.00817885181910175951
   305 0.00769085650501565368
   306 0.00746437089386152441
   307 0.00724941759983052311
   308 0.00782795681909853602
   309 0.00752991624439040570
   310 0.00738747491658563703
   311 0.00724027083206775154
   312 0.00723105368943431116
   313 0.00722613669841736406
   314 0.00722122667371054468
   315 0.00651244657308259079
   316 0.00650081396939121339
   317 0.00648920535479043017
   318 0.00465487865147718068
   319 0.00465371546501091443
   320 0.00465256165592801366
   321 0.00462098404038600950
   322 0.00462076835576164229
   323 0.00456513538025392959
   324 0.00456473022099688000
   325 0.00437400819365125256
   326 0.00611982854872361506
   327 0.00457120175585267949
   328 0.00457585237817927527
   329 0.00456655557689151278
   330 0.00380809524507387705
   331 0.00381150280403625818
   332 0.00380462829422330631
   333 0.00325269939308059971
   334 0.00325447802568773481
   335 0.00325088744675879494
   336 0.00294366006087202516
   337 0.00293920088228291805
   338 0.00293477031067620759
   339 0.00277829661715899099
   340 0.00277783846798013590
   341 0.00262476069831259901
   342 0.00262374636738897833
   343 0.00208333693441909058
   344 0.00208333794623773855
   345 0.00208332815798561739
   346 0.00208316086104614814
   347 0.00204463801552100775
   348 0.00204416683292298756
   349 0.00204372962409490183
   350 0.00203835208414976030
   351 0.00203794013639271637
   352 0.00185122854381170911
   353 0.00453276447001219485
   354 0.00313414497894217662
   355 0.00183786260258456797
   356 0.00183808002836753507
   357 0.00177979273140296606
   358 0.00177991388081462105
   359 0.00174639973664253130
   360 0.00174644903329177273
   361 0.00174526800432921441
   362 0.00174558348012294963
   363 0.00168828009139906595
   364 0.00168839106036493920
   365 0.00168385868059647056
   366 0.00168288514147462939
   367 0.00168190416859951295
   368 0.00155287873065165435
   369 0.00155303124138142837
   370 0.00153551462496646332
   371 0.00153552735660133946
   372 0.00153533846591013060
   373 0.00153532630690442770
   374 0.00153512674776906644
   375 0.00153524681177323488
   376 0.00152936425592333273
   377 0.00155824329376286967
   378 0.00583500189198194776
   379 0.00583500189198194776
   380 0.00583500189198194776
   381 0.00583500189198194776
   382 0.00583500189198194776
   383 0.00152939162563253510
   384 0.00152939162563253510
   385 0.00152939162563253510
   386 0.00152939162563253510
   387 0.00152939162563253510
   388 0.00152939162563253510
   389 0.00168554024668280669
   390 0.00158202115809653984
   391 0.00154934809070336136
   392 0.00152939162563253510
   393 0.00152939162563253510
   394 0.00152939162563253510
   395 0.00177872156942552478
   396 0.00160217629491929848
   397 0.00155281861639189420
   398 0.00152939162563253510
   399 0.00152933938284426714
   400 0.00152928785273810544
   401 0.00155255056834782343
   402 0.00153404386785650272
   403 0.00152999143100499111
   404 0.00152923374953796085
   405 0.00152922182269371230
   406 0.00152921795136160194
   407 0.00152922010808070365
   408 0.00152921798461940644
   409 0.00153015656603847040
   410 0.00152912175886527014
   411 0.00152811131968282683
   412 0.00149233372128013304
   413 0.00149227193291500142
   414 0.00149222502534952653
   415 0.00149214580648808059
   416 0.00149268455297034202
   417 0.00149160900321439476
   418 0.00143204520202721121
   419 0.00143070463222014959
   420 0.00142938187787664548
   421 0.00143024635500788966
   422 0.00142852183634329917
   423 0.00139776819098880590
   424 0.00139817775612769064
   425 0.00139735353961443175
   426 0.00139679045891836660
   427 0.00139608800902940025
   428 0.00139541387677304661
   429 0.00138863684597680375
   430 0.00138755823433324562
   431 0.00138647482768986603
   432 0.00138627198349618196
   433 0.00138609472350712404
   434 0.00138502351428648664
   435 0.00138498919571581757
   436 0.00137473574128393720
   437 0.00141124518663712545
   438 0.00140458332643137438
   439 0.00133461623797696458
   440 0.00133445225329534550
   441 0.00128796668595581448
   442 0.00128788435822135665
   443 0.00128112855587863964
   444 0.00128116920511899359
   445 0.00127379233120167084
   446 0.00127351604781102785
   447 0.00117396083260695749
   448 0.00117401583314996985
   449 0.00116975790604583840
   450 0.00116969215799749547
   451 0.00116293651978801671
   452 0.00116203763630884057
   453 0.00116113779108626661
   454 0.00113409235717549942
   455 0.00113383933122024284
   456 0.00102145991132632967
   457 0.00102158050096601044
   458 0.00098361846512327010
