     1 0.18257436713596339461
     2 0.25675277151915149032
     3 0.21392467749023727497
     4 0.21451607037247852339
     5 0.19261101404004304927
     6 0.17708885124744788708
     7 0.18919155788944430618
     8 0.23894453034822638049
     9 0.19677507048923897903
    10 0.20334492391516822973
    11 0.18773611442653687087
    12 0.15283486773149773663
    13 0.16167745471325689621
    14 0.14953486724190984125
    15 0.13187994883069309449
    16 0.14940392803734608984
    17 0.14790391829110510757
    18 0.13531627414512237273
    19 0.12604587690410168355
    20 0.10682903833652107606
    21 0.11944733604089702306
    22 0.10824106168942333739
    23 0.10443558082531545494
    24 0.10545791532847940963
    25 0.10946300877767171922
    26 0.09583094089385438274
    27 0.12375033937215454416
    28 0.11435048943869681459
    29 0.09013601783352528929
    30 0.09024334529941407945
    31 0.07609918335069637552
    32 0.06911355598145264845
    33 0.10917862315217684299
    34 0.08542309429124475550
    35 0.08632497010016201844
    36 0.09422757501274101055
    37 0.07256636000383033525
    38 0.09232333502942785541
    39 0.07191338451450349223
    40 0.07136478078114598389
    41 0.09786442861973251861
    42 0.07971317006003671157
    43 0.06883963979380508524
    44 0.07710432018057264414
    45 0.07154894147819985950
    46 0.08835500089058903606
    47 0.07277172900725431548
    48 0.06445116404666970111
    49 0.07381600058654150254
    50 0.07572604708740508783
    51 0.08207643525345183211
    52 0.07347981354541055499
    53 0.08131568002820679930
    54 0.07056115528622881883
    55 0.08156981726624885909
    56 0.06901380641662900606
    57 0.06611878087814544724
    58 0.07141485720739046417
    59 0.06809886929467169614
    60 0.06599505852183745747
    61 0.07099681305343463755
    62 0.07168345654700369884
    63 0.06757938913521387148
    64 0.07350163314964736072
    65 0.06718581953857970246
    66 0.06899856537715125249
    67 0.06759805150078801450
    68 0.06376891624845039408
    69 0.06418778899867053078
    70 0.06374566520201598030
    71 0.06547647964211485150
    72 0.06727478520226734537
    73 0.06303026102939363051
    74 0.06244313338592428347
    75 0.06240065204844542912
    76 0.06509183545618656141
    77 0.06712644264674526295
    78 0.05901478460967504724
    79 0.05645581907239551056
    80 0.06370455963932743215
    81 0.05852015023790649306
    82 0.06345456818644146235
    83 0.06323888031975666291
    84 0.05838074004561023822
    85 0.06020855422088030456
    86 0.05612009165610965661
    87 0.05584973584309086553
    88 0.05779072121677204799
    89 0.05780579368195354339
    90 0.05763452530350577502
    91 0.06089603705736371803
    92 0.05280391742905404806
    93 0.05212674958296278915
    94 0.06030538871718233579
    95 0.05912599778236989068
    96 0.05757744223051644572
    97 0.05382357858219014718
    98 0.05738727347354617009
    99 0.05175342357595409670
   100 0.05128496537318756598
   101 0.05242806722152570237
   102 0.05716276036231904972
   103 0.05244685852195106468
   104 0.05359029401530678027
   105 0.05647314398232121391
   106 0.04751847093043605474
   107 0.04582422419823753423
   108 0.05022539881078488810
   109 0.05735407118393499870
   110 0.05148936183977157605
   111 0.04640434757348765871
   112 0.05422571428081376932
   113 0.05003373227869594569
   114 0.04641976279570944608
   115 0.04701582918080641355
   116 0.04835979692946484193
   117 0.04773500037518770001
   118 0.04482016903190529783
   119 0.04398182515429339967
   120 0.04620651717047136176
   121 0.04252461783743205492
   122 0.04201824192628268728
   123 0.03984652522609704456
   124 0.03930010299268810181
   125 0.03826189287347481205
   126 0.03548702551060123334
   127 0.03738978616010696365
   128 0.03658425734141151908
   129 0.03771586541786801916
   130 0.03743006205719451307
   131 0.03311808512320441045
   132 0.03494626626566676997
   133 0.03097407627088672941
   134 0.03125097307681502790
   135 0.02806475913152784926
   136 0.02663593314758507663
   137 0.03039131365944302415
   138 0.03158528533771004509
   139 0.03126328537529175777
   140 0.03069506398293807975
   141 0.02827159423896047352
   142 0.02932504342986034032
   143 0.03516506952533662161
   144 0.03072446538690550011
   145 0.03268558153280261280
   146 0.02512439979940877741
   147 0.02809771048299476021
   148 0.03616218339370927404
   149 0.02764684178920063726
   150 0.02542419539848645924
   151 0.02730597983283466340
   152 0.02987513669764958052
   153 0.02817041219023536797
   154 0.02200353886579906049
   155 0.02199031125413768509
   156 0.02754783049572744405
   157 0.02752220821144761576
   158 0.02115583704531982800
   159 0.02253007503966436564
   160 0.02343437385452835572
   161 0.02752988029255708236
   162 0.02286251819778702468
   163 0.02831976060026086470
   164 0.02337950492057496235
   165 0.02492504766734824490
   166 0.02775950450972366687
   167 0.02325170639318633811
   168 0.02334162243068876180
   169 0.02174359291405794301
   170 0.01791845036088020662
   171 0.01783737421014527230
   172 0.02119798826563347102
   173 0.02558756230079868230
   174 0.02096600721979659590
   175 0.01839193335250793870
   176 0.01823042367607500408
   177 0.02268052262270443126
   178 0.01804067962142079026
   179 0.01996539787114305284
   180 0.02028878751931969399
   181 0.01767291458906140866
   182 0.02219192234011811357
   183 0.02031211595402523593
   184 0.01787737392573560125
   185 0.01440313401107304846
   186 0.01493597153255363935
   187 0.01475227943593985722
   188 0.01838257657629751088
   189 0.02103115175931640282
   190 0.01682054680012686973
   191 0.01607281016684649483
   192 0.01490752375273043072
   193 0.01975601589617299175
   194 0.01564037724428629650
   195 0.01537241390171630029
   196 0.01651047330151600781
   197 0.01681107108000559278
   198 0.01304704024828657466
   199 0.01435073255895025907
   200 0.01663404257173993137
   201 0.01354166112321592008
   202 0.01524834425723422399
   203 0.01611312558616433133
   204 0.01626918631029631093
   205 0.01406925771677935283
   206 0.01779241486185785190
   207 0.01388643066969794462
   208 0.01537524419526374586
   209 0.01315179019470036521
   210 0.01488664170771621109
   211 0.01375410385988719460
   212 0.01588959440593728373
   213 0.01342223629082761258
   214 0.01229492381832151399
   215 0.01343487081118782678
   216 0.01481206575409951126
   217 0.01318283462372752193
   218 0.01282715330944719442
   219 0.01084077948007059963
   220 0.00997861226162113923
   221 0.01140610469820909842
   222 0.01051611449385712362
   223 0.01220716444340746304
   224 0.01265086919879686127
   225 0.00985092995144003052
   226 0.00978096968304309651
   227 0.00942341270572481272
   228 0.00970676302913712347
   229 0.01268413164835980808
   230 0.00932533187385671536
   231 0.01630658237215340881
   232 0.00942982713654866127
   233 0.01190903713289232640
   234 0.01334445882503857567
   235 0.01060367388883846559
   236 0.01198775002671717896
   237 0.01035505988904900261
   238 0.00899114395827090712
   239 0.01121717162819093998
   240 0.01155468105524848008
   241 0.00965739307441615402
   242 0.00803091457881562054
   243 0.00873429999044628494
   244 0.00753477397787146331
   245 0.00902121534917227699
   246 0.00893486877270631592
   247 0.00940319530917198276
   248 0.00851174250811012612
   249 0.00977047992580926464
   250 0.00855360196360361105
   251 0.00829096980934705165
   252 0.00837685581864959852
   253 0.00705899771419489768
   254 0.00805750576980620789
   255 0.00779190791772419854
   256 0.00919287265393575921
   257 0.00793545677950847385
   258 0.01294657413049038128
   259 0.00795769296466744200
   260 0.00854650265196274864
   261 0.00712040269572401102
   262 0.00874240285859107999
   263 0.00764122379470917601
   264 0.00790220366157901380
   265 0.00998290053177249351
   266 0.00740270139191781702
   267 0.00804732222378605651
   268 0.00745231011214166159
   269 0.00681909247595728716
   270 0.00678537460514706640
   271 0.00681250481848515686
   272 0.00704345856878805642
   273 0.00770707355314091506
   274 0.00730631917424880758
   275 0.00676805692281250409
   276 0.00744833771438244054
   277 0.00621436135913701771
   278 0.00671084329198711263
   279 0.00596796455651861946
   280 0.00560041349813870243
   281 0.00715327703369420496
   282 0.00669714996349392647
   283 0.00663295658365344997
   284 0.00731252338668066451
   285 0.00649765682485444092
   286 0.00606790610242356580
   287 0.00662442662608138041
   288 0.00582563280288276187
   289 0.00560508034803965625
   290 0.00677195749536191847
   291 0.00614690422404499427
   292 0.00550750187184681668
   293 0.00625077762215885038
   294 0.00546317518931764383
   295 0.00576922306140699274
   296 0.00590795308718212314
   297 0.00609597709493567286
   298 0.00515676066534306345
   299 0.00534280074390966909
   300 0.00573113880388385726
   301 0.00570447442264637814
   302 0.00607255456163679954
   303 0.00554105654472780533
   304 0.00572795460787592272
   305 0.00554669823136568711
   306 0.00537126476748850563
   307 0.00562716358280902947
   308 0.00590640989642970526
   309 0.00536819241138600592
   310 0.00571867013019370339
   311 0.00537840566117304963
   312 0.00574417162262952277
   313 0.00534810357307519916
   314 0.00513966306354323322
   315 0.00527222662066948074
   316 0.00513724184664850377
   317 0.00537314109330209230
   318 0.00547637343101175719
   319 0.00514899525351778225
   320 0.00577546396417646414
   321 0.00520954692339295217
   322 0.00551244639298060710
   323 0.00522600510057656589
   324 0.00491727575358621733
   325 0.00486769664949214444
   326 0.00480911913547604243
   327 0.00464757973216170170
   328 0.00539500077329921942
   329 0.00509087295788518499
   330 0.00475205359152780157
   331 0.00468307427371171970
   332 0.00466337862356043607
   333 0.00467488771847565047
   334 0.00462573332800401624
   335 0.00475733960408251944
   336 0.00458660874766399478
   337 0.00480327465383937214
   338 0.00435506390583840705
   339 0.00428105315185179931
   340 0.00429961046545507958
   341 0.00401892135917302808
   342 0.00390356504055840593
   343 0.00449338364600192046
   344 0.00406849936053831334
   345 0.00404645587974331467
   346 0.00421696215389930421
   347 0.00422675477252449760
   348 0.00366945265556776253
   349 0.00363534117997502820
   350 0.00415319584896398954
   351 0.00399834546439878195
   352 0.00412930367504632176
   353 0.00507091210325616611
   354 0.00399318223887216387
   355 0.00397666116481016230
   356 0.00364938461079270752
   357 0.00361386022604924181
   358 0.00369278028589955457
   359 0.00393867094982071082
   360 0.00409082505090043597
   361 0.00382133873839121067
   362 0.00383296399450159826
   363 0.00379724930482525959
   364 0.00384138500417488538
   365 0.00356768239620412417
   366 0.00377783355969774862
   367 0.00353492576771555645
   368 0.00374121786714196828
   369 0.00379972503075974577
   370 0.00333886503394137130
   371 0.00327110474100110633
   372 0.00404712243148405183
   373 0.00359656049956257138
   374 0.00350734697720768776
   375 0.00328364768297260273
   376 0.00376323329449123039
   377 0.00351829944370596424
   378 0.00368923201749694635
   379 0.00345541272213834971
   380 0.00330839050074131693
   381 0.00344415089379155118
   382 0.00312595964468920760
   383 0.00306055631422167893
   384 0.00300091912547116764
   385 0.00307319189802066333
   386 0.00330072132012207246
   387 0.00337423764874947990
   388 0.00325216381303650420
   389 0.00303793652332673934
   390 0.00311858568384070899
   391 0.00410235326397224986
   392 0.00314908600893773483
   393 0.00308489777927595243
   394 0.00285993810376481902
   395 0.00277333032683864996
   396 0.00356134762005676231
   397 0.00306494333347022679
   398 0.00278860862615842864
   399 0.00272166770251794192
   400 0.00286865358539182711
   401 0.00281831810986527508
   402 0.00285942184569724662
   403 0.00306471278681903769
   404 0.00276196997274225607
   405 0.00274268021354298879
   406 0.00291381299746357441
   407 0.00257231117225404423
   408 0.00257420948785285972
   409 0.00256143258359527518
   410 0.00265179218880237395
   411 0.00262766037125215270
   412 0.00279473302061276820
   413 0.00253442008001195573
   414 0.00263465575344020916
   415 0.00274596390757897348
   416 0.00281111062293961170
   417 0.00263740459562832865
   418 0.00270073713221750770
   419 0.00246113762668180927
   420 0.00247329011517400874
   421 0.00252920450054294928
   422 0.00259810831228781802
   423 0.00236590498464544574
   424 0.00235165487855027843
   425 0.00233950557564412262
   426 0.00240267602632544298
   427 0.00255538905945353707
   428 0.00230659044292251796
   429 0.00235622410953023696
   430 0.00246160130303164221
   431 0.00220415171331450176
   432 0.00215316240919998132
   433 0.00245844430458426813
   434 0.00207318265824031145
   435 0.00192461939498087594
   436 0.00225750245542974274
   437 0.00204101368500806020
   438 0.00225674716822445599
   439 0.00229017431924192702
   440 0.00193923394475673211
   441 0.00219294784061776918
   442 0.00200349194856606384
   443 0.00195691415315768676
   444 0.00193555306026804621
   445 0.00190001306060618509
   446 0.00217302174354132727
   447 0.00197728310308165674
   448 0.00205125971685087916
   449 0.00183493090524396250
   450 0.00211496057005435868
   451 0.00164411182336472207
   452 0.00161907019751980651
   453 0.00209761230369770327
   454 0.00184056966482363128
   455 0.00189402120642616681
   456 0.00191178104022155459
   457 0.00198475795902291943
   458 0.00180917649007823799
   459 0.00165832254599458466
   460 0.00160330668454545340
   461 0.00161385973821783564
   462 0.00186374330689478731
   463 0.00160520398032296661
   464 0.00164803610242039277
   465 0.00165805316075121664
   466 0.00161133407857848667
   467 0.00181284831768241742
   468 0.00148010590474400628
   469 0.00157695704381966982
   470 0.00165834900015357110
   471 0.00186118171564117842
   472 0.00159918269022308181
   473 0.00146044079401001564
   474 0.00189596117149223842
   475 0.00171975346629192269
   476 0.00153573872326056801
   477 0.00144916300709278193
   478 0.00152354490118305867
   479 0.00143836589938749616
   480 0.00154967408357048215
   481 0.00159411707747051453
   482 0.00137785695325844787
   483 0.00140612839389960952
   484 0.00166877751403580544
   485 0.00147507696072956477
   486 0.00139995083971442089
   487 0.00151671296866625911
   488 0.00140779007643091945
   489 0.00145012871620475736
   490 0.00130049920921574899
   491 0.00132655028971859928
   492 0.00149034807073468553
   493 0.00138743822262013083
   494 0.00133063984584903447
   495 0.00128138226988230961
   496 0.00131582630682180166
   497 0.00131072698254001128
   498 0.00132677571248165471
   499 0.00136702457829833424
   500 0.00125995101918988952
   501 0.00136289147213600778
   502 0.00149296776157824295
   503 0.00130129009475470677
   504 0.00123252403114972389
   505 0.00128629376759556544
   506 0.00115559528731134608
   507 0.00109677427528596353
   508 0.00117278490199587714
   509 0.00129368834409846639
   510 0.00127257711805383623
   511 0.00115650618863882317
   512 0.00137989149225957496
   513 0.00121547054761819056
   514 0.00109975239679273675
   515 0.00107631776673442663
   516 0.00116245613630612727
   517 0.00120414601145030740
   518 0.00113482868106607013
   519 0.00118104930816792584
   520 0.00103829396978903643
   521 0.00105542766083511195
   522 0.00111634143410322090
   523 0.00103057309113954720
   524 0.00115953812740410690
   525 0.00108997910607191257
   526 0.00116838165386322725
   527 0.00099900452831801017
