     1 0.18257436713596339461
     2 0.19550357610154625587
     3 0.18760335432127181465
     4 0.18566582365037945235
     5 0.18351374612617057935
     6 0.18137622652812149249
     7 0.19467707377795981372
     8 0.18684274108923562552
     9 0.18554191766270358710
    10 0.18326976136327799427
    11 0.18067235261756336984
    12 0.17025308705464040071
    13 0.17773163168259362155
    14 0.17961146465615476786
    15 0.18176795012559582299
    16 0.18390160416207471106
    17 0.17099425768625295396
    18 0.17844951937043521117
    19 0.17975713642428284289
    20 0.18205390247274549909
    21 0.18475547961915583794
    22 0.15244977511629026479
    23 0.12013399529069720972
    24 0.06863350408882260001
    25 0.01594649891827635418
    26 0.01253417836797229845
    27 0.01048899547470756241
    28 0.00942646257331508294
    29 0.00573462660089003266
    30 0.00492735932122840940
    31 0.00518820622034431821
    32 0.00498251565469297417
    33 0.00445998789869468584
    34 0.00394363388793635399
    35 0.00413635955229106709
    36 0.00395207191072785135
    37 0.00428129258067088455
    38 0.00360789381670402910
    39 0.00378855038895591426
    40 0.00394553230026800390
    41 0.00296919820161836972
    42 0.00234917352943496329
    43 0.00211645162212024387
    44 0.00240801210602442813
    45 0.00213232073780902139
    46 0.00237474621026053864
    47 0.00207249163932436784
    48 0.00195182412382447303
    49 0.00198945131245942567
    50 0.00223023535197797163
    51 0.00172571934866536190
    52 0.00161256136409599683
    53 0.00164925553729009032
    54 0.00185358674356962488
    55 0.00155047137583390858
    56 0.00150100025994806519
    57 0.00132870219447274321
    58 0.00104351608425959971
    59 0.00097046454331210287
