     1     0.1825743671     0.5222001076
     2     0.9141143923     0.5159161091
     3     0.5246686623     0.5191750526
     4     0.5891920679     0.5243749619
     5     0.3166707907     0.5778059959
     6     0.1029314735     0.5244081020
     7     0.3405890450     0.5421340466
     8     0.1475727466     0.5249609947
     9     0.2881718913     0.5244379044
    10     0.5565019751     0.5446560383
    11     0.4460475683     0.5211448669
    12     0.2530876589     0.5485231876
    13     0.4987344759     0.6512560844
    14     0.3988979350     0.8084549904
    15     0.8797311039     0.8234949112
    16     0.1811397020     0.7129161358
    17     0.4702786165     0.5272798538
    18     0.8810538244     0.5633130074
    19     1.9161571547     0.5554051399
    20     1.0610231025     0.5837531090
    21     0.2993537126     0.6683700085
    22     0.2765082837     0.5443828106
    23     0.2963333728     0.6176438332
    24     0.2295076625     0.5408179760
    25     0.6421364165     0.5355639458
    26     0.6377249148     0.5481758118
    27     0.2966061154     0.5665497780
    28     0.3212175418     0.5360009670
    29     0.1470737641     0.5432469845
    30     0.5812900041     0.5446660519
    31     0.0903429185     0.5260760784
    32     0.3570715259     0.5494410992
    33     0.0877985682     0.5250229836
    34     0.2308481296     0.5222868919
    35     0.3305393205     0.5264220238
    36     0.6574928298     0.5211560726
    37     0.2424198778     0.5460221767
    38     0.4120386912     0.5798480511
    39     1.1885992462     0.5785179138
    40     0.5810091930     0.5277540684
    41     0.5343203090     0.5775289536
    42     0.9919159291     0.5353140831
    43     0.7098359092     0.5659182072
    44     0.3766986621     0.5341169834
    45     0.3214101105     0.5801968575
    46     0.5757976323     0.5348141193
    47     0.3198844353     0.5657620430
    48     0.3799413140     0.5251009464
    49     0.5398826025     0.5503499508
    50     0.3572864485     0.5508248806
    51     0.9030573002     0.6125900745
    52     0.3667545554     0.5728659630
    53     0.4652667122     0.5664360523
    54     0.1293688515     0.5510790348
    55     0.3675635450     0.5560867786
    56     1.1325225436     0.6147859097
    57     0.9677221574     0.7263109684
    58     0.4542679796     0.5694439411
    59     0.1393337665     0.5227720737
    60     0.8831341374     0.5204000473
    61     0.2804560316     0.5224041939
    62     0.2475494011     0.5218551159
    63     0.7627936802     0.5165579319
    64     0.4059550232     0.5399219990
    65     0.3053534616     0.5123248100
    66     0.8395166697     0.5126731396
    67     0.5011375282     0.5194840431
    68     0.6240281674     0.5239210129
    69     0.2240971992     0.5177681446
    70     0.2512200372     0.5190730095
    71     0.2185499293     0.5129270554
    72     0.4993903607     0.5189149380
    73     0.3266251411     0.5260059834
    74     0.3396388929     0.5162751675
    75     0.2636135328     0.5154011250
    76     0.4370304442     0.5101377964
    77     0.3203806642     0.5172009468
    78     0.3232503496     0.5140800476
    79     0.2997659762     0.5176868439
    80     0.2758405448     0.5214030743
    81     0.4893599021     0.5251469612
    82     0.2178420697     0.5122170448
    83     0.5724604474     0.5225479603
    84     0.7891607525     0.5107688904
    85     0.2562160461     0.5193560123
    86     0.3417994650     0.5253338814
    87     0.2311945917     0.5195000172
    88     0.1410710264     0.5185651779
    89     0.2981256485     0.5175349712
    90     0.3915928545     0.5131521225
    91     0.3301745480     0.5266559124
    92     0.1860148457     0.5218100548
    93     1.3375422413     0.5211200714
    94     1.2192986781     0.5171940327
    95     0.2038255881     0.5206730366
    96     0.5185789716     0.5175030231
    97     0.3120566682     0.5125420094
    98     1.2737230311     0.5251119137
    99     0.4660311966     0.5133900642
   100     0.4067010610     0.5171079636
   101     0.8809234694     0.5187728405
   102     0.1847266390     0.5113511086
   103     0.2772802493     0.5205998421
   104     0.1527299375     0.5113420486
   105     1.2846849618     0.5219588280
   106     0.6476513917     0.5161440372
   107     0.3970082070     0.5173358917
   108     0.5714006984     0.5154740810
   109     0.5897843948     0.5173680782
   110     0.7416451364     0.5129699707
   111     0.7668982253     0.5374970436
   112     0.3039287247     0.5200080872
   113     0.6563877534     0.5186090469
   114     0.3412249225     0.5162019730
   115     1.0019526828     0.5242519379
   116     0.2353565557     0.5167930126
   117     0.3732618400     0.5228528976
   118     1.4239535167     0.5112919807
   119     0.1343423901     0.5203268528
   120     0.0923420425     0.5188550949
   121     0.1104255583     0.5178639889
   122     0.1537191394     0.5174138546
   123     0.0679450265     0.5229578018
   124     0.1803068961     0.5108790398
   125     0.3119675464     0.5210220814
   126     0.2688173900     0.5111560822
   127     0.3103247053     0.5207788944
   128     0.1790734830     0.5138530731
   129     1.1251736049     0.5173199177
   130     0.2732747110     0.5177421570
   131     0.3811322195     0.5189349651
   132     0.3141165855     0.5124680996
   133     0.2342437129     0.5242750645
   134     0.4947805182     0.5191359520
   135     0.2654946029     0.5244739056
   136     0.2237765532     0.5136899948
   137     0.0861568672     0.5199918747
   138     0.3374330172     0.5127160549
   139     0.5417795029     0.5261919498
   140     0.2203228946     0.5120391846
   141     0.3568773044     0.5128190517
   142     0.2627579957     0.5204510689
   143     0.2621998382     0.5253820419
   144     0.0606606455     0.5217888355
   145     0.2419747418     0.5263681412
   146     0.5191507170     0.5148508549
   147     0.2107802525     0.5184481144
   148     0.4176159855     0.5098187923
   149     0.1540047056     0.5207519531
   150     0.6558563245     0.5133910179
   151     0.1086477007     0.5223789215
   152     0.2888024238     0.5210809708
   153     0.5858657056     0.5130040646
   154     0.0569302685     0.5221209526
   155     0.0511163637     0.5271401405
   156     0.2354799634     0.5158858299
   157     0.1597642524     0.5193939209
   158     0.2351838011     0.5153999329
   159     0.6779556996     0.5195779800
   160     0.0641507137     0.5204820633
   161     0.3413697588     0.5223610401
   162     0.0864823588     0.5136530399
   163     0.1968614905     0.5201499462
   164     0.1748864541     0.5169191360
   165     0.2805696950     0.5188739300
   166     0.4900393818     0.5148470402
   167     0.1041378709     0.5227711201
   168     0.4256093774     0.5196261406
   169     0.2438571402     0.5162348747
   170     0.3361788536     0.5229191780
   171     0.2393684979     0.5160009861
   172     0.0945274960     0.5129280090
   173     0.3571942565     0.5178179741
   174     0.3378680165     0.5110511780
   175     0.1106105226     0.5194818974
   176     0.5493668962     0.5116109848
   177     0.1297712688     0.5190310478
   178     0.1289590261     0.5141689777
   179     0.0973320685     0.5145909786
   180     0.4190930681     0.5116350651
   181     0.0935538832     0.5197629929
   182     0.1780175902     0.5164768696
   183     0.1261124897     0.5280251503
   184     0.1617585794     0.5112090111
   185     0.1637538342     0.5163309574
   186     0.6457295363     0.5138580799
   187     0.0862677504     0.5250241756
   188     0.4575140042     0.5142948627
   189     0.1382130943     0.5217239857
   190     0.3166259363     0.5235249996
   191     0.1612994486     0.5195710659
   192     0.2537688430     0.5139999390
   193     0.2455199254     0.5145761967
   194     0.4602741667     0.5101788044
   195     0.1534865338     0.5175330639
   196     0.2812085179     0.5100901127
   197     0.3785123429     0.5149078369
   198     0.0703140939     0.5201859474
   199     0.0792053134     0.5234382153
   200     0.1122364742     0.5165669918
   201     0.1744582924     0.5177178383
   202     0.1883415546     0.5126810074
   203     0.1366034197     0.5280580521
   204     0.0885647771     0.5163631439
   205     0.2398294411     0.5222480297
   206     0.1707172053     0.5121238232
   207     0.5668486632     0.5171010494
   208     0.1050274313     0.5200879574
   209     0.1987303883     0.5156381130
   210     0.1647037848     0.5121769905
   211     0.0825455864     0.5271019936
   212     0.0699798666     0.5142250061
   213     0.2593139726     0.5133621693
   214     0.0819223232     0.5121490955
   215     0.1777491072     0.5130751133
   216     0.3954409720     0.5177860260
   217     0.0541226424     0.5221061707
   218     0.2229391420     0.5116970539
   219     0.1377356060     0.5221331120
   220     0.2829977661     0.5102908611
   221     0.2397794768     0.5271699429
   222     0.1731895998     0.5172679424
   223     0.1127690574     0.5228629112
   224     0.2066527181     0.5179522038
   225     0.1188544705     0.5202050209
   226     0.3851428974     0.5105807781
   227     0.1034257959     0.5227808952
   228     0.2701126153     0.5120828152
   229     0.2419996445     0.5227220058
   230     0.3016058996     0.5116529465
   231     0.0770524016     0.5155220032
   232     0.2648112257     0.5204038620
   233     0.1430368698     0.5259339809
   234     0.2295591477     0.5162069798
   235     0.3165930132     0.5170619488
   236     0.1094404642     0.5195569992
   237     0.0699557265     0.5179750919
   238     0.1790312612     0.5181691647
   239     0.4116573907     0.5227239132
   240     0.0794960929     0.5089631081
   241     0.3420462138     0.5220899582
   242     0.1018947330     0.5130441189
   243     0.2406443853     0.5218510628
   244     0.2468496886     0.5111169815
   245     0.2737964170     0.5168590546
   246     0.0732833075     0.5095682144
   247     0.1591322796     0.5329170227
   248     0.2522189893     0.5189909935
   249     0.1548211075     0.5120790005
   250     0.2853070573     0.5103340149
   251     0.0592488626     0.5176320076
   252     0.1370247378     0.5099689960
   253     0.1963652938     0.5220081806
   254     0.1901953723     0.5113868713
   255     0.1238295638     0.5181620121
   256     0.1531834025     0.5117740631
   257     0.1197288099     0.5199310780
   258     0.1732630986     0.5192852020
   259     0.2855926896     0.5224950314
   260     0.1451649570     0.5227530003
   261     0.1271430035     0.5173649788
   262     0.3315927345     0.5124399662
   263     0.0636080475     0.5259499550
   264     0.1970778232     0.5165848732
   265     0.1070057969     0.5133380890
   266     0.0856153522     0.5205788612
   267     0.1044426932     0.5374419689
   268     0.0910932613     0.5397810936
   269     0.1005880554     0.5312829018
   270     0.2271255379     0.5195150375
   271     0.0375537386     0.5226080418
   272     0.1330530289     0.5356979370
   273     0.2086531108     0.5423529148
   274     0.1511151120     0.5336620808
   275     0.1189895520     0.5268671513
   276     0.1273322216     0.5352849960
   277     0.1012861228     0.5395278931
   278     0.2177758948     0.5316460133
   279     0.1170973905     0.5278089046
   280     0.1090099374     0.5364909172
   281     0.0528371775     0.5366811752
   282     0.1195282243     0.5275990963
   283     0.1686206176     0.5198509693
   284     0.1457460022     0.5160901546
   285     0.0871181806     0.5165951252
   286     0.1273279482     0.5215201378
   287     0.1180867070     0.5163431168
   288     0.0588144183     0.5209341049
   289     0.1665451721     0.5248351097
   290     0.1279880279     0.5117270947
   291     0.1982747750     0.5136399269
   292     0.0150546608     0.5189461708
   293     0.1063935245     0.5273189545
   294     0.0435240677     0.5200521946
   295     0.1076869713     0.5134739876
   296     0.1631515341     0.5130021572
   297     0.2524266556     0.5345690250
   298     0.0612110709     0.5166499615
   299     0.0563267165     0.5219218731
   300     0.1561823993     0.5121269226
   301     0.1524064691     0.5218811035
   302     0.1167078720     0.5169701576
   303     0.1427139744     0.5187869072
   304     0.0869542527     0.5102610588
   305     0.1814552380     0.5228960514
   306     0.0988148816     0.5119559765
   307     0.0976974857     0.5238280296
   308     0.1960586718     0.5196759701
   309     0.0502206319     0.5180330276
   310     0.2093787119     0.5112030506
   311     0.0497327759     0.5245149136
   312     0.1462315256     0.5147891045
   313     0.1489397229     0.5230698586
   314     0.0738261837     0.5092179775
   315     0.0839967097     0.5222091675
   316     0.0550093702     0.5159540176
   317     0.1823413068     0.5228559971
   318     0.0295815329     0.5192039013
   319     0.1047699072     0.5221679211
   320     0.2220773560     0.5149669647
   321     0.0851543097     0.5149710178
   322     0.0597367574     0.5195498466
   323     0.1857783180     0.5193088055
   324     0.0557120816     0.5107460022
   325     0.0798956240     0.5185060501
   326     0.0407987728     0.5096790791
   327     0.1463636485     0.5252759457
   328     0.1097199412     0.5254158974
   329     0.2209835659     0.5219659805
   330     0.0293124127     0.5157508850
   331     0.0860826601     0.5168261528
   332     0.1271050083     0.5176851749
   333     0.0626623600     0.5224740505
   334     0.1253401224     0.5192401409
   335     0.1415785583     0.5126049519
   336     0.1748724680     0.5131559372
   337     0.0970681129     0.5242059231
   338     0.1542712488     0.5115709305
   339     0.0796643751     0.5203580856
   340     0.1058214778     0.5138609409
   341     0.0931557638     0.5192580223
   342     0.1172120476     0.5232319832
   343     0.1115491010     0.5206761360
   344     0.1318370451     0.5107169151
   345     0.0772793749     0.5223860741
   346     0.0975399846     0.5148561001
   347     0.0769270425     0.5239279270
   348     0.1032007739     0.5089910030
   349     0.1228077931     0.5212759972
   350     0.0953176849     0.5104069710
   351     0.0497700159     0.5205171108
   352     0.1124121305     0.5147290230
   353     0.0776025407     0.5169849396
   354     0.1414483818     0.5195958614
   355     0.0752995582     0.5143051147
   356     0.1166821825     0.5116198063
   357     0.1600191956     0.5210070610
   358     0.0813403311     0.5116598606
   359     0.0901631481     0.5167119503
   360     0.1770648505     0.5166599751
   361     0.0374845271     0.5253210068
   362     0.1424801894     0.5136518478
   363     0.0598460466     0.5184218884
   364     0.0574142422     0.5130281448
   365     0.1253354510     0.5171508789
   366     0.0544203048     0.5255370140
   367     0.2032626076     0.5176072121
   368     0.1169230361     0.5146870613
   369     0.1248061337     0.5204110146
   370     0.0782980425     0.5123400688
   371     0.0637860428     0.5137479305
   372     0.1039505190     0.5105669498
   373     0.1561001151     0.5296180248
   374     0.0147944684     0.5111391544
   375     0.1025686697     0.5152838230
   376     0.1389515526     0.5197050571
   377     0.0457263607     0.5166180134
   378     0.1097884406     0.5185079575
   379     0.0913142726     0.5137498379
   380     0.1322766389     0.5107748508
   381     0.0454009666     0.5276999474
   382     0.1323785691     0.5147609711
   383     0.0259571736     0.5195970535
   384     0.0769311189     0.5191471577
   385     0.0366871277     0.5270061493
   386     0.0620383435     0.5203349590
   387     0.1317846009     0.5159590244
   388     0.1217659196     0.5209338665
   389     0.1287783605     0.5145771503
   390     0.0272008542     0.5130081177
   391     0.0630784855     0.5224828720
   392     0.0219929707     0.5131630898
   393     0.1400761506     0.5199320316
   394     0.0165002554     0.5199871063
   395     0.1202947482     0.5241491795
   396     0.0422817645     0.5093381405
   397     0.0576569272     0.5183939934
   398     0.1227062843     0.5207619667
   399     0.0326506996     0.5195739269
   400     0.1161637268     0.5131490231
   401     0.0830181157     0.5158431530
   402     0.0747985702     0.5177688599
   403     0.0759128537     0.5220689774
   404     0.0723416117     0.5127489567
   405     0.1052081046     0.5159678459
   406     0.1369349768     0.5108921528
   407     0.0312396975     0.5362040997
   408     0.0719084190     0.5167791843
   409     0.0274034064     0.5181701183
   410     0.0956902612     0.5114090443
   411     0.1150048831     0.5218739510
   412     0.0368550244     0.5114700794
   413     0.1000920689     0.5190961361
   414     0.0918285217     0.5212709904
   415     0.1775235030     0.5197460651
   416     0.0253851558     0.5150108337
   417     0.0622575042     0.5159060955
   418     0.0816595737     0.5129950047
   419     0.0669062658     0.5322620869
   420     0.0378604531     0.5103611946
   421     0.0914122059     0.5122151375
   422     0.1049228310     0.5173161030
   423     0.0216118255     0.5193319321
   424     0.0718847378     0.5180950165
   425     0.0781174210     0.5183870792
   426     0.0541672783     0.5134809017
   427     0.0722659648     0.5167770386
   428     0.0755193072     0.5144548416
   429     0.0836336052     0.5137469769
   430     0.0712388813     0.5089190006
   431     0.0201689094     0.5289108753
   432     0.0835641957     0.5196671486
   433     0.0653962941     0.5239520073
   434     0.1627084581     0.5137779713
   435     0.0800378888     0.5253210068
   436     0.0679945247     0.5169949532
   437     0.0488484996     0.5130379200
   438     0.1490314734     0.5100660324
   439     0.1105935834     0.5221951008
   440     0.0813281721     0.5110170841
   441     0.0898339369     0.5178220272
   442     0.1311908979     0.5218250751
   443     0.0653136436     0.5229530334
   444     0.0792717542     0.5172049999
   445     0.0351460861     0.5698611736
   446     0.1119219685     0.5270128250
   447     0.0180581314     0.5206761360
   448     0.1029770454     0.5214450359
   449     0.0671651842     0.5647180080
   450     0.0936010151     0.5197799206
   451     0.0160990564     0.5201349258
   452     0.0741481336     0.5149409771
   453     0.0445851457     0.5189070702
   454     0.1712164395     0.5172581673
   455     0.0339708314     0.5223519802
   456     0.0546033805     0.5111339092
   457     0.1220765084     0.5243649483
   458     0.0250556655     0.5150480270
   459     0.1089713659     0.5148570538
   460     0.0562602750     0.5179059505
   461     0.0318539246     0.5152258873
   462     0.0641006731     0.5095648766
   463     0.0421397573     0.5203559399
   464     0.0812827391     0.5120980740
   465     0.0268631575     0.5171139240
   466     0.1206983281     0.5163469315
   467     0.0501625727     0.5361070633
   468     0.0829458123     0.5185019970
   469     0.0476205887     0.5161359310
   470     0.0819096470     0.5117890835
   471     0.0825402377     0.5166659355
   472     0.0693831748     0.5088620186
   473     0.1268761672     0.5208170414
   474     0.0242795301     0.5191559792
   475     0.0359501308     0.5147428513
   476     0.0504232215     0.5163128376
   477     0.0881511764     0.5163819790
   478     0.0449605453     0.5104479790
   479     0.0706978878     0.5235009193
   480     0.0579650833     0.5180530548
   481     0.0636745193     0.5203680992
   482     0.0952195647     0.5220599174
   483     0.0328552638     0.5214059353
   484     0.0909784513     0.5219960213
   485     0.0733629326     0.5191650391
   486     0.1129494989     0.5113689899
   487     0.0493711274     0.5243980885
   488     0.0183100167     0.5188119411
   489     0.0677600889     0.5214121342
   490     0.0537025970     0.5183751583
   491     0.1018490557     0.5188460350
   492     0.0356285075     0.5176301003
   493     0.0765927301     0.5158429146
   494     0.0961235234     0.5139851570
   495     0.1024117622     0.5243940353
   496     0.0652176476     0.5133340359
   497     0.0395186822     0.5216100216
   498     0.0709715379     0.5151810646
   499     0.0903153468     0.5141420364
   500     0.0480256634     0.5143239498
   501     0.0632703752     0.5273711681
   502     0.0873788276     0.5228800774
   503     0.0336327827     0.5161359310
   504     0.0554800417     0.5121288300
   505     0.0494658597     0.5214169025
   506     0.0482713980     0.5121331215
   507     0.0675452701     0.5151689053
   508     0.0663311393     0.5128409863
   509     0.0603687829     0.5216078758
   510     0.0712423495     0.5141301155
   511     0.0442538861     0.5191278458
   512     0.0753958176     0.5123898983
   513     0.0205817727     0.5232439041
   514     0.0337389743     0.5163798332
   515     0.0462349961     0.5232229233
   516     0.0713164050     0.5115318298
   517     0.0878346151     0.5229399204
   518     0.0164768439     0.5873970985
   519     0.0302499476     0.5601911545
   520     0.0788094157     0.5130558014
   521     0.0573562761     0.5631189346
   522     0.0459811862     0.5651390553
   523     0.0205948735     0.5897979736
   524     0.0919545737     0.7511050701
   525     0.0132569458     0.5578389168
   526     0.0417008293     0.6166348457
   527     0.0681709102     0.5860910416
   528     0.1855507177     0.5932810307
   529     0.0386977008     0.5770740509
   530     0.0762770981     0.5657579899
   531     0.0141272571     0.5582189560
   532     0.0784845760     0.6073598862
   533     0.0772410946     0.5526599884
   534     0.1378022345     0.6203961372
   535     0.0285579184     0.5823969841
   536     0.0377132431     0.6147119999
   537     0.1023153041     0.5565600395
   538     0.0837033530     0.5673940182
   539     0.1149134140     0.6393380165
   540     0.0433872927     0.5530469418
   541     0.0734628596     0.6428749561
   542     0.0816511255     0.5764961243
   543     0.0672677620     0.5166659355
   544     0.0344847635     0.5705609322
   545     0.0980249140     0.5470321178
   546     0.0548504117     0.5764148235
   547     0.0607244666     0.6436350346
   548     0.1046945889     0.5672030449
   549     0.0693948722     0.5910820961
   550     0.0883009241     0.5697140694
   551     0.0604980788     0.5602378845
   552     0.0977413722     0.5117168427
   553     0.1089167383     0.5377969742
   554     0.0883866241     0.5445950031
   555     0.0282417157     0.5204250813
   556     0.0287572894     0.5877819061
   557     0.1015866956     0.5797088146
   558     0.0767432128     0.6025390625
   559     0.0445155365     0.5927789211
   560     0.0469279514     0.5249228477
   561     0.1085983648     0.5829210281
   562     0.0324666431     0.5108790398
   563     0.1169761430     0.5501821041
   564     0.0779347283     0.5394229889
   565     0.0714504459     0.5627350807
   566     0.0403669956     0.5129790306
   567     0.0201572565     0.5209481716
   568     0.0974639095     0.5215289593
   569     0.0361928803     0.5214338303
   570     0.1215574686     0.5218930244
   571     0.0331850973     0.5206599236
   572     0.0771201972     0.5160570145
   573     0.0161840212     0.5230131149
   574     0.0535232415     0.5134789944
   575     0.0557503562     0.5304639339
   576     0.0337782888     0.5127558708
   577     0.0982128129     0.5158269405
   578     0.0801148501     0.5143890381
   579     0.0475330537     0.5244121552
   580     0.0291214183     0.5110850334
   581     0.0613042583     0.5169689655
   582     0.0409524874     0.5108029842
   583     0.0203568191     0.5228440762
   584     0.0229867764     0.5102379322
   585     0.0528373119     0.5198111534
   586     0.0225908412     0.5199139118
   587     0.0667526860     0.5241229534
   588     0.0334558957     0.5164809227
   589     0.0480562526     0.5170390606
   590     0.0748049581     0.5233960152
   591     0.0120996654     0.5291030407
   592     0.0786723579     0.5116078854
   593     0.0267128748     0.6045279503
   594     0.0610766084     0.5596890450
   595     0.0338062049     0.5877940655
   596     0.0180263375     0.5543689728
   597     0.0326662467     0.5724470615
   598     0.0460408886     0.5194389820
   599     0.0819189418     0.5255048275
   600     0.0308476284     0.5200090408
   601     0.0518668517     0.5160210133
   602     0.0325609424     0.5421149731
   603     0.0533263673     0.5792949200
   604     0.0328584704     0.5665678978
   605     0.0412953886     0.5365040302
   606     0.0391274682     0.5746419430
   607     0.0458105950     0.5906221867
   608     0.0657612754     0.5813510418
   609     0.0083977694     0.6270790100
   610     0.0658961118     0.5422201157
   611     0.0128540467     0.5527751446
   612     0.0756690910     0.5605230331
   613     0.0539672043     0.5554161072
   614     0.0345220405     0.5512759686
   615     0.0553322639     0.6033890247
   616     0.0136116124     0.5824468136
   617     0.0767003626     0.5449039936
   618     0.0163869509     0.5194799900
   619     0.0496596133     0.5754108429
   620     0.0627143788     0.5916819572
   621     0.0159151451     0.5285799503
   622     0.0392336000     0.5391359329
   623     0.0329902678     0.5894620419
   624     0.0351624939     0.6411640644
   625     0.0546429763     0.7849061489
   626     0.0291594542     0.6354820728
   627     0.0679961363     0.5879569054
   628     0.0262137738     0.7078440189
   629     0.0366422251     0.6857180595
   630     0.0125674599     0.5198259354
   631     0.0163490661     0.5322659016
   632     0.0774623520     0.5166771412
   633     0.0678831017     0.5458300114
   634     0.0434018478     0.5707750320
   635     0.0584357521     0.5582468510
   636     0.0202548962     0.5638639927
   637     0.0186873924     0.6140768528
   638     0.0540444647     0.5754351616
   639     0.0233730326     0.5605709553
   640     0.0274506044     0.5457417965
   641     0.0209302043     0.5771720409
   642     0.0612265365     0.5231928825
   643     0.0487664028     0.6703000069
   644     0.0447318290     0.5370900631
   645     0.0105947843     0.6129038334
   646     0.0575938428     0.5442390442
   647     0.0315588109     0.5258779526
   648     0.0749256360     0.5387310982
   649     0.0400584359     0.6289639473
   650     0.0554613960     0.5773389339
   651     0.0351899521     0.5553419590
   652     0.0234447109     0.5707280636
   653     0.0339307962     0.5307791233
   654     0.0242252630     0.5203511715
   655     0.0338887027     0.5297591686
   656     0.0370047688     0.5647859573
   657     0.0409890760     0.5704629421
   658     0.0293041438     0.5568480492
   659     0.0416043286     0.5211429596
   660     0.0232792399     0.5149528980
   661     0.0242156292     0.5217058659
   662     0.0241209786     0.5649909973
   663     0.0696919790     0.6411461830
   664     0.0446637740     0.5964400768
   665     0.0124614615     0.5698139668
   666     0.1018373280     0.5424718857
   667     0.0424546549     0.5437941551
   668     0.0245950522     0.5530939102
   669     0.0522542787     0.5770652294
   670     0.0227909902     0.6019611359
   671     0.0191374133     0.5111408234
   672     0.0218109155     0.5169839859
   673     0.0435462819     0.5310750008
   674     0.0213434205     0.5827670097
   675     0.0263384898     0.5548069477
   676     0.0202130315     0.5401480198
   677     0.0356529693     0.5179250240
   678     0.0417206080     0.5163500309
   679     0.0068849447     0.5198459625
   680     0.0110398449     0.5545291901
   681     0.0201342581     0.6115651131
   682     0.0130337838     0.5728809834
   683     0.0381494673     0.5138621330
   684     0.0366786346     0.5552260876
   685     0.0255822880     0.6200861931
   686     0.0457432005     0.5829870701
   687     0.0245449993     0.5539050102
   688     0.0219219023     0.5540509224
   689     0.0195976208     0.5884740353
   690     0.0296047130     0.5098431110
   691     0.0308000940     0.5175909996
   692     0.0159722988     0.5134639740
   693     0.0442376154     0.5304300785
   694     0.0317781623     0.5101130009
   695     0.0237203114     0.5362107754
   696     0.0364866283     0.5217609406
   697     0.0227538992     0.5234150887
   698     0.0296123753     0.5204310417
   699     0.0164978603     0.5167560577
   700     0.0146193022     0.5116930008
   701     0.0504469605     0.5198459625
   702     0.0216238641     0.5176169872
   703     0.0146812347     0.5209670067
   704     0.0276215980     0.5126068592
   705     0.0223859117     0.5206310749
   706     0.0365220155     0.5138678551
   707     0.0415184767     0.5217161179
   708     0.0111868948     0.5194718838
   709     0.0293300428     0.5166618824
   710     0.0252440560     0.5145490170
   711     0.0535056798     0.5189628601
   712     0.0306675556     0.5131959915
   713     0.0312909730     0.5270659924
   714     0.0203199682     0.5216970444
   715     0.0186496297     0.5133941174
   716     0.0355541875     0.5172579288
   717     0.0358680114     0.5279638767
   718     0.0201728098     0.5146901608
   719     0.0262259555     0.5186069012
   720     0.0339086125     0.5106480122
   721     0.0100035199     0.5266120434
   722     0.0127521008     0.5104601383
   723     0.0329530874     0.5263569355
   724     0.0164115891     0.5182900429
   725     0.0641203001     0.5190711021
   726     0.0125577810     0.5168800354
   727     0.0186549850     0.5165820122
   728     0.0124187722     0.5144000053
   729     0.0372450167     0.5204830170
   730     0.0434164043     0.5104148388
   731     0.0066727539     0.5272200108
   732     0.0336409988     0.5174539089
   733     0.0174136012     0.5245051384
   734     0.0279069579     0.5237929821
   735     0.0194312581     0.5154390335
   736     0.0451924796     0.5212280750
   737     0.0092590676     0.5228180885
   738     0.0270478466     0.5110719204
   739     0.0344357712     0.5218839645
   740     0.0136114885     0.5262970924
   741     0.0184315152     0.5651550293
   742     0.0064585901     0.5535521507
   743     0.0522894469     0.5179209709
   744     0.0292954752     0.5219318867
   745     0.0286544037     0.5144650936
   746     0.0322372802     0.5301029682
   747     0.0208343214     0.6439869404
   748     0.0405077446     0.5273768902
   749     0.0112733955     0.5692269802
   750     0.0290113441     0.5143051147
   751     0.0044656840     0.5301129818
   752     0.0099359330     0.5563468933
   753     0.0183252688     0.5742790699
   754     0.0283567467     0.6090571880
   755     0.0189940235     0.5600578785
   756     0.0117694928     0.5790889263
   757     0.0152949705     0.6221921444
   758     0.0314291548     0.5785689354
   759     0.0349454908     0.5733468533
   760     0.0473648449     0.5291030407
   761     0.0105276414     0.5444080830
   762     0.0181125876     0.5256919861
   763     0.0387142442     0.5271918774
   764     0.0262740091     0.6140460968
   765     0.0326096640     0.6245601177
   766     0.0197312276     0.6250779629
   767     0.0177668081     0.5900130272
   768     0.0229613428     0.5490939617
   769     0.0233514954     0.5563571453
   770     0.0167226818     0.5336160660
   771     0.0057771158     0.5630369186
   772     0.0278665901     0.5693421364
   773     0.0132159630     0.5232839584
   774     0.0317586960     0.5930459499
   775     0.0195185689     0.5450530052
   776     0.0107913677     0.5584919453
   777     0.0416301636     0.5287280083
   778     0.0243593024     0.5279769897
   779     0.0279956054     0.5533728600
   780     0.0038863010     0.5320460796
   781     0.0287552602     0.5248119831
   782     0.0098645757     0.5128650665
   783     0.0160428392     0.5471420288
   784     0.0178125135     0.5223789215
   785     0.0194067697     0.5831320286
   786     0.0230547687     0.5780460835
   787     0.0108604779     0.5634660721
   788     0.0109623968     0.5542709827
   789     0.0221481110     0.5561869144
   790     0.0081959800     0.5573160648
   791     0.0274046305     0.5354769230
   792     0.0213313562     0.5426681042
   793     0.0264351771     0.5956840515
   794     0.0080244532     0.5523159504
   795     0.0283737724     0.5409719944
   796     0.0095188882     0.5624308586
   797     0.0114256707     0.5713498592
   798     0.0221256046     0.5751368999
   799     0.0151835571     0.5286018848
   800     0.0476536466     0.6117470264
   801     0.0176311830     0.6160421371
   802     0.0256198757     0.5392010212
   803     0.0192037693     0.5877017975
   804     0.0161740308     0.5491659641
   805     0.0257619829     0.5868170261
   806     0.0280308951     0.5693738461
   807     0.0223659883     0.5443508625
   808     0.0336045800     0.5810990334
   809     0.0384161433     0.5866799355
   810     0.0330583202     0.5372970104
   811     0.0108838709     0.5281679630
   812     0.0286951440     0.5778591633
   813     0.0108661901     0.5435519218
   814     0.0201972990     0.5742278099
   815     0.0129890167     0.6181809902
   816     0.0206382856     0.5616221428
   817     0.0179428117     0.7166368961
   818     0.0246963734     0.7058811188
   819     0.0537140629     0.5239608288
   820     0.0170492775     0.5500419140
   821     0.0070292298     0.6218979359
   822     0.0244991993     0.5674130917
   823     0.0179942124     0.5605819225
   824     0.0081688107     0.5889830589
   825     0.0241759203     0.6056129932
   826     0.0179590654     0.5167858601
   827     0.0206372557     0.5379459858
   828     0.0095696928     0.5144078732
   829     0.0224405232     0.5419580936
   830     0.0059563754     0.5448720455
   831     0.0164571728     0.5820031166
   832     0.0119996341     0.6102259159
   833     0.0510904009     0.6317899227
   834     0.0343263700     0.6111180782
   835     0.0167781592     0.5972399712
   836     0.0253217343     0.5669469833
   837     0.0159297172     0.5219759941
   838     0.0278657687     0.5170888901
   839     0.0099714931     0.5353670120
   840     0.0163538431     0.5095560551
   841     0.0124020344     0.5124328136
   842     0.0132506477     0.5155639648
   843     0.0157339216     0.5275039673
   844     0.0213897243     0.5136070251
   845     0.0240705926     0.5155169964
   846     0.0160039333     0.5127489567
   847     0.0073288526     0.5201392174
   848     0.0180027989     0.5091061592
   849     0.0170155265     0.5234749317
   850     0.0206385235     0.5185639858
   851     0.0047718073     0.5164730549
   852     0.0310331081     0.5135309696
   853     0.0332639838     0.5239329338
   854     0.0495678881     0.5114779472
   855     0.0231289316     0.5229668617
   856     0.0135863546     0.5203039646
   857     0.0230885019     0.5231480598
   858     0.0041069032     0.5210158825
   859     0.0215693266     0.5198991299
   860     0.0240245234     0.5174689293
   861     0.0105771924     0.5255949497
   862     0.0197987087     0.5118288994
   863     0.0154918854     0.5150139332
   864     0.0408415346     0.5214679241
   865     0.0558620067     0.5178549290
   866     0.0138312727     0.5190448761
   867     0.0275964335     0.5176169872
   868     0.0164111749     0.5215799809
   869     0.0150756797     0.5204451084
   870     0.0422714044     0.5216970444
   871     0.0060603890     0.5416989326
   872     0.0211920911     0.5229279995
   873     0.0032107156     0.5421948433
   874     0.0258821227     0.5445868969
   875     0.0276196454     0.5436539650
   876     0.0110721918     0.5121059418
   877     0.0340503684     0.5213479996
   878     0.0055785705     0.5280699730
   879     0.0225321309     0.5237381458
   880     0.0162289443     0.5425469875
   881     0.0334664775     0.5278069973
   882     0.0056284983     0.5402300358
   883     0.0080813589     0.5526838303
   884     0.0206899687     0.5210390091
   885     0.0069138851     0.5314290524
   886     0.0306019690     0.5393190384
   887     0.0028314692     0.5535178185
   888     0.0282900773     0.5196888447
   889     0.0280133840     0.5643868446
   890     0.0153713446     0.5182950497
   891     0.0117402556     0.6492409706
   892     0.0150685762     0.6942570210
   893     0.0080331573     0.8911468983
   894     0.0079159801     0.6477780342
   895     0.0042027159     0.8314571381
   896     0.0066300587     0.5248868465
   897     0.0225700967     0.5263149738
   898     0.0034715921     0.6764280796
   899     0.0274335879     0.5801041126
   900     0.0100654864     0.5180211067
   901     0.0082343098     0.5191400051
   902     0.0119815935     0.5265560150
   903     0.0215074229     0.5300538540
   904     0.0171609141     0.5757968426
   905     0.0163344317     0.5348069668
   906     0.0169498865     0.5651171207
   907     0.0072974220     0.5709190369
   908     0.0073809128     0.5763769150
   909     0.0047696106     0.5356111526
   910     0.0160983271     0.5288109779
   911     0.0182837731     0.5618119240
   912     0.0081939004     0.5553810596
   913     0.0234288786     0.5277209282
   914     0.0064311158     0.5862948895
   915     0.0030946867     0.5834228992
   916     0.0245605355     0.5400538445
   917     0.0279727717     0.5321810246
   918     0.0049981316     0.5207018852
   919     0.0075406838     0.5923409462
   920     0.0123086429     0.7059929371
   921     0.0090725508     0.5211629868
   922     0.0077800246     0.6274921894
   923     0.0120691902     0.8460829258
   924     0.0221947994     0.7288148403
   925     0.0120304888     0.6989881992
   926     0.0123143744     0.5557508469
   927     0.0018234923     0.6530129910
   928     0.0049570591     0.5432109833
   929     0.0119024835     0.6875941753
   930     0.0149366985     0.6109018326
   931     0.0140958866     0.6551871300
   932     0.0116997376     0.5697729588
   933     0.0194181488     0.6155860424
   934     0.0063697719     0.5933661461
   935     0.0148033740     0.5206210613
   936     0.0149454811     0.5799119473
   937     0.0487105493     0.5123131275
   938     0.0216523970     0.5377130508
   939     0.0159103683     0.5168440342
   940     0.0181826709     0.5881240368
   941     0.0072976779     0.5914211273
   942     0.0063531383     0.6088900566
   943     0.0261789735     0.5205569267
   944     0.0363832421     0.5561819077
   945     0.0098066524     0.5414640903
   946     0.0074335594     0.5564448833
   947     0.0134577985     0.5266041756
   948     0.0103885836     0.5573499203
   949     0.0240638411     0.5323798656
   950     0.0177790985     0.5451490879
   951     0.0093370390     0.5292608738
   952     0.0095017064     0.5367369652
   953     0.0040705535     0.5295560360
   954     0.0171031264     0.5435650349
   955     0.0275467312     0.5305769444
   956     0.0049739725     0.5504879951
   957     0.0151452614     0.5142581463
   958     0.0351037862     0.5239100456
   959     0.0090661162     0.5126628876
   960     0.0356658693     0.5194518566
   961     0.0197576836     0.5134360790
   962     0.0220589467     0.5218131542
   963     0.0378586779     0.5213210583
   964     0.0321559822     0.5207679272
   965     0.0065779399     0.5108640194
   966     0.0151601168     0.5233709812
   967     0.0185654614     0.5115361214
   968     0.0132726076     0.5161719322
   969     0.0139564556     0.5161900520
   970     0.0161629861     0.5251679420
   971     0.0244044627     0.5229380131
   972     0.0084286670     0.5192120075
   973     0.0241513140     0.5241169930
   974     0.0186347205     0.5604069233
   975     0.0085917640     0.5356860161
   976     0.0118104551     0.5316569805
   977     0.0167375574     0.5842130184
   978     0.0109735172     0.5518000126
   979     0.0540373504     0.5446231365
   980     0.0336101621     0.5395851135
   981     0.0168884274     0.5103800297
   982     0.0093093160     0.5190408230
   983     0.0078502591     0.5132949352
   984     0.0124576827     0.5746631622
   985     0.0087038347     0.5477449894
   986     0.0106095617     0.5839471817
   987     0.0495907125     0.5459160805
   988     0.0225055806     0.5542590618
   989     0.0187075740     0.5329678059
   990     0.0158843103     0.5347490311
   991     0.0115027955     0.5502488613
   992     0.0142068244     0.5190329552
   993     0.0015659832     0.5099000931
   994     0.0275160546     0.5377919674
   995     0.0136931591     0.5116150379
   996     0.0081537298     0.5497500896
   997     0.0487024904     0.5271949768
   998     0.0295411989     0.5145318508
   999     0.0053795386     0.5163159370
  1000     0.0125618384     0.5248470306
  1001     0.0140623028     0.5534219742
  1002     0.0110017299     0.5506780148
  1003     0.0099955944     0.5151531696
  1004     0.0113582233     0.5354070663
  1005     0.0056081547     0.5681869984
  1006     0.0136534754     0.5591387749
  1007     0.0130884091     0.5873301029
  1008     0.0032720584     0.5581290722
  1009     0.0153489146     0.5266549587
  1010     0.0068565246     0.5602660179
  1011     0.0154599183     0.5310921669
  1012     0.0201810899     0.5497698784
  1013     0.0218347660     0.5358059406
  1014     0.0061614414     0.5537779331
  1015     0.0288405829     0.5318911076
  1016     0.0217193533     0.5333399773
  1017     0.0038546237     0.5487499237
  1018     0.0070644183     0.5348801613
  1019     0.0134383343     0.5352520943
  1020     0.0038439203     0.5382480621
  1021     0.0106490321     0.5259971619
  1022     0.0112041775     0.5351099968
  1023     0.0149171114     0.5226738453
  1024     0.0071128823     0.5474681854
  1025     0.0181954317     0.5359377861
  1026     0.0055449920     0.5422079563
  1027     0.0105258190     0.5223131180
  1028     0.0136090946     0.5202970505
  1029     0.0054631437     0.5200350285
  1030     0.0194037283     0.5243492126
  1031     0.0130095623     0.5402710438
  1032     0.0089973338     0.5292928219
  1033     0.0168564894     0.5352599621
  1034     0.0027161415     0.5426361561
  1035     0.0084906609     0.5302121639
  1036     0.0198245697     0.6294929981
  1037     0.0194895316     0.5324740410
  1038     0.0048308375     0.5289268494
  1039     0.0082406266     0.5276069641
  1040     0.0080378954     0.5409760475
  1041     0.0102126890     0.5287311077
  1042     0.0223410051     0.5362410545
  1043     0.0060434193     0.5412311554
  1044     0.0027428877     0.5393309593
  1045     0.0172898428     0.5284810066
  1046     0.0020715259     0.5372989178
  1047     0.0036311444     0.5397250652
  1048     0.0062306371     0.5252859592
  1049     0.0124651049     0.5239369869
  1050     0.0124270486     0.5196847916
  1051     0.0078643457     0.5138180256
  1052     0.0128978081     0.5179710388
  1053     0.0080295556     0.5243949890
  1054     0.0069876245     0.5250818729
  1055     0.0194358271     0.5205619335
  1056     0.0252001505     0.5159358978
  1057     0.0044568134     0.5213940144
  1058     0.0149555677     0.5268440247
  1059     0.0090040498     0.5412540436
  1060     0.0062199489     0.5497210026
  1061     0.0111870976     0.5334360600
  1062     0.0038957164     0.5333211422
  1063     0.0099602870     0.5138580799
  1064     0.0201238942     0.5339288712
  1065     0.0180478531     0.5187561512
  1066     0.0129208151     0.5181069374
  1067     0.0087399706     0.5173368454
  1068     0.0052838916     0.5180389881
  1069     0.0151229307     0.5477831364
  1070     0.0013847264     0.5292408466
  1071     0.0096398320     0.5436749458
  1072     0.0188691519     0.5332899094
  1073     0.0066225169     0.5132050514
  1074     0.0052096190     0.5245020390
  1075     0.0056015518     0.5277948380
  1076     0.0061051758     0.5237228870
  1077     0.0051304441     0.5165410042
  1078     0.0063179736     0.5229640007
  1079     0.0255272171     0.5208811760
  1080     0.0134980063     0.6265149117
  1081     0.0138931111     0.5513899326
  1082     0.0147424757     0.5108840466
  1083     0.0110144233     0.5181128979
  1084     0.0072808305     0.5250520706
  1085     0.0078944536     0.5183188915
  1086     0.0056506617     0.5670769215
  1087     0.0193297205     0.5249910355
  1088     0.0133264885     0.5378119946
  1089     0.0105261124     0.5187201500
  1090     0.0130907703     0.5368368626
  1091     0.0142329931     0.5542118549
  1092     0.0186084450     0.5233020782
  1093     0.0066209463     0.5502171516
  1094     0.0049608149     0.5361502171
  1095     0.0075208736     0.5238559246
  1096     0.0104131678     0.5386078358
  1097     0.0190296484     0.5220589638
  1098     0.0061269472     0.6378500462
  1099     0.0096935266     0.5857601166
  1100     0.0225347942     0.5427858829
  1101     0.0134011104     0.5815269947
  1102     0.0141156513     0.5848679543
  1103     0.0061900416     0.5856339931
  1104     0.0133042489     0.6486020088
  1105     0.0030639402     0.5401420593
  1106     0.0077222217     0.5550050735
  1107     0.0079485257     0.5162079334
  1108     0.0040083760     0.5149579048
  1109     0.0041318698     0.5123569965
  1110     0.0201611517     0.5600869656
  1111     0.0144316013     0.6232290268
  1112     0.0145147795     0.5334119797
  1113     0.0052180305     0.5281817913
  1114     0.0040009689     0.5334079266
  1115     0.0138964039     0.5184180737
  1116     0.0097120537     0.5289559364
  1117     0.0114507276     0.5179719925
  1118     0.0071560316     0.5246198177
  1119     0.0102288529     0.5195398331
  1120     0.0107474570     0.5525219440
  1121     0.0068679282     0.5237300396
  1122     0.0063131965     0.5318579674
  1123     0.0088880838     0.5164480209
  1124     0.0175409030     0.5399720669
  1125     0.0112200121     0.5422341824
  1126     0.0042295137     0.5407478809
  1127     0.0081337478     0.5616030693
  1128     0.0017309676     0.5522119999
  1129     0.0034500204     0.5390701294
  1130     0.0061035337     0.5229499340
  1131     0.0044996196     0.5119531155
  1132     0.0124316102     0.5285780430
  1133     0.0140021012     0.5225181580
  1134     0.0201609426     0.5197579861
  1135     0.0070505127     0.5233919621
  1136     0.0034001765     0.5267169476
  1137     0.0094046133     0.5358757973
  1138     0.0034757013     0.5360708237
  1139     0.0057507222     0.5184550285
  1140     0.0077539489     0.5296750069
  1141     0.0112126569     0.5151991844
  1142     0.0137206283     0.5397100449
  1143     0.0059710145     0.5336768627
  1144     0.0118272793     0.5314781666
  1145     0.0023904362     0.5168039799
  1146     0.0103942605     0.5567429066
  1147     0.0055226181     0.5364420414
  1148     0.0174204975     0.5440349579
  1149     0.0126967325     0.5157477856
  1150     0.0036754123     0.5448470116
  1151     0.0132699992     0.5371091366
  1152     0.0020538912     0.5285789967
  1153     0.0080124813     0.5293090343
  1154     0.0056644761     0.5277950764
  1155     0.0044240483     0.6280710697
  1156     0.0096858073     0.5832998753
  1157     0.0029935053     0.6248149872
  1158     0.0199057278     0.5546591282
  1159     0.0022146056     0.5413439274
  1160     0.0086802812     0.5419130325
  1161     0.0088038777     0.5341939926
  1162     0.0029087209     0.5466549397
  1163     0.0051072313     0.5239799023
  1164     0.0073321705     0.5242071152
  1165     0.0053762170     0.5097091198
  1166     0.0142320768     0.5365798473
  1167     0.0052998195     0.5421221256
  1168     0.0104346642     0.5391259193
  1169     0.0034875486     0.5152487755
  1170     0.0024692320     0.5326521397
  1171     0.0062836033     0.5151300430
  1172     0.0195582004     0.5350389481
  1173     0.0158450838     0.5178852081
  1174     0.0060391172     0.5277838707
  1175     0.0110723675     0.5122380257
  1176     0.0096352323     0.5393829346
  1177     0.0105367499     0.5235440731
  1178     0.0061377290     0.5418548584
  1179     0.0038182172     0.5477659702
  1180     0.0043073197     0.5389068127
  1181     0.0061040882     0.5172669888
  1182     0.0156669109     0.5592689514
  1183     0.0048244112     0.5358979702
  1184     0.0028351637     0.5442960262
  1185     0.0090243319     0.5388150215
  1186     0.0068895753     0.5283389091
  1187     0.0037545985     0.5109398365
  1188     0.0155570945     0.5418641567
  1189     0.0257174279     0.5283019543
  1190     0.0032102073     0.5617630482
  1191     0.0036524717     0.5197339058
  1192     0.0032481629     0.5252587795
  1193     0.0031723364     0.5483851433
  1194     0.0048772768     0.5294730663
  1195     0.0024942762     0.5219230652
  1196     0.0055344256     0.5432670116
  1197     0.0053797240     0.5415928364
  1198     0.0079833220     0.5367698669
  1199     0.0044159348     0.5388169289
  1200     0.0047364311     0.5368449688
  1201     0.0057330315     0.5143599510
  1202     0.0094600871     0.5264480114
  1203     0.0040778437     0.5167000294
  1204     0.0060142853     0.5377929211
  1205     0.0114545367     0.5154380798
  1206     0.0050062927     0.5290951729
  1207     0.0035356592     0.5149700642
  1208     0.0042919146     0.5656890869
  1209     0.0043866652     0.5119519234
  1210     0.0042585228     0.5539860725
  1211     0.0030964402     0.5263512135
  1212     0.0051198377     0.5258371830
  1213     0.0120572187     0.5272731781
  1214     0.0153262639     0.5401589870
  1215     0.0287727681     0.6121079922
  1216     0.0145788798     0.5712828636
  1217     0.0083969725     0.5325000286
  1218     0.0047448447     0.5467460155
  1219     0.0082851766     0.5257380009
  1220     0.0044586108     0.5241630077
  1221     0.0097522739     0.6106770039
  1222     0.0021602770     0.6387820244
  1223     0.0079376650     0.5615041256
  1224     0.0037190572     0.5309369564
  1225     0.0059287770     0.5305790901
  1226     0.0024061642     0.5244259834
  1227     0.0043745485     0.5222830772
  1228     0.0083309020     0.5369999409
  1229     0.0015966679     0.5335080624
  1230     0.0095406110     0.5571238995
  1231     0.0045428162     0.5290601254
  1232     0.0115631714     0.5619759560
  1233     0.0015391592     0.5284759998
  1234     0.0052663133     0.5458011627
  1235     0.0061270964     0.5269839764
  1236     0.0021277057     0.5469198227
  1237     0.0195655282     0.5400390625
  1238     0.0074220233     0.5733618736
  1239     0.0135501531     0.5244510174
  1240     0.0023796589     0.5465290546
  1241     0.0061572486     0.5483140945
  1242     0.0018972881     0.5421531200
  1243     0.0037976076     0.5438239574
  1244     0.0031472973     0.5534651279
  1245     0.0046054768     0.5188341141
  1246     0.0078051214     0.5628428459
  1247     0.0027375725     0.5318748951
  1248     0.0063127371     0.5533778667
  1249     0.0035390329     0.5562229156
  1250     0.0060175062     0.5522429943
  1251     0.0050312729     0.5350251198
  1252     0.0036287663     0.5397088528
  1253     0.0058710770     0.5445361137
  1254     0.0018983500     0.5446591377
  1255     0.0029753715     0.5097351074
  1256     0.0020937294     0.5225930214
  1257     0.0089832629     0.5128629208
  1258     0.0027874360     0.5346059799
  1259     0.0019943225     0.5163080692
  1260     0.0056734856     0.5394937992
  1261     0.0041998523     0.5225419998
  1262     0.0075542987     0.5445320606
  1263     0.0017911811     0.5338780880
  1264     0.0027210432     0.5508341789
  1265     0.0069346165     0.5221538544
  1266     0.0058278818     0.5538079739
  1267     0.0029944773     0.5143880844
  1268     0.0080220167     0.5430440903
  1269     0.0022197266     0.5248749256
  1270     0.0044914708     0.5239260197
  1271     0.0055351658     0.5135629177
  1272     0.0059960386     0.5263929367
  1273     0.0048998543     0.5161628723
  1274     0.0051404151     0.5234699249
  1275     0.0068837148     0.5229830742
  1276     0.0031176349     0.5314531326
  1277     0.0071022645     0.5141949654
  1278     0.0049382925     0.5308589935
  1279     0.0046014217     0.5186150074
  1280     0.0031629485     0.5258209705
  1281     0.0026610636     0.5386099815
  1282     0.0042092683     0.5303051472
  1283     0.0078724353     0.5167760849
  1284     0.0069599751     0.5422742367
  1285     0.0044610211     0.5304999352
  1286     0.0080934646     0.5312409401
  1287     0.0027008278     0.5147089958
  1288     0.0134196959     0.5494408607
  1289     0.0028079161     0.5198130608
  1290     0.0021555541     0.5238840580
  1291     0.0023919095     0.5193889141
  1292     0.0032613094     0.5422129631
  1293     0.0046363544     0.5105409622
  1294     0.0028221773     0.5373749733
  1295     0.0035764472     0.5260028839
  1296     0.0028181567     0.5320210457
  1297     0.0027798082     0.5259070396
  1298     0.0063097660     0.5224678516
  1299     0.0052560647     0.5188031197
  1300     0.0067287375     0.5257041454
  1301     0.0034863260     0.5287699699
  1302     0.0067383892     0.5296459198
  1303     0.0011922460     0.5098979473
  1304     0.0046412575     0.5570271015
  1305     0.0040925383     0.5186100006
  1306     0.0016371135     0.5519280434
  1307     0.0032576334     0.5528678894
  1308     0.0057599416     0.5406069756
  1309     0.0012710706     0.5264549255
  1310     0.0050635076     0.5807430744
  1311     0.0109929572     0.5220091343
  1312     0.0030373966     0.5514659882
  1313     0.0044906326     0.5107948780
  1314     0.0028597798     0.5318109989
  1315     0.0123641184     0.5104441643
  1316     0.0048309789     0.5492229462
  1317     0.0078340123     0.5356400013
  1318     0.0029036652     0.5548410416
  1319     0.0021082204     0.5145869255
  1320     0.0040125784     0.5473399162
  1321     0.0066119343     0.5330610275
  1322     0.0017427439     0.5468971729
  1323     0.0014135277     0.5385820866
  1324     0.0013556027     0.5255100727
  1325     0.0017871868     0.5432200432
  1326     0.0023129695     0.5514240265
  1327     0.0025620194     0.5468630791
  1328     0.0013362096     0.5304360390
  1329     0.0038100442     0.5128359795
  1330     0.0094070161     0.5516738892
  1331     0.0032334419     0.5132298470
  1332     0.0023883225     0.5449640751
  1333     0.0027575826     0.5181019306
  1334     0.0012737921     0.6308557987
  1335     0.0032784866     0.5189719200
  1336     0.0044936482     0.5797369480
  1337     0.0050226529     0.5679099560
  1338     0.0074067585     0.6742548943
  1339     0.0025261912     0.6821169853
  1340     0.0025404835     0.5864090919
  1341     0.0059947026     0.6848540306
  1342     0.0049757514     0.5616002083
  1343     0.0016022694     0.7833211422
  1344     0.0027096257     0.5657851696
  1345     0.0044104889     0.5282461643
  1346     0.0017257064     0.5269749165
  1347     0.0029360157     0.5222489834
  1348     0.0054053044     0.5566480160
  1349     0.0131739380     0.5157930851
  1350     0.0040981023     0.5268621445
  1351     0.0037696039     0.5108740330
  1352     0.0026697666     0.5238349438
  1353     0.0083160198     0.5269048214
  1354     0.0030052069     0.5434980392
  1355     0.0029461303     0.5331861973
  1356     0.0017549199     0.5401239395
  1357     0.0030374714     0.5214819908
  1358     0.0027190495     0.6235821247
  1359     0.0062020946     0.5175809860
  1360     0.0014520411     0.5932900906
  1361     0.0030551568     0.5806920528
  1362     0.0049881398     0.5214378834
  1363     0.0010185627     0.5489640236
  1364     0.0048554244     0.5337028503
  1365     0.0006937763     0.5283889771
