     1 0.18257436713596339461
     2 0.25675277151915149032
     3 0.21392467749023727497
     4 0.21451607037247852339
     5 0.19261101404004304927
     6 0.17708885124744788708
     7 0.18919155788944430618
     8 0.23894453034822638049
     9 0.19677507048923897903
    10 0.20334492391516822973
    11 0.18773611442653687087
    12 0.10025551161459714256
    13 0.07348136259619642008
    14 0.06242764245945421619
    15 0.06180637433154483051
    16 0.07520796535257699700
    17 0.06151113857027462606
    18 0.05887756451818580705
    19 0.05798679165016555614
    20 0.06257759944453364365
    21 0.05608695044480533493
    22 0.06197377603039528476
    23 0.05873319782560237901
    24 0.07024945743510060958
    25 0.05639810141246022479
    26 0.07997865244120194728
    27 0.05850333216548618542
    28 0.05105969740189036932
    29 0.05619767492107588525
    30 0.05964536593447923585
    31 0.04988874243114377327
    32 0.06463715677633972978
    33 0.05735202392486964118
    34 0.06362112478648908331
    35 0.05476397127694739020
    36 0.05905982315346181011
    37 0.04794592563183794343
    38 0.05257858115618983114
    39 0.05383182466638390673
    40 0.05878051325550997380
    41 0.05296100004435423669
    42 0.04953326618660253144
    43 0.05608823295488123140
    44 0.05361357844020658847
    45 0.06032156907041172356
    46 0.05283254350051390380
    47 0.05614369646403074426
    48 0.05635734363001286551
    49 0.04928159926649493261
    50 0.05045144901798440107
    51 0.05065766747878044929
    52 0.04738255798514189043
    53 0.04886371740119167806
    54 0.04801723356690092148
    55 0.04587891057216163249
    56 0.04593551183064166488
    57 0.04549424883241258433
    58 0.04393620731927170425
    59 0.04357424824739933311
    60 0.04369584593432144365
    61 0.04349682473628760371
    62 0.04362756000164642184
    63 0.05061258924664154002
    64 0.04325705385982250850
    65 0.04207316574895643424
    66 0.04265512230173022779
    67 0.04210021240644307855
    68 0.04113635779481875088
    69 0.04231725714484595863
    70 0.04109920679647784125
    71 0.04094199891847251360
    72 0.04127318312049611804
    73 0.04081491761936215795
    74 0.03913186071644953606
    75 0.03944868271067532989
    76 0.04059168738190933878
    77 0.03943730512634472524
    78 0.03926732107755576129
    79 0.03881125603385022355
    80 0.04055734009154553232
    81 0.03858710494736787566
    82 0.03898251023930955628
    83 0.03835770755472424354
    84 0.03963590530716611104
    85 0.03830180511682610561
    86 0.03727847979529709532
    87 0.03650818634285599856
    88 0.03784912363958130299
    89 0.03664232390296123798
    90 0.03885462876309848934
    91 0.03749803611549963611
    92 0.03730812505924130384
    93 0.03818476127589452707
    94 0.03519488568218949454
    95 0.03561032204719256911
    96 0.03513753956916770838
    97 0.03398071423016115616
    98 0.03451492483378219150
    99 0.03406337250988596826
   100 0.03366514996546580984
   101 0.03396898677063073246
   102 0.03416553701013923250
   103 0.03374026014925970984
   104 0.03322100092704710628
   105 0.03258232952064517296
   106 0.03214407672746057154
   107 0.03226872455289814257
   108 0.03313930153135719037
   109 0.03295145873460943176
   110 0.03140590862798053884
   111 0.03097760896132241426
   112 0.03105956153100956907
   113 0.03133311772276403673
   114 0.03146174502896887520
   115 0.02967745369438335931
   116 0.02915436136296116476
   117 0.02809150374082209842
   118 0.02774872591222377755
   119 0.02899220791542201150
   120 0.03225894030348305797
   121 0.02791437339353921784
   122 0.02811037267878050208
   123 0.02810954557333401188
   124 0.02718765959685267089
   125 0.02656016862248203672
   126 0.02611224986255436184
   127 0.02766720860428332693
   128 0.02642680151799442143
   129 0.02585361264832754594
   130 0.02596038779315295447
   131 0.02627206990861495964
   132 0.02488022141696317330
   133 0.02478579196002617113
   134 0.02497353880035761350
   135 0.02458108095414490712
   136 0.02512515970298581994
   137 0.02516969212703869599
   138 0.02506337942335836941
   139 0.02557433191643690082
   140 0.02576408763034114535
   141 0.02372622683445454322
   142 0.02510848694424408153
   143 0.02602752912905183930
   144 0.02287447929771228849
   145 0.02337155697532188395
   146 0.02290697975141522610
   147 0.02265590146117717543
   148 0.02281767864712444527
   149 0.02348413386911439929
   150 0.02262851599035430733
   151 0.02284146782797515443
   152 0.02257288087088585304
   153 0.02220532123723106474
   154 0.02144424738305844569
   155 0.02243847985357120753
   156 0.02170001950344049163
   157 0.02673179689034034523
   158 0.02227601303468801017
   159 0.02122374739678281955
   160 0.02048498784473390746
   161 0.02043354432699914791
   162 0.02080921184119189846
   163 0.02055611480320767431
   164 0.02074372511041591011
   165 0.02063062364803422075
   166 0.02142149685496421221
   167 0.02062485890068231284
   168 0.02113943213557446452
   169 0.02040234334966933502
   170 0.02197345087739947453
   171 0.02038925456868760991
   172 0.02077006819247734573
   173 0.02033683917396808538
   174 0.02037743837927959503
   175 0.01962257808774858087
   176 0.01867293270667525970
   177 0.01802567404115632682
   178 0.01765389832225956399
   179 0.01783249906354745021
   180 0.01814016029143181510
   181 0.01816000933374576493
   182 0.01798235115535070164
   183 0.01779652055451687656
   184 0.01905316667112862822
   185 0.01672414259244483364
   186 0.01688443668024261837
   187 0.01692527184425269421
   188 0.01693800015128722747
   189 0.01647203330888246178
   190 0.01669549767679090121
   191 0.01671861399335695941
   192 0.01653861805075567543
   193 0.01661061153683666275
   194 0.01686083074753585639
   195 0.01659704041186263815
   196 0.01593063931030053518
   197 0.01649368843707969823
   198 0.01629467598586604310
   199 0.01772673082411808931
   200 0.01578600401803767483
   201 0.01678429753148269823
   202 0.01686687333839491376
   203 0.01665798374685967254
   204 0.01580752619932138808
   205 0.01548287471430127675
   206 0.01533668692757710235
   207 0.01539620766897716563
   208 0.01793271108461304622
   209 0.01549396357429713884
   210 0.01491850952069088444
   211 0.01554026043313683908
   212 0.01432714676825060617
   213 0.01454117043015310667
   214 0.01502760253113884052
   215 0.01431517519496886860
   216 0.01456197351805216082
   217 0.01436067630402452708
   218 0.01501342392415583489
   219 0.01457849463629448325
   220 0.01456811128846360881
   221 0.01469572227313333326
   222 0.01425579977305110706
   223 0.01594700952268277017
   224 0.01472820063337750354
   225 0.01376707007573398783
   226 0.01568509603372549716
   227 0.01472371228931034295
   228 0.01470585668870572765
   229 0.01400935514207398563
   230 0.01352172267948017689
   231 0.01369170027905901310
   232 0.01436029357942021981
   233 0.01458251865618365867
   234 0.01321778720892597368
   235 0.01307521969230271419
   236 0.01356254985963032365
   237 0.01300950578096487717
   238 0.01391139947194402517
   239 0.01323446388794214182
   240 0.01391383054456327151
   241 0.01399600035890178305
   242 0.01310378325211047391
   243 0.01418670854019696108
   244 0.01331384224870998251
   245 0.01397688573170632886
   246 0.01371625377402144533
   247 0.01331084537903568302
   248 0.01341756180797092253
   249 0.01316396081140047518
   250 0.01297678386525850242
   251 0.01294604701023734268
   252 0.01297857538646900698
   253 0.01260380369396512691
   254 0.01230898568873539829
   255 0.01210865528830666095
   256 0.01188324984049136078
   257 0.01181453691838686704
   258 0.01184770408501239353
   259 0.01193948322063290331
   260 0.01175945821690347996
   261 0.01195724707610116427
   262 0.01241287667592904341
   263 0.01236215905513276918
   264 0.01150504288709923613
   265 0.01139913495365583139
   266 0.01148033275215006380
   267 0.01138321291412845021
   268 0.01146936899889046228
   269 0.01108890537083597611
   270 0.01085805132085897358
   271 0.01133544008196102695
   272 0.01077234180278976473
   273 0.01058692439798796306
   274 0.01048368363051508344
   275 0.01038714931981395660
   276 0.01065932445356965012
   277 0.01089722719482784895
   278 0.01066155850937145107
   279 0.01024865926648918339
   280 0.00995889402436704770
   281 0.01006207992895070437
   282 0.00990673030512234654
   283 0.00978023280403637549
   284 0.00977433538133103651
   285 0.01025070378641991520
   286 0.00979998251180370754
   287 0.00954660916020340714
   288 0.00953507890082483725
   289 0.01019124903596001046
   290 0.01001272691911463814
   291 0.00962825373188352582
   292 0.00917741386431922615
   293 0.00895180744749380676
   294 0.00885462805747996330
   295 0.00862404118543546976
   296 0.00885816799438296498
   297 0.00857372823487196657
   298 0.00846224582813008205
   299 0.00849389360205609657
   300 0.00822070197576308878
   301 0.00841208807942094364
   302 0.00840054997983989346
   303 0.00806827273425889807
   304 0.00788404318403254992
   305 0.00787829409855378936
   306 0.00787263697139591045
   307 0.00819775691409219479
   308 0.00787608224127675678
   309 0.00816158543124085971
   310 0.00790381080033242950
   311 0.00789624316584961600
   312 0.00842937000783363331
   313 0.00760648946716512703
   314 0.00767240650411331500
   315 0.00769047899247603684
   316 0.00783751570519284485
   317 0.00765844302837820519
   318 0.00781667699150922698
   319 0.00768541933570462965
   320 0.00747021340869584785
   321 0.00731665141622461074
   322 0.00744827431392164081
   323 0.00730604211018565704
   324 0.00780850368390723255
   325 0.00746798552523976217
   326 0.00717292986083344075
   327 0.00746701650525559337
   328 0.00753610004968043642
   329 0.00716687096361577625
   330 0.00703001385907185781
   331 0.00740240618164810828
   332 0.00704364001713528830
   333 0.00702443091501225251
   334 0.00721888068447034629
   335 0.00700338268262472481
   336 0.00705715305563222976
   337 0.00712000442615994857
   338 0.00704407740999961340
   339 0.00722776252684417288
   340 0.00723359465542064341
   341 0.00718760847522652117
   342 0.00707255531315809007
   343 0.00675735293776946484
   344 0.00675364737605869611
   345 0.00678878229669932758
   346 0.00655816885384011110
   347 0.00646416081615440105
   348 0.00649123489739622181
   349 0.00656363017195678213
   350 0.00647257532148574812
   351 0.00690099040588741143
   352 0.00644262103585014831
   353 0.00646645752972643383
   354 0.00666862542499845751
   355 0.00645371548698175489
   356 0.00651517781547493024
   357 0.00647248167547638444
   358 0.00652069734445893424
   359 0.00652828359444571418
   360 0.00639061807609992306
   361 0.00660872183877455038
   362 0.00650146626236288664
   363 0.00665334973573078296
   364 0.00683644394580907970
   365 0.00637645495544882784
   366 0.00627937253316354291
   367 0.00621378166272151290
   368 0.00657514322326809876
   369 0.00646396732482420328
   370 0.00651413306316820078
   371 0.00641045043684884165
   372 0.00615086266164972893
   373 0.00624020206556800960
   374 0.00635194831569477897
   375 0.00610062580742335922
   376 0.00619174567595215646
   377 0.00605363557203856401
   378 0.00611778303252727852
   379 0.00578916736791813737
   380 0.00572159515534842976
   381 0.00571898606414233436
   382 0.00557501417607001674
   383 0.00538675629720883255
   384 0.00537295518185479121
   385 0.00551063937620024230
   386 0.00539720683115976936
   387 0.00548700407679639929
   388 0.00547849688059434594
   389 0.00542554440732783728
   390 0.00628331199515433803
   391 0.00550376631358964318
   392 0.00517291164843915706
   393 0.00521383578346444089
   394 0.00552223602233720048
   395 0.00511185183720588594
   396 0.00509180156770228012
   397 0.00492757938450441319
   398 0.00522073347660025142
   399 0.00485761052579110428
   400 0.00472653440533229996
   401 0.00479952948508980889
   402 0.00478284706435791029
   403 0.00482900760749980975
   404 0.00482106900688088636
   405 0.00471103524585231737
   406 0.00477350011883476665
   407 0.00529647813585256474
   408 0.00512599993297136510
   409 0.00449960082740277593
   410 0.00454083383009482901
   411 0.00472424878775165851
   412 0.00460628014012878350
   413 0.00469583905543784208
   414 0.00472848749296948118
   415 0.00451091663405446194
   416 0.00437403446149580398
   417 0.00431075431078619363
   418 0.00435796362505426384
   419 0.00457781528422958762
   420 0.00481352141505136163
   421 0.00421641226153032875
   422 0.00466989937086990849
   423 0.00425796353130981648
   424 0.00414956672130307059
   425 0.00417569755196576381
   426 0.00411995350044259100
   427 0.00416091154712496837
   428 0.00454547587046508043
   429 0.00425350980721860179
   430 0.00397110267275389145
   431 0.00379972251942006008
   432 0.00381580662553080222
   433 0.00423363164111102610
   434 0.00378009087982745118
   435 0.00379113287278155017
   436 0.00394563411968712474
   437 0.00405429080370837535
   438 0.00372597578390270086
   439 0.00373150229501882386
   440 0.00385561701208682588
   441 0.00361232796319823409
   442 0.00404665059887378709
   443 0.00366074726435374094
   444 0.00355273665636610895
   445 0.00357335170089422612
   446 0.00336884630982854129
   447 0.00367235478039417904
   448 0.00341856504402252102
   449 0.00327928426756494713
   450 0.00338801972904711948
   451 0.00332791323167947860
   452 0.00342680731673068381
   453 0.00367554163440906526
   454 0.00320923527739078781
   455 0.00318103817017144699
   456 0.00317402684679982811
   457 0.00355319190525701847
   458 0.00319642746677532494
   459 0.00317384365593322785
   460 0.00318628327373474997
   461 0.00357207654994178177
   462 0.00312041425417818822
   463 0.00296684380943884867
   464 0.00299383979094676195
   465 0.00316973953230096674
   466 0.00294381087060757371
   467 0.00295660027851395082
   468 0.00285730668805604920
   469 0.00292942186230687063
   470 0.00279634034331380493
   471 0.00274505370663833976
   472 0.00277379914699040723
   473 0.00273564063185447858
   474 0.00272726679903237228
   475 0.00267423723943849539
   476 0.00275120086160778737
   477 0.00308245346641221329
   478 0.00240328285164260590
   479 0.00233598151383051546
   480 0.00257896793852766069
   481 0.00239090568346154997
   482 0.00224906126772391694
   483 0.00225870078452728579
   484 0.00218571274136171619
   485 0.00236271471752222927
   486 0.00218957166044700825
   487 0.00247561716622793967
   488 0.00250118620130086126
   489 0.00238584591133849788
   490 0.00220693224773750064
   491 0.00213785369563719921
   492 0.00246598334796364373
   493 0.00214066779809732235
   494 0.00225770354951259234
   495 0.00215231281384260439
   496 0.00229932540939961280
   497 0.00213735602528944933
   498 0.00210543401363674949
   499 0.00204436740359293517
   500 0.00192059484121104209
   501 0.00183350600061624137
   502 0.00186975195327220185
   503 0.00193250869030723118
   504 0.00203864098885438204
   505 0.00184316888999520910
   506 0.00188822106454731437
   507 0.00182839840771327391
   508 0.00188998565719054466
   509 0.00199088538289491062
   510 0.00240712302796858464
   511 0.00186235909256300875
   512 0.00191329675173906497
   513 0.00188962974714760625
   514 0.00204502240380340528
   515 0.00190910494504704822
   516 0.00194763135265382716
   517 0.00187706723377078339
   518 0.00179657077762690703
   519 0.00183805967861726065
   520 0.00188992428114806129
   521 0.00178662515010826893
   522 0.00180368672077548886
   523 0.00183996207467580991
   524 0.00182825514386393789
   525 0.00181902740006910997
   526 0.00202434712386981297
   527 0.00178918810614073025
   528 0.00187381086083863828
   529 0.00179963249323002519
   530 0.00208082842371173048
   531 0.00181031446545524633
   532 0.00173603967323911245
   533 0.00176561874451606777
   534 0.00196212030363498470
   535 0.00190360981992122457
   536 0.00191156500613801636
   537 0.00193930986570631974
   538 0.00179905024468374826
   539 0.00175140655461822488
   540 0.00174406635930999176
   541 0.00175661295012185625
   542 0.00174413091872839391
   543 0.00175737089346706646
   544 0.00174533971456592753
   545 0.00170280066997970905
   546 0.00169015439407687565
   547 0.00163808023239821968
   548 0.00164455276501338041
   549 0.00163739634717516248
   550 0.00158882078196863580
   551 0.00161633211172768922
   552 0.00168210416811624469
   553 0.00158724430289006006
   554 0.00159111474825657955
   555 0.00156425791553182992
   556 0.00160723493885851082
   557 0.00157379012914910725
   558 0.00155289057820761928
   559 0.00154136336159031630
   560 0.00151086965660753806
   561 0.00157214141291091227
   562 0.00151663896002006914
   563 0.00150476187260083563
   564 0.00152765982251606611
   565 0.00145903461129843971
   566 0.00147161981667823455
   567 0.00147489135501154695
   568 0.00142927875779734633
   569 0.00143640574447694361
   570 0.00142836787861441088
   571 0.00140685551841944825
   572 0.00153278831418135323
   573 0.00142516553394810919
   574 0.00140896205969610129
   575 0.00152939620800239279
   576 0.00139685917290152933
   577 0.00139335502125398597
   578 0.00143766609782401038
   579 0.00140002809515556636
   580 0.00145834678917034530
   581 0.00140184937424872548
   582 0.00138808111132543801
   583 0.00139437962308362274
   584 0.00135397101880739188
   585 0.00138522740647332890
   586 0.00134869532422651176
   587 0.00132073498905303593
   588 0.00128200969943918666
   589 0.00133304010113938351
   590 0.00132974379261221022
   591 0.00137919488583800021
   592 0.00128085079980306518
   593 0.00127638767486048447
   594 0.00127763740224477815
   595 0.00126960133044811546
   596 0.00129175640017476986
   597 0.00120898517323832114
   598 0.00123946165509599749
   599 0.00121454289985456856
   600 0.00117011810215369538
   601 0.00117445557458182616
   602 0.00118033172378287365
   603 0.00134184751038356502
   604 0.00117366195522349633
   605 0.00114609150834682916
   606 0.00111752256709858025
   607 0.00121355512075950922
   608 0.00115628353361648035
   609 0.00108298736447186511
   610 0.00106124699155484828
   611 0.00106873042482071500
   612 0.00107344950272667884
   613 0.00109776367374086353
   614 0.00108664364401748451
   615 0.00106931869980661466
   616 0.00116149318946458680
   617 0.00102953526035931965
   618 0.00106424739516665888
   619 0.00106413217211334806
   620 0.00103699956569983879
   621 0.00103156445238938117
   622 0.00105945979477214502
   623 0.00104818984751064211
   624 0.00105886935955521485
   625 0.00107013401448094957
   626 0.00103151620494039181
   627 0.00104263307459666202
   628 0.00107798455859783827
   629 0.00104203352033609294
   630 0.00106470017750588480
   631 0.00109750866371817251
   632 0.00102454103361253779
   633 0.00106883594877449687
   634 0.00104008528736947528
   635 0.00105259924213893085
   636 0.00101573584250449697
   637 0.00101600294675320709
   638 0.00102565618898612407
   639 0.00110069779695533168
   640 0.00111813926522261382
   641 0.00102539392379069312
   642 0.00100964427846368557
   643 0.00101672651395771441
   644 0.00100346218357723967
   645 0.00101569931825927062
   646 0.00099269517520399414
