     1 0.18257436713596339461
     2 0.25675277151915149032
     3 0.21392467749023727497
     4 0.21451607037247852339
     5 0.19261101404004304927
     6 0.17708885124744788708
     7 0.19467707377795981372
     8 0.24442535395151201993
     9 0.20198874162312038805
    10 0.20299602175430764284
    11 0.17843099097276790554
    12 0.12495746929695943084
    13 0.15734284526451994268
    14 0.16076519907771122386
    15 0.17975174794703902004
    16 0.19353460775004649452
    17 0.17099425768625295396
    18 0.14206896795107057385
    19 0.16826772591413566293
    20 0.18816844517803765768
    21 0.22822517702651792804
    22 0.06397930406360319289
    23 0.04921390076893926435
    24 0.05090849203878834717
    25 0.03954682161818899588
    26 0.03227335460314614823
    27 0.02783837348787863292
    28 0.01850767364736826889
    29 0.01300583339320600038
    30 0.01216592734261881525
    31 0.02853725740144542194
    32 0.01016494199948106761
    33 0.01032378978498707869
    34 0.02369142431765372536
    35 0.00919807464635012326
    36 0.00985077938087041902
    37 0.01468852961761053962
    38 0.02168334408411602340
    39 0.00656773086485841658
    40 0.00744386770379231507
    41 0.03185871701151778146
    42 0.00958276443858339412
    43 0.01645053153281578195
    44 0.00831481329112564518
    45 0.01640478572061631821
    46 0.00538940135212033922
    47 0.00616042436184250589
    48 0.01261148741141747062
    49 0.00566468015994138138
    50 0.01415174866636043083
    51 0.00475086348253615006
    52 0.00662665286386129784
    53 0.01519669685805115182
    54 0.00493883204020713080
    55 0.00503085112039331275
    56 0.00693166702928410712
    57 0.00458682661716324977
    58 0.00414687470121218212
    59 0.00334136074064365733
    60 0.00256721196566738873
    61 0.00307525681648202626
    62 0.00419335710505903091
    63 0.00213804660601699288
    64 0.00219171350442970772
    65 0.00225935621733952107
    66 0.00231073957517677342
    67 0.00210920336567859811
    68 0.00174993114302884000
    69 0.00137630887122828127
    70 0.00107669371622261603
    71 0.00103852892480921829
    72 0.00101321211660378705
    73 0.00094594362596113035
