     1     0.2924316327     0.5376598835
     2     0.5936957478     0.5134341717
     3     0.1518946606     0.5305330753
     4     0.4399397568     0.5308978558
     5     0.1941668624     0.5665509701
     6     0.3873428531     0.5496859550
     7     0.2315089999     0.5859320164
     8     0.3770178759     0.5676500797
     9     0.2429999223     0.5250320435
    10     0.3521690104     0.5070798397
    11     0.2668258679     0.5215768814
    12     0.5220387875     0.5155160427
    13     0.2009898630     0.5266649723
    14     0.3910205795     0.5201950073
    15     0.2317903905     0.5202019215
    16     0.3746148608     0.5083291531
    17     0.2499904403     0.5189189911
    18     0.3823722347     0.5068199635
    19     0.2487412091     0.5227317810
    20     0.3844868159     0.5061500072
    21     0.2741674495     0.5265240669
    22     0.2607540629     0.5059599876
    23     0.0922786208     0.5235228539
    24     0.2445305506     0.5056600571
    25     0.0932473570     0.5264060497
    26     0.2364622999     0.5073430538
    27     0.1024815519     0.5302288532
    28     0.2116320383     0.5109488964
    29     0.1262888958     0.5288608074
    30     0.2481526702     0.5075800419
    31     0.1938020344     0.5302448273
    32     0.2222831783     0.5055830479
    33     0.1194538491     0.5246510506
    34     0.2324341960     0.5061640739
    35     0.1110971634     0.5295181274
    36     0.2418201722     0.5076150894
    37     0.1082193276     0.5254280567
    38     0.2439498438     0.5092470646
    39     0.1336304774     0.5194270611
    40     0.1650508461     0.5077850819
    41     0.0534949714     0.5287311077
    42     0.1752581979     0.5132529736
    43     0.0444535695     0.5319850445
    44     0.1519997522     0.5119888783
    45     0.0666890957     0.5279500484
    46     0.1603362018     0.5077168941
    47     0.1623864301     0.5239429474
    48     0.1265994829     0.5080471039
    49     0.0959054653     0.5349688530
    50     0.1563322772     0.5142760277
    51     0.0679669982     0.5304729939
    52     0.1806664396     0.5071940422
    53     0.0501409839     0.5248789787
    54     0.1843181811     0.5155060291
    55     0.0740300581     0.5292780399
    56     0.1000026651     0.5115461349
    57     0.0228930575     0.5288739204
    58     0.0881242981     0.5085558891
    59     0.0349144605     0.5238261223
    60     0.1124960604     0.5088398457
    61     0.1145764693     0.5248148441
    62     0.0772367342     0.5061929226
    63     0.0496181108     0.5239830017
    64     0.0911785982     0.5083789825
    65     0.0374705872     0.5290670395
    66     0.0950602924     0.5079259872
    67     0.0400970449     0.5214591026
    68     0.1170693562     0.5043458939
    69     0.0456287886     0.5260620117
    70     0.0647899072     0.5069890022
    71     0.0151278290     0.5284190178
    72     0.0892918503     0.5079281330
    73     0.0946596550     0.5283849239
    74     0.0391903481     0.5118191242
    75     0.0445434716     0.5298118591
    76     0.0374297320     0.5053529739
    77     0.0480984285     0.5216679573
    78     0.0561711427     0.5060729980
    79     0.0358651694     0.5206367970
    80     0.0936155018     0.5176899433
    81     0.0259616190     0.5245130062
    82     0.0815266219     0.5132589340
    83     0.0868944266     0.5245289803
    84     0.0314094982     0.5072519779
    85     0.0367938646     0.5245630741
    86     0.0277711629     0.5132219791
    87     0.0422265423     0.5192539692
    88     0.0289821361     0.5146999359
    89     0.0475237188     0.5189969540
    90     0.0366096837     0.5062010288
    91     0.0674369774     0.5355889797
    92     0.0923604118     0.5115280151
    93     0.0977282165     0.5272591114
    94     0.0422405213     0.5087161064
    95     0.0476304212     0.5308480263
    96     0.0381998117     0.5059180260
    97     0.0534654739     0.5351459980
    98     0.0339469575     0.5060720444
    99     0.0642264757     0.5321578979
   100     0.0304674076     0.5140578747
   101     0.0176468960     0.5249569416
   102     0.0223723902     0.5121970177
   103     0.0133547764     0.5227398872
   104     0.0179468733     0.5068659782
   105     0.0160853098     0.5203049183
   106     0.0160722741     0.5051138401
   107     0.0180894626     0.5293998718
   108     0.0139238367     0.5105350018
   109     0.0201242402     0.5313541889
   110     0.0219090797     0.5093390942
   111     0.0236983500     0.5245368481
   112     0.0163386470     0.5147550106
   113     0.0181334400     0.5268011093
   114     0.0149264949     0.5158758163
   115     0.0197449644     0.5288960934
   116     0.0146070248     0.5080509186
   117     0.0207875647     0.5209400654
   118     0.0140894533     0.5054399967
   119     0.0243652388     0.5296409130
   120     0.0958842950     0.5114281178
   121     0.0978234227     0.5200009346
   122     0.0631621644     0.5136439800
   123     0.0303278678     0.5256059170
   124     0.0627565516     0.5050029755
   125     0.0390359729     0.5334548950
   126     0.0515514999     0.5118291378
   127     0.0777818285     0.5245928764
   128     0.0244000344     0.5140149593
   129     0.0201681653     0.5202379227
   130     0.0139667378     0.5071680546
   131     0.0165193397     0.5379459858
   132     0.0141227696     0.5117070675
   133     0.0164928615     0.5221791267
   134     0.0121489788     0.5122060776
   135     0.0183529923     0.5291109085
   136     0.0170026325     0.5075178146
   137     0.0250586916     0.5324940681
   138     0.0105580605     0.5120301247
   139     0.0203679194     0.5189759731
   140     0.0113216709     0.5072979927
   141     0.0198036824     0.5306620598
   142     0.0126631158     0.5058321953
   143     0.0191853680     0.5291678905
   144     0.0123146649     0.5109119415
   145     0.0225939218     0.5298309326
   146     0.0953979738     0.5062098503
   147     0.1007316889     0.5287868977
   148     0.0472006282     0.5072882175
   149     0.0487113489     0.5206239223
   150     0.0757567360     0.5072729588
   151     0.0559985400     0.5278439522
   152     0.0247367133     0.5166769028
   153     0.0142380550     0.5260691643
   154     0.0130017935     0.5149939060
   155     0.0118908522     0.5226228237
   156     0.0114969092     0.5104899406
   157     0.0135252896     0.5184080601
   158     0.0093539986     0.5094051361
   159     0.0155545406     0.5285179615
   160     0.0173925299     0.5053319931
   161     0.0190753627     0.5287470818
   162     0.0106482234     0.5121409893
   163     0.0148836986     0.5220229626
   164     0.0100816039     0.5080831051
   165     0.0161734485     0.5309259892
   166     0.0095199922     0.5156941414
   167     0.0197951628     0.5243680477
   168     0.0697616045     0.5087108612
   169     0.1290595236     0.5229320526
   170     0.0633764335     0.5161139965
   171     0.0435294998     0.5205268860
   172     0.0540898166     0.5166180134
   173     0.0803569216     0.5225920677
   174     0.0235326514     0.5154490471
   175     0.0130339931     0.5247230530
   176     0.0119948309     0.5112481117
   177     0.0104896920     0.5270080566
   178     0.0120762339     0.5124380589
   179     0.0105378424     0.5239639282
   180     0.0161884680     0.5160820484
   181     0.0178713009     0.5211160183
   182     0.0096545340     0.5123951435
   183     0.0134692643     0.5187230110
   184     0.0110357485     0.5133190155
   185     0.0128111808     0.5184390545
   186     0.0137871296     0.5116720200
   187     0.0131199017     0.5186018944
   188     0.1264876870     0.5083870888
   189     0.0744966995     0.5352771282
   190     0.0529097411     0.5113799572
   191     0.0837002580     0.5256299973
   192     0.0236986450     0.5150299072
   193     0.0131999867     0.5304148197
   194     0.0121740982     0.5124011040
   195     0.0106424117     0.5303549767
   196     0.0126170482     0.5133228302
   197     0.0103290147     0.5240669250
   198     0.0163544616     0.5096929073
   199     0.0180372944     0.5281519890
   200     0.0098655432     0.5123109818
   201     0.0135902418     0.5229039192
   202     0.0118538527     0.5173358917
   203     0.0123250634     0.5279529095
   204     0.0120959451     0.5151200294
   205     0.0085963708     0.5309150219
   206     0.0106735280     0.5090229511
   207     0.0086424308     0.5264770985
   208     0.0098146667     0.5181448460
   209     0.0093129495     0.5220890045
   210     0.0098274068     0.5203969479
   211     0.0093146054     0.5227379799
   212     0.0097953969     0.5174589157
   213     0.0093339741     0.5254759789
   214     0.0099264114     0.5158400536
   215     0.0104873589     0.5211470127
   216     0.0093593207     0.5174450874
   217     0.0098171713     0.5221340656
   218     0.0089635314     0.5123119354
   219     0.0102351160     0.5239908695
   220     0.0093435913     0.5124289989
   221     0.0099354054     0.5328080654
   222     0.0099207111     0.5168478489
   223     0.0096983009     0.5236151218
   224     0.1003627952     0.5101850033
   225     0.1056965102     0.5226972103
   226     0.0521626827     0.5140898228
   227     0.0536789368     0.5279500484
   228     0.0673162299     0.5125920773
   229     0.0403197296     0.5338041782
   230     0.0240158205     0.5075538158
   231     0.0131518948     0.5224699974
   232     0.0158718648     0.5188801289
   233     0.0072137285     0.5273740292
   234     0.0143021803     0.5147459507
   235     0.0089129650     0.5196180344
   236     0.0166794864     0.5123591423
   237     0.0179813539     0.5283520222
   238     0.0136841916     0.5155279636
   239     0.0107638084     0.5267701149
   240     0.0143430532     0.5175428391
   241     0.0131650490     0.5261731148
   242     0.0094387473     0.5141859055
   243     0.0083619456     0.5218188763
   244     0.0090289478     0.5328049660
   245     0.0085834128     0.5204951763
   246     0.0090695492     0.5139729977
   247     0.0085572070     0.5293049812
   248     0.0090377691     0.5144109726
   249     0.0085763462     0.5292398930
   250     0.0075224712     0.5061929226
   251     0.0113760431     0.5301411152
   252     0.0082535398     0.5180261135
   253     0.0094077026     0.5218529701
   254     0.0081856103     0.5091490746
   255     0.0094977808     0.5221059322
   256     0.0085857772     0.5134990215
   257     0.0091779638     0.5313811302
   258     0.0091630833     0.5082712173
   259     0.0089406730     0.5284509659
   260     0.1029569515     0.5112869740
   261     0.1050373603     0.5469980240
   262     0.0676820039     0.5107550621
   263     0.0400946234     0.5322809219
   264     0.0797461473     0.5102961063
   265     0.0298248216     0.5390679836
   266     0.0660974062     0.5335829258
   267     0.0499817147     0.5239779949
   268     0.0582896590     0.5341298580
   269     0.0853302663     0.5214660168
   270     0.0213221996     0.5263969898
   271     0.0109639043     0.5235998631
   272     0.0099476856     0.5356631279
   273     0.0083858493     0.5342509747
   274     0.0140560471     0.5357069969
   275     0.0157231824     0.5189940929
   276     0.0093179739     0.5151069164
   277     0.0102484147     0.5369980335
   278     0.0116918757     0.5337741375
   279     0.0109346153     0.5429780483
   280     0.0961529731     0.5154628754
   281     0.1016620597     0.5280649662
   282     0.0434830318     0.5091049671
   283     0.0541143158     0.5337140560
   284     0.0398766820     0.5223929882
   285     0.0660231576     0.5457580090
   286     0.0509015361     0.5152010918
   287     0.0825391098     0.5329341888
   288     0.0224922536     0.5561671257
   289     0.0121380919     0.5507340431
   290     0.0152264912     0.5667588711
   291     0.0168969800     0.5466020107
   292     0.0062921758     0.5170907974
   293     0.0156184536     0.5262370110
   294     0.0107057889     0.5803680420
   295     0.0142649431     0.5740728378
   296     0.0099322810     0.5216991901
   297     0.0064794947     0.5869269371
   298     0.0084081531     0.5239348412
   299     0.0066272620     0.6087849140
   300     0.0076077193     0.5953280926
   301     0.0072393511     0.5273292065
   302     0.0076910433     0.5866460800
   303     0.0071704273     0.6711940765
   304     0.0076595510     0.6895818710
   305     0.0071892792     0.7446680069
   306     0.0077887574     0.7276670933
   307     0.0083444727     0.7269170284
   308     0.0073162150     0.5220170021
   309     0.0075797347     0.5282959938
   310     0.0071030283     0.5161349773
   311     0.0078150772     0.5171339512
   312     0.0073441538     0.5642330647
   313     0.0076543024     0.6238760948
   314     0.0077954465     0.6920831203
   315     0.0075430250     0.5853149891
   316     0.1022469173     0.5499551296
   317     0.1076488118     0.5434780121
   318     0.0502256366     0.5142660141
   319     0.0594524061     0.5236489773
   320     0.0292707637     0.5265619755
   321     0.0822016200     0.5724020004
   322     0.0204002568     0.5245599747
   323     0.0100427417     0.5594499111
   324     0.0131347116     0.5265440941
   325     0.0148014127     0.5251970291
   326     0.0114224322     0.5549008846
   327     0.0093609530     0.5484662056
   328     0.0973668508     0.5126330853
   329     0.0993400680     0.5197291374
   330     0.0627405633     0.5164690018
   331     0.0337486688     0.5483150482
   332     0.0232721847     0.5311169624
   333     0.0124123927     0.5677649975
   334     0.0159362407     0.5235140324
   335     0.0172414615     0.5469429493
   336     0.0087447041     0.6117820740
   337     0.0142201574     0.5653030872
   338     0.0114432772     0.6000750065
   339     0.0145816869     0.5372340679
   340     0.0090105982     0.5164201260
   341     0.0055580721     0.5283379555
   342     0.0074847354     0.5249128342
   343     0.0057075748     0.5398838520
   344     0.0066900748     0.5207090378
   345     0.0063138910     0.5352840424
   346     0.0068667716     0.5303461552
   347     0.0061515924     0.5387139320
   348     0.0068629370     0.5267090797
   349     0.0061427855     0.5844001770
   350     0.0068672772     0.5875530243
   351     0.0074228477     0.7120761871
   352     0.0064094446     0.6592700481
   353     0.0066433992     0.7429950237
   354     0.0063223058     0.8224651814
   355     0.0067526917     0.5141799450
   356     0.0067362604     0.5169279575
   357     0.0064190770     0.5219781399
   358     0.0070912649     0.5258190632
   359     0.0064041012     0.5368359089
   360     0.0731653605     0.5185739994
   361     0.1324973695     0.5255069733
   362     0.0231056005     0.5324540138
   363     0.0122424551     0.5269770622
   364     0.0157698736     0.5167729855
   365     0.0170713068     0.5213010311
   366     0.0140853327     0.5195651054
   367     0.0116031092     0.5249569416
   368     0.0062734787     0.5177137852
   369     0.0054506142     0.5197649002
   370     0.0059278803     0.5234799385
   371     0.0056078776     0.5261011124
   372     0.0061324383     0.5167601109
   373     0.0054177182     0.5203380585
   374     0.0061288332     0.5216159821
   375     0.0054086817     0.5249419212
   376     0.0044868609     0.5208220482
   377     0.0083350562     0.5218830109
   378     0.0053271879     0.5342521667
   379     0.0062574547     0.5200428963
   380     0.0055679093     0.5313417912
   381     0.0060388807     0.5217580795
   382     0.0060019703     0.5135591030
   383     0.0056851596     0.5294511318
   384     0.0063571612     0.5261728764
   385     0.0056699975     0.5540609360
   386     0.1030084765     0.5357558727
   387     0.1083762813     0.5944590569
   388     0.0234281218     0.5235130787
   389     0.0130664730     0.5376830101
   390     0.0161621864     0.5507791042
   391     0.0178255340     0.5411140919
   392     0.0166064378     0.5565409660
   393     0.0102285444     0.5736827850
   394     0.0055504271     0.5236020088
   395     0.0040312510     0.5226089954
   396     0.0048769622     0.5148339272
   397     0.0045163738     0.5357429981
   398     0.0050614133     0.5130341053
   399     0.0043463207     0.5319681168
   400     0.0050576220     0.5441701412
   401     0.0043374705     0.5809669495
   402     0.0046100426     0.5161569118
   403     0.0048321712     0.5266411304
   404     0.0045178629     0.5170791149
   405     0.0049465047     0.6686758995
   406     0.0049309696     0.6023058891
   407     0.0046137380     0.5223329067
   408     0.0052859500     0.5247139931
   409     0.0045987862     0.5292928219
   410     0.0745132608     0.5336279869
   411     0.1372398577     0.5319597721
   412     0.0582573309     0.5270690918
   413     0.0891214009     0.5614559650
   414     0.0234690340     0.5163419247
   415     0.0131115189     0.6681761742
   416     0.0162034887     0.5301468372
   417     0.0178701899     0.5244050026
   418     0.0041761225     0.5658581257
   419     0.0043059895     0.5662169456
   420     0.0045861979     0.5814950466
   421     0.0039103163     0.5436530113
   422     0.0046018116     0.5297298431
   423     0.0038820612     0.5299301147
   424     0.0037091621     0.6922311783
   425     0.0048218400     0.6516559124
   426     0.0038587280     0.6839420795
   427     0.0046944237     0.6566960812
   428     0.0044563762     0.5441110134
   429     0.0041771120     0.5553081036
   430     0.0048301472     0.5294089317
   431     0.0041433692     0.5283329487
   432     0.1055428641     0.5412809849
   433     0.1074819918     0.5292689800
   434     0.0728363550     0.5346698761
   435     0.0399708153     0.5364539623
   436     0.0242268297     0.5261900425
   437     0.0133629039     0.5287351608
   438     0.0160961478     0.5656847954
   439     0.0074114640     0.5376629829
   440     0.0148880106     0.5160570145
   441     0.0087491533     0.5138700008
   442     0.0168904956     0.5149669647
   443     0.0181923631     0.5174860954
   444     0.0145473112     0.5211431980
   445     0.0103227069     0.5159788132
   446     0.0040575626     0.5228710175
   447     0.0037803753     0.5161778927
   448     0.0042830926     0.5158689022
   449     0.0035692437     0.5302119255
   450     0.0042799155     0.5194218159
   451     0.0035597794     0.5246541500
   452     0.0037725518     0.5264949799
   453     0.0041364175     0.5174441338
   454     0.0041581981     0.5163030624
   455     0.0038311118     0.5125348568
   456     0.0045082853     0.5164670944
   457     0.0038210533     0.5308790207
   458     0.1037987388     0.5267591476
   459     0.1093078254     0.5180358887
   460     0.0511444194     0.5284390450
   461     0.0617444601     0.5187530518
   462     0.0669462263     0.5198791027
   463     0.0542451450     0.5181381702
   464     0.1077878892     0.5109148026
   465     0.0409442900     0.5109529495
   466     0.0215199352     0.5124518871
   467     0.0111616398     0.5161349773
   468     0.0105202427     0.5168180466
   469     0.0082087637     0.5214650631
   470     0.0142537826     0.5199358463
   471     0.0159209180     0.5120780468
   472     0.0101678201     0.5160300732
   473     0.0097940394     0.5225799084
   474     0.0038862798     0.5130620003
   475     0.0036528924     0.5105090141
   476     0.0039355535     0.5202488899
   477     0.0036180138     0.5128300190
   478     0.0035997946     0.6434950829
   479     0.0040104097     0.5684711933
   480     0.0037690163     0.5430350304
   481     0.0039215327     0.5379889011
   482     0.0037509843     0.5460419655
   483     0.0042795889     0.5683720112
   484     0.1063129437     0.5948929787
   485     0.1082520714     0.5261960030
   486     0.0735880465     0.5207760334
   487     0.0407592834     0.5171780586
   488     0.0223151680     0.5303621292
   489     0.0119610063     0.5245621204
   490     0.0150494056     0.5702078342
   491     0.0167198944     0.5271289349
   492     0.0067672015     0.5240931511
   493     0.0147892572     0.5312240124
   494     0.0037050132     0.5356080532
   495     0.0038530840     0.5305619240
   496     0.0034187039     0.5361649990
   497     0.0042104325     0.5138070583
   498     0.0035518563     0.5353150368
   499     0.0041576259     0.5286231041
   500     0.0041285678     0.5316860676
   501     0.0039209340     0.5234479904
   502     0.0040897869     0.5284359455
   503     0.0032502706     0.5141770840
   504     0.0037924534     0.5162281990
   505     0.0033946432     0.5289518833
   506     0.0036219901     0.5244839191
   507     0.0035441942     0.5231981277
   508     0.0036368156     0.5371410847
   509     0.0035309688     0.5544569492
   510     0.0035627536     0.5305960178
   511     0.0036036238     0.5229940414
   512     0.0035837367     0.5161569118
   513     0.0037253533     0.5283970833
   514     0.0035564594     0.5270230770
   515     0.0036151516     0.5479431152
   516     0.0035186032     0.5243358612
   517     0.0036554748     0.5231380463
   518     0.0035660824     0.5370180607
   519     0.0036169211     0.5409829617
   520     0.0035222907     0.5252470970
   521     0.0036984954     0.5184998512
   522     0.1071320601     0.5330181122
   523     0.1091052773     0.5199058056
   524     0.0375235638     0.5271160603
   525     0.1143393836     0.5677280426
   526     0.0208752825     0.5237720013
   527     0.0105177674     0.5479290485
   528     0.0136097372     0.5216300488
   529     0.0152764383     0.5650420189
   530     0.0039518594     0.5429220200
   531     0.0033051652     0.5192010403
   532     0.0036621888     0.5399329662
   533     0.0037462089     0.5282151699
   534     0.0040064045     0.5830488205
   535     0.0037420179     0.6198458672
   536     0.0034299314     0.6677889824
   537     0.0031381509     0.5222411156
   538     0.0033093601     0.5216009617
   539     0.0032378066     0.5223820210
   540     0.0033272813     0.5331141949
   541     0.0032214855     0.6508958340
   542     0.0032532449     0.5304238796
   543     0.0032941150     0.5405108929
   544     0.0030913173     0.5223219395
   545     0.0035987652     0.5534510612
   546     0.0032082667     0.6376469135
   547     0.0033443244     0.6227269173
   548     0.0032068397     0.6143789291
   549     0.0033482207     0.6678469181
   550     0.0032565529     0.6620109081
   551     0.0033074331     0.5443429947
   552     0.0032127820     0.5298240185
   553     0.0033889866     0.5449309349
   554     0.1056196509     0.5383551121
   555     0.1075928682     0.5329790115
   556     0.0231083731     0.5302560329
   557     0.0122485811     0.5269019604
   558     0.0157724290     0.5452139378
   559     0.0170776499     0.5501120090
   560     0.0092330034     0.5315251350
   561     0.0134042349     0.5242362022
   562     0.0033347209     0.5199341774
   563     0.0038466036     0.5227868557
   564     0.0038694912     0.5168788433
   565     0.0036518538     0.5145871639
   566     0.0033096597     0.5142691135
   567     0.0029405140     0.5263390541
   568     0.0031526616     0.5220310688
   569     0.0030765989     0.5210750103
   570     0.0031683488     0.5197041035
   571     0.0030625117     0.5344769955
   572     0.0030942916     0.5242409706
   573     0.0031351618     0.5276620388
   574     0.0030886542     0.6079897881
   575     0.0031460327     0.5184831619
   576     0.0030502380     0.5158481598
   577     0.0031869160     0.5287418365
   578     0.0030976230     0.5291161537
   579     0.0031484564     0.5521421432
   580     0.0030538287     0.5215599537
   581     0.0032300334     0.5225489140
   582     0.1342685369     0.5181567669
   583     0.0822775495     0.5336029530
   584     0.0235938998     0.5162441730
   585     0.0127307544     0.5322310925
   586     0.0162581729     0.5171849728
   587     0.0175596061     0.5381040573
   588     0.0042113021     0.5186271667
   589     0.0033691540     0.5234827995
   590     0.0029746087     0.5221199989
   591     0.0029530429     0.5309510231
   592     0.0030153668     0.5125210285
   593     0.0029138867     0.5359439850
   594     0.0029434659     0.5122199059
   595     0.0029843806     0.5258791447
   596     0.0028883726     0.5121560097
   597     0.0030447047     0.5368020535
   598     0.0028768202     0.5135469437
   599     0.0030587282     0.5357649326
   600     0.0029447103     0.5150411129
   601     0.0029997625     0.5270860195
   602     0.0029030039     0.5196440220
   603     0.0030792514     0.5305171013
   604     0.1062218785     0.5152671337
   605     0.1116968750     0.5338537693
   606     0.0554717153     0.5210759640
   607     0.0622293536     0.5321140289
   608     0.0862461417     0.5115439892
   609     0.0672982263     0.5280821323
   610     0.0239008338     0.5142281055
   611     0.0135458920     0.5314650536
   612     0.0166344641     0.5177140236
   613     0.0183053873     0.5325920582
   614     0.0039015592     0.5123679638
   615     0.0036217674     0.5312299728
   616     0.0044234358     0.5173659325
   617     0.0035912913     0.5375819206
   618     0.0029550690     0.5190119743
   619     0.0028451978     0.5295240879
   620     0.0029754435     0.5309581757
   621     0.0028264240     0.5244371891
   622     0.0028823694     0.5130560398
   623     0.0029180899     0.5250968933
   624     0.0028508920     0.5220279694
   625     0.0029547995     0.5285618305
   626     0.0029100013     0.5126118660
   627     0.0029070824     0.5345499516
   628     0.0028424632     0.5125548840
   629     0.0030124049     0.5353469849
   630     0.0794045519     0.5114021301
   631     0.1387024710     0.5287311077
   632     0.0240582237     0.5104248524
   633     0.0136957941     0.5275149345
   634     0.0167916808     0.5184788704
   635     0.0184554628     0.5252850056
   636     0.0162498483     0.5208389759
   637     0.0087844546     0.5334320068
   638     0.0165840390     0.5182611942
   639     0.0115103666     0.5346579552
   640     0.0039176192     0.5141808987
   641     0.0036845770     0.5321688652
   642     0.0028810471     0.5192229748
   643     0.0028184258     0.5264029503
   644     0.0028099562     0.5190908909
   645     0.0028897097     0.5339331627
   646     0.0027983862     0.5220232010
   647     0.0029065125     0.5241761208
   648     0.0028077822     0.5188641548
   649     0.0029085119     0.5252280235
   650     0.0027654226     0.5224461555
   651     0.0029886528     0.5319149494
   652     0.0794577169     0.5176818371
   653     0.1388969182     0.5355949402
   654     0.0693407458     0.5128788948
   655     0.0570986999     0.5325109959
   656     0.0634514338     0.5129559040
   657     0.0905288173     0.5284430981
   658     0.0228933160     0.5140287876
   659     0.0125342400     0.5241820812
   660     0.0156265560     0.5143139362
   661     0.0172941258     0.5274980068
   662     0.0126104912     0.5191559792
   663     0.0131574521     0.5326499939
   664     0.0043236809     0.5222899914
   665     0.0032955286     0.5269811153
   666     0.0041895021     0.5198848248
   667     0.0034440996     0.5280508995
   668     0.0040699038     0.5205390453
   669     0.0037006707     0.5224449635
   670     0.0038193759     0.5111980438
   671     0.0042912278     0.5252799988
   672     0.0028226430     0.5227689743
   673     0.0027548273     0.5289680958
   674     0.0028165038     0.5139138699
   675     0.0027611631     0.5329577923
   676     0.0027374101     0.5185801983
   677     0.0028454859     0.5284841061
   678     0.0027814758     0.5178990364
   679     0.0028128136     0.5355899334
   680     0.1081224906     0.5172560215
   681     0.1102369896     0.5342490673
   682     0.0709433868     0.5191020966
   683     0.0471984084     0.5287311077
   684     0.0874200869     0.5183119774
   685     0.0665650092     0.5276720524
   686     0.0020686438     0.5210659504
   687     0.0333686106     0.5315830708
   688     0.0036726054     0.5135519505
   689     0.0033524605     0.5351901054
   690     0.0035517085     0.5177419186
   691     0.0036103381     0.5263979435
   692     0.0034917352     0.5133619308
   693     0.0040103364     0.5353369713
   694     0.0028172462     0.5233409405
   695     0.0027042006     0.5236542225
   696     0.0027885127     0.5119330883
   697     0.0027331292     0.5341620445
   698     0.0027561201     0.5214700699
   699     0.0027821441     0.5238730907
   700     0.1050212284     0.5211310387
   701     0.1137836205     0.5349409580
   702     0.0394261224     0.5128929615
   703     0.0791610405     0.5323779583
   704     0.0242619334     0.5173110962
   705     0.0137599216     0.5251140594
   706     0.0144507500     0.5238771439
   707     0.0094889838     0.5297720432
   708     0.0152183707     0.5189449787
   709     0.0088509141     0.5273728371
   710     0.0169179671     0.5194001198
   711     0.0185970122     0.5342600346
   712     0.0125196746     0.5203959942
   713     0.0120593344     0.5336151123
   714     0.0037730561     0.5234718323
   715     0.0023485270     0.5280458927
   716     0.0028742253     0.5170109272
   717     0.0018710136     0.5228989124
   718     0.0024431493     0.5131518841
   719     0.0021137530     0.5250709057
   720     0.0026431095     0.5179979801
   721     0.0019281905     0.5349819660
   722     0.0026394049     0.5116410255
   723     0.0019192534     0.5252511501
   724     0.0028220969     0.5185790062
   725     0.0030209352     0.5285398960
   726     0.0022036511     0.5138618946
   727     0.0024021276     0.5258419514
   728     0.0021013897     0.5125470161
   729     0.0025265432     0.5332579613
   730     0.0025128007     0.5132179260
   731     0.0021954726     0.5279450417
   732     0.0028677328     0.5135250092
   733     0.0021805691     0.5375621319
   734     0.1328070171     0.5155391693
   735     0.0842106171     0.5298731327
   736     0.0230291769     0.5128090382
   737     0.0125312990     0.5276789665
   738     0.0113063709     0.5127470493
   739     0.0101719834     0.5385191441
   740     0.0156856008     0.5131919384
   741     0.0173679993     0.5334458351
   742     0.0093635728     0.5187361240
   743     0.0127540563     0.5287549496
   744     0.0030982822     0.5183420181
   745     0.0026280315     0.5358619690
   746     0.0020002891     0.5163090229
   747     0.0021613478     0.5270838737
   748     0.0024258737     0.5104651451
   749     0.0017501656     0.5339071751
   750     0.0024415742     0.5119850636
   751     0.0017218237     0.5253069401
   752     0.0022763207     0.5225679874
   753     0.0031714576     0.5315840244
   754     0.0015607508     0.5121538639
   755     0.0026497762     0.5316109657
   756     0.0017002346     0.5201549530
   757     0.0025324420     0.5297091007
   758     0.0022961870     0.5191400051
   759     0.0020168263     0.5271430016
   760     0.0026699098     0.5125310421
   761     0.0019831318     0.5307819843
   762     0.0801930201     0.5213580132
   763     0.1394909391     0.5292301178
   764     0.0237244692     0.5130259991
   765     0.0128613238     0.5330169201
   766     0.0153955278     0.5219209194
   767     0.0071081430     0.5286450386
   768     0.0163887423     0.5161149502
   769     0.0176901755     0.5236420631
   770     0.0031361723     0.5117077827
   771     0.0019696226     0.5255100727
   772     0.0018935552     0.5136299133
   773     0.0016475598     0.5271759033
   774     0.0021345946     0.5143690109
   775     0.0014209192     0.5369110107
   776     0.0021315042     0.5164139271
   777     0.0014113681     0.5357408524
   778     0.0023201171     0.5200481415
   779     0.0025071287     0.5344681740
   780     0.0016258845     0.5120449066
   781     0.0019862620     0.5311229229
   782     0.0020098351     0.5205481052
   783     0.0016826523     0.5289769173
   784     0.0023598740     0.5157549381
   785     0.0016726420     0.5252430439
   786     0.1072724415     0.5145111084
   787     0.1127815282     0.5243320465
   788     0.0545997337     0.5225021839
   789     0.0652365511     0.5315949917
   790     0.0451271825     0.5164859295
   791     0.0830115932     0.5345289707
   792     0.0212162240     0.5135259628
   793     0.0108587089     0.5327508450
   794     0.0139506787     0.5215821266
   795     0.0156173798     0.5231759548
   796     0.0029867896     0.5187849998
   797     0.0018202399     0.5253219604
   798     0.0017222723     0.5130560398
   799     0.0015200768     0.5364069939
   800     0.0017870555     0.5134079456
   801     0.0014696894     0.5310161114
   802     0.0021707344     0.5183200836
   803     0.0023577460     0.5254180431
   804     0.0014531273     0.5161490440
   805     0.0018602541     0.5391900539
   806     0.0016206533     0.5636777878
   807     0.0017730732     0.5453739166
   808     0.0016025730     0.5219819546
   809     0.0021311776     0.5387670994
   810     0.1069109963     0.5207240582
   811     0.1157074781     0.5345761776
   812     0.0393988780     0.5163440704
   813     0.0830019069     0.5400090218
   814     0.0349497666     0.5314760208
   815     0.0957535104     0.5360298157
   816     0.0614099141     0.5632948875
   817     0.0968341739     0.5689179897
   818     0.0234164977     0.5913498402
   819     0.0134201166     0.5362150669
   820     0.0161427133     0.5241160393
   821     0.0181870262     0.5329260826
   822     0.0083505553     0.6941330433
   823     0.0150432121     0.6511559486
   824     0.0029961110     0.6676001549
   825     0.0018300207     0.5921840668
   826     0.0015410925     0.5371110439
   827     0.0017203553     0.5539588928
   828     0.0021800992     0.5363070965
   829     0.0023674834     0.5429480076
   830     0.0012721233     0.5306999683
   831     0.0020603637     0.5446879864
   832     0.0014035801     0.5248479843
   833     0.0020092533     0.5347151756
   834     0.0019802434     0.5323121548
   835     0.0017726096     0.5323441029
   836     0.0017160362     0.5242049694
   837     0.0013271865     0.5176169872
   838     0.0015580503     0.5167109966
   839     0.0013322288     0.5221550465
   840     0.0014683799     0.5182809830
   841     0.0014009815     0.5320551395
   842     0.0014883754     0.5442409515
   843     0.0013825865     0.5523920059
   844     0.0014143423     0.5259540081
   845     0.0014552125     0.5605528355
   846     0.0014749641     0.5240170956
   847     0.0015373010     0.5259821415
   848     0.0014119906     0.5272169113
   849     0.0014627986     0.5533680916
   850     0.0013707731     0.5334019661
   851     0.0015064821     0.5450580120
   852     0.0014176872     0.5283780098
   853     0.0014684938     0.5388290882
   854     0.0013738794     0.5237560272
   855     0.0015500841     0.5192670822
   856     0.0996512655     0.5189850330
   857     0.1084136576     0.5201258659
   858     0.0340589262     0.5241961479
   859     0.0737883107     0.5292651653
   860     0.0794258839     0.5191409588
   861     0.0642646542     0.5227901936
   862     0.0224607031     0.5229668617
   863     0.0120990543     0.5144450665
   864     0.0151947677     0.5333821774
   865     0.0168581153     0.5221939087
   866     0.0028676076     0.5246570110
   867     0.0016609328     0.5226919651
   868     0.0017896829     0.5153059959
   869     0.0011741806     0.5429759026
   870     0.0020524675     0.5203101635
   871     0.0021975230     0.5589098930
   872     0.0015156565     0.5864870548
   873     0.0015995801     0.5463769436
   874     0.0018598238     0.5163478851
   875     0.0015954373     0.5913808346
   876     0.1274398209     0.5512130260
   877     0.0788434208     0.5313429832
   878     0.0785534316     0.5240828991
   879     0.0633554253     0.8444719315
   880     0.0027415742     0.8848071098
   881     0.0015910801     0.7652931213
   882     0.0019342325     0.5953037739
   883     0.0021198728     0.6002810001
   884     0.0012037845     0.6052708626
   885     0.0017155707     0.6747031212
   886     0.0017385065     0.5408809185
   887     0.0015208692     0.6167078018
   888     0.1327627278     0.5735929012
   889     0.0842004175     0.6176810265
   890     0.0586006378     0.5146920681
   891     0.0939881214     0.5293951035
   892     0.0242779680     0.5344319344
   893     0.0139163192     0.5338809490
   894     0.0170120326     0.5208601952
   895     0.0186753802     0.5233261585
   896     0.0027713645     0.5258610249
   897     0.0016204977     0.5320680141
   898     0.0019640469     0.5266041756
   899     0.0021492663     0.5193629265
   900     0.0020803657     0.5781528950
   901     0.0012382177     0.5301759243
   902     0.0014761728     0.5495498180
   903     0.0010926748     0.5147998333
   904     0.0013004946     0.5394520760
   905     0.0011154103     0.5187699795
   906     0.0011602053     0.5366420746
   907     0.0012347813     0.5210402012
   908     0.0011730029     0.5260920525
   909     0.0012235827     0.5229139328
   910     0.0012520531     0.5250458717
   911     0.0011431249     0.5388510227
   912     0.0012380051     0.5268750191
   913     0.0012998849     0.5218110085
   914     0.0011793355     0.5222070217
   915     0.0012210789     0.5120749474
   916     0.0011011501     0.5150840282
   917     0.0013017212     0.5298509598
   918     0.0011206070     0.5254099369
   919     0.0012912024     0.5202291012
   920     0.0012610680     0.5557489395
   921     0.0011885208     0.5253989697
   922     0.1373187102     0.5632700920
   923     0.0853277227     0.6112961769
   924     0.0240974309     0.6005818844
   925     0.0141051830     0.5491709709
   926     0.0168240362     0.6044728756
   927     0.0188717027     0.5430729389
   928     0.0028057976     0.5242190361
   929     0.0016549308     0.6180558205
   930     0.0019984800     0.5998389721
   931     0.0021836995     0.5285029411
   932     0.0011659758     0.5838899612
   933     0.0010869206     0.5415089130
   934     0.0010755786     0.5620269775
   935     0.0011563967     0.5568239689
   936     0.0010914716     0.6151480675
   937     0.0011421025     0.5339510441
   938     0.0011705473     0.5426621437
   939     0.0010616192     0.5473389626
   940     0.0009735894     0.5439031124
   941     0.0014012995     0.5946998596
   942     0.0010591461     0.5667932034
   943     0.0011782547     0.5322887897
   944     0.0010173897     0.5893530846
   945     0.0012224701     0.6284410954
   946     0.0010390806     0.6195859909
   947     0.0012097174     0.5183470249
   948     0.0011795623     0.5958428383
   949     0.0011070150     0.5832061768
