/*--------------------------------*- C++ -*----------------------------------*\
  =========                 |
  \\      /  F ield         | OpenFOAM: The Open Source CFD Toolbox
   \\    /   O peration     | Website:  https://openfoam.org
    \\  /    A nd           | Version:  7
     \\/     M anipulation  |
\*---------------------------------------------------------------------------*/
FoamFile
{
    version     2.0;
    format      ascii;
    class       volScalarField;
    location    "313";
    object      nuTilda;
}
// * * * * * * * * * * * * * * * * * * * * * * * * * * * * * * * * * * * * * //

dimensions      [0 2 -1 0 0 0 0];

internalField   nonuniform List<scalar> 
10720
(
0.091826
0.0963532
0.10144
0.106958
0.113224
0.120245
0.128163
0.136835
0.146217
0.155974
0.16563
0.174762
0.182547
0.188544
0.192678
0.195124
0.196089
0.195851
0.194533
0.192324
0.189208
0.185265
0.180535
0.175241
0.169787
0.16445
0.159224
0.153976
0.148609
0.143119
0.137503
0.131731
0.12577
0.119575
0.112972
0.105855
0.0971552
0.0874706
0.065091
0.0874897
0.0828018
0.0776864
0.0713637
0.0638038
0.0543649
0.0430702
0.0369969
0.0346864
0.0393075
0.0460861
0.0517617
0.0565546
0.0609556
0.0652368
0.0694843
0.0736776
0.0777608
0.0816794
0.0854181
0.0889904
0.092424
0.095748
0.0989606
0.101874
0.104267
0.106113
0.107464
0.108376
0.108875
0.109023
0.108948
0.108649
0.108068
0.107115
0.105774
0.103592
0.101029
0.0912358
0.100289
0.0998798
0.099184
0.0982225
0.0971917
0.0960197
0.0947883
0.0936081
0.0925992
0.0926829
0.0938182
0.0957346
0.0985231
0.102277
0.106987
0.112495
0.118715
0.125395
0.132384
0.139325
0.146084
0.152233
0.157466
0.161182
0.162911
0.162758
0.161147
0.15841
0.154878
0.15081
0.146402
0.141789
0.137075
0.132355
0.127734
0.123344
0.119352
0.116314
0.110544
0.100707
0.100803
0.101049
0.100811
0.100334
0.0995362
0.0981742
0.0958949
0.0929679
0.0893238
0.0852525
0.0811102
0.0770369
0.0730726
0.0693512
0.0659401
0.062892
0.0602285
0.0579654
0.0560888
0.0545883
0.0534421
0.0526261
0.0521028
0.0518462
0.0518169
0.0519492
0.052176
0.052442
0.0529202
0.0546299
0.0575736
0.0610311
0.0643787
0.0672999
0.069853
0.0719923
0.0759199
0.0792743
0.121575
0.121409
0.121035
0.120453
0.119779
0.118904
0.117828
0.116607
0.115195
0.113617
0.111945
0.11034
0.108939
0.107833
0.107013
0.106322
0.10579
0.105464
0.105297
0.104682
0.104567
0.105151
0.106629
0.108214
0.113743
0.120596
0.127307
0.133188
0.137974
0.141575
0.144021
0.145442
0.14602
0.14594
0.145389
0.144452
0.14342
0.141527
0.140579
0.121736
0.121678
0.121666
0.121398
0.120937
0.120251
0.119268
0.117952
0.116301
0.114291
0.111918
0.10925
0.10633
0.103174
0.0998751
0.0964777
0.0930448
0.0896219
0.0862618
0.0829787
0.0798011
0.0767254
0.0737615
0.0708184
0.0678473
0.0649107
0.0620487
0.059303
0.0567025
0.0542891
0.0520664
0.0506616
0.0507733
0.0520414
0.0539783
0.0563899
0.0591372
0.062257
0.067288
0.128697
0.128593
0.128389
0.12808
0.127707
0.127226
0.126632
0.125946
0.125135
0.124208
0.123161
0.121985
0.12068
0.119254
0.117751
0.11612
0.114265
0.112227
0.110008
0.107585
0.105021
0.102499
0.10022
0.0981924
0.096981
0.0968513
0.097674
0.101392
0.107316
0.114171
0.121265
0.128163
0.134565
0.140315
0.145412
0.149896
0.154064
0.157066
0.159675
0.128774
0.128765
0.128748
0.128607
0.128369
0.128004
0.127473
0.126751
0.125832
0.124697
0.12334
0.121774
0.120005
0.118023
0.11586
0.11353
0.11106
0.108476
0.105814
0.10309
0.100332
0.0975492
0.0947367
0.0918118
0.0887098
0.0854772
0.0821439
0.0787464
0.0753176
0.0718913
0.0684905
0.0651516
0.0620017
0.0592174
0.0567354
0.0558723
0.0564675
0.0575319
0.0606738
0.132288
0.132219
0.132083
0.131886
0.13165
0.131343
0.130967
0.130531
0.130015
0.129423
0.128752
0.12799
0.127132
0.126169
0.125087
0.123879
0.122512
0.120955
0.119162
0.117114
0.114774
0.112154
0.109291
0.106294
0.103317
0.100865
0.0987791
0.096819
0.0958556
0.0960272
0.0992983
0.105102
0.112435
0.12082
0.12987
0.139321
0.149128
0.159248
0.168432
0.132337
0.132328
0.132316
0.132223
0.132073
0.131836
0.131494
0.131036
0.130462
0.129762
0.128928
0.127965
0.126871
0.125632
0.124261
0.122752
0.121116
0.119357
0.11749
0.115519
0.113459
0.111308
0.109061
0.10665
0.104016
0.101183
0.0981658
0.094985
0.0916618
0.0882192
0.0846819
0.0810714
0.0774114
0.0737463
0.0700834
0.0665539
0.0634311
0.0604289
0.0596022
0.134342
0.134293
0.134203
0.134071
0.133908
0.133699
0.133443
0.133144
0.132793
0.132389
0.13193
0.131408
0.130819
0.130155
0.129404
0.128558
0.127598
0.126507
0.125252
0.123808
0.122129
0.120187
0.117945
0.115413
0.11268
0.109852
0.106994
0.104044
0.101207
0.0986505
0.0965934
0.0958233
0.0966791
0.101691
0.109512
0.119911
0.132721
0.149007
0.166894
0.134372
0.134365
0.134354
0.134289
0.134187
0.134023
0.133785
0.13347
0.133082
0.132612
0.132057
0.131421
0.130699
0.129883
0.128978
0.127977
0.126881
0.125689
0.124405
0.123027
0.121558
0.119993
0.11832
0.116487
0.11444
0.112186
0.109722
0.107054
0.104189
0.101135
0.0979039
0.094513
0.0909754
0.0873071
0.0835191
0.0795684
0.0754825
0.0708617
0.0645998
0.135653
0.135619
0.135553
0.135457
0.135339
0.135188
0.135003
0.134789
0.134537
0.134248
0.133919
0.133546
0.133124
0.132648
0.132108
0.131499
0.130805
0.130016
0.129109
0.128067
0.126858
0.125459
0.123837
0.121974
0.119895
0.117606
0.115102
0.112394
0.109496
0.10647
0.103314
0.100357
0.0976271
0.096225
0.0969379
0.102726
0.113138
0.130759
0.156149
0.135674
0.135666
0.135656
0.135606
0.135533
0.135413
0.135237
0.135007
0.134727
0.134392
0.134
0.133554
0.13305
0.132485
0.131858
0.131165
0.130404
0.129573
0.128672
0.127697
0.126648
0.125516
0.124291
0.12293
0.121391
0.119668
0.117752
0.115636
0.113315
0.110784
0.108043
0.105094
0.101942
0.0985885
0.0950349
0.091237
0.0871005
0.0825067
0.0737896
0.136554
0.136527
0.136479
0.136407
0.136317
0.136203
0.136064
0.135902
0.135713
0.135497
0.135251
0.134972
0.134656
0.1343
0.133896
0.133438
0.132917
0.132324
0.131643
0.130861
0.129958
0.128919
0.127722
0.12635
0.12481
0.123092
0.121163
0.119005
0.116593
0.113923
0.110989
0.107839
0.104483
0.101147
0.0981283
0.0967169
0.100156
0.112099
0.139479
0.136568
0.13656
0.136549
0.136509
0.136454
0.136362
0.136227
0.136051
0.135839
0.135589
0.1353
0.134972
0.134606
0.134198
0.133746
0.133248
0.1327
0.1321
0.131449
0.130741
0.129975
0.129143
0.128235
0.127221
0.126065
0.124761
0.123296
0.121658
0.119833
0.117811
0.115582
0.113137
0.110468
0.107567
0.10442
0.10099
0.0971151
0.0929263
0.0839298
0.137205
0.137185
0.137147
0.13709
0.13702
0.136931
0.136822
0.136697
0.136551
0.136384
0.136196
0.135981
0.13574
0.135468
0.13516
0.134811
0.134414
0.133963
0.133444
0.132847
0.132157
0.131361
0.130444
0.129397
0.128224
0.126914
0.125439
0.123769
0.121878
0.119738
0.117316
0.114584
0.111533
0.10816
0.104478
0.100656
0.0978634
0.100395
0.122304
0.137215
0.137207
0.137196
0.137163
0.137119
0.137047
0.136939
0.1368
0.136635
0.136441
0.136219
0.135971
0.135695
0.135389
0.135052
0.134682
0.134276
0.133832
0.133348
0.132821
0.132248
0.131623
0.130938
0.130168
0.12929
0.128295
0.127171
0.125905
0.124484
0.122893
0.121116
0.119139
0.116948
0.114526
0.111847
0.108875
0.105416
0.10171
0.0933365
0.137696
0.13768
0.137649
0.137603
0.137547
0.137475
0.137388
0.137288
0.137171
0.137039
0.13689
0.136721
0.13653
0.136316
0.136074
0.135799
0.135487
0.135132
0.134725
0.134259
0.133723
0.133105
0.132393
0.131581
0.130669
0.129651
0.128503
0.127203
0.125723
0.124034
0.1221
0.119886
0.117346
0.114423
0.111074
0.107125
0.102839
0.0979678
0.109762
0.137703
0.137695
0.137684
0.137654
0.137619
0.137561
0.137473
0.13736
0.137228
0.137073
0.136898
0.136704
0.13649
0.136254
0.135996
0.135714
0.135406
0.135069
0.134701
0.1343
0.133862
0.133383
0.132856
0.132262
0.131583
0.130813
0.12994
0.128954
0.127843
0.12659
0.125182
0.123601
0.121829
0.119846
0.11762
0.115116
0.112132
0.108933
0.101506
0.138077
0.138063
0.138038
0.138
0.137953
0.137894
0.137823
0.137741
0.137647
0.137539
0.137419
0.137283
0.13713
0.136959
0.136765
0.136547
0.136298
0.136016
0.135693
0.135322
0.134895
0.134404
0.133841
0.133198
0.132477
0.131672
0.130763
0.129733
0.128561
0.12722
0.12568
0.123903
0.121841
0.119435
0.116613
0.113155
0.109112
0.102605
0.10443
0.138083
0.138075
0.138063
0.138037
0.138008
0.137959
0.137886
0.137793
0.137684
0.137558
0.137417
0.137261
0.137091
0.136905
0.136703
0.136484
0.136244
0.135982
0.135697
0.135386
0.135046
0.134673
0.13426
0.133795
0.133262
0.132656
0.131969
0.131192
0.130314
0.129321
0.1282
0.126936
0.125509
0.123899
0.122073
0.119997
0.117478
0.114776
0.108386
0.138381
0.138369
0.138347
0.138315
0.138275
0.138226
0.138166
0.138098
0.13802
0.137931
0.137832
0.137721
0.137596
0.137456
0.137298
0.13712
0.136918
0.136689
0.136427
0.136128
0.135784
0.135389
0.134936
0.134422
0.133844
0.133199
0.132469
0.131642
0.130701
0.129624
0.128386
0.126955
0.125289
0.123328
0.121005
0.118114
0.114657
0.108914
0.104412
0.138386
0.138378
0.138366
0.138341
0.138317
0.138276
0.138214
0.138135
0.138044
0.13794
0.137824
0.137697
0.137559
0.13741
0.137248
0.137074
0.136884
0.136677
0.136452
0.136207
0.135938
0.135643
0.135316
0.134945
0.134522
0.134039
0.133491
0.132871
0.132169
0.131374
0.130475
0.129457
0.128305
0.126999
0.125507
0.123799
0.121701
0.119452
0.114071
0.138628
0.138616
0.138597
0.13857
0.138536
0.138493
0.138443
0.138386
0.13832
0.138245
0.138163
0.13807
0.137966
0.13785
0.13772
0.137573
0.137407
0.137218
0.137003
0.136758
0.136477
0.136154
0.135786
0.135368
0.134899
0.134376
0.133784
0.133112
0.132347
0.131472
0.130466
0.129303
0.127949
0.126351
0.124449
0.122068
0.119161
0.114579
0.107676
0.138632
0.138624
0.138612
0.138589
0.138568
0.138533
0.13848
0.138412
0.138335
0.138247
0.13815
0.138045
0.137931
0.137809
0.137678
0.137537
0.137384
0.137219
0.137039
0.136843
0.136628
0.136391
0.136127
0.135829
0.135487
0.135099
0.134657
0.134156
0.133588
0.132946
0.132217
0.131392
0.130456
0.129391
0.12817
0.126767
0.125029
0.123169
0.11871
0.138831
0.138821
0.138804
0.13878
0.13875
0.138713
0.13867
0.138621
0.138565
0.138502
0.138432
0.138354
0.138267
0.138169
0.13806
0.137937
0.137799
0.137642
0.137463
0.137259
0.137026
0.13676
0.136456
0.136113
0.135729
0.135299
0.134814
0.134263
0.133636
0.132918
0.132092
0.131138
0.130026
0.128715
0.127153
0.125204
0.122747
0.119246
0.112117
0.138835
0.138828
0.138816
0.138794
0.138776
0.138745
0.138699
0.13864
0.138574
0.138499
0.138417
0.138329
0.138234
0.138132
0.138024
0.137909
0.137784
0.13765
0.137504
0.137345
0.137171
0.136978
0.136764
0.136521
0.136243
0.135926
0.135566
0.135158
0.134695
0.13417
0.133575
0.1329
0.132133
0.131259
0.130255
0.129099
0.12766
0.126121
0.122463
0.139001
0.138992
0.138977
0.138955
0.138929
0.138897
0.138859
0.138817
0.138768
0.138714
0.138655
0.138588
0.138514
0.138432
0.138339
0.138236
0.138119
0.137987
0.137836
0.137666
0.13747
0.137248
0.136995
0.13671
0.136392
0.136036
0.135634
0.135179
0.13466
0.134066
0.133383
0.132592
0.131672
0.130588
0.129294
0.127694
0.125619
0.122933
0.116531
0.139005
0.138999
0.138987
0.138967
0.13895
0.138923
0.138882
0.138831
0.138773
0.138709
0.138638
0.138563
0.138483
0.138398
0.138308
0.138212
0.138109
0.137999
0.137879
0.137749
0.137606
0.137448
0.137272
0.137073
0.136844
0.136583
0.136287
0.135951
0.13557
0.135138
0.134647
0.134091
0.133458
0.132736
0.131906
0.130948
0.129753
0.128476
0.12549
0.139145
0.139137
0.139123
0.139104
0.13908
0.139052
0.139019
0.138982
0.13894
0.138893
0.138842
0.138785
0.138721
0.138651
0.138572
0.138483
0.138384
0.138271
0.138144
0.137999
0.137834
0.137647
0.137435
0.137196
0.13693
0.136632
0.136297
0.135917
0.135484
0.134989
0.134419
0.133761
0.132994
0.13209
0.13101
0.129687
0.127937
0.125824
0.120423
0.13915
0.139144
0.139133
0.139113
0.139097
0.139073
0.139037
0.138992
0.138942
0.138885
0.138824
0.13876
0.138691
0.138619
0.138543
0.138463
0.138377
0.138286
0.138187
0.138079
0.137961
0.13783
0.137684
0.137519
0.137329
0.137112
0.136867
0.136589
0.136273
0.135914
0.135507
0.135044
0.134518
0.133918
0.133227
0.132429
0.131434
0.130367
0.127932
0.139269
0.139261
0.139248
0.13923
0.139209
0.139184
0.139155
0.139122
0.139086
0.139045
0.139001
0.138951
0.138896
0.138835
0.138767
0.138691
0.138606
0.138509
0.1384
0.138277
0.138137
0.137978
0.137798
0.137596
0.137371
0.137121
0.136839
0.136519
0.136156
0.13574
0.135262
0.13471
0.134066
0.133309
0.132402
0.131299
0.129824
0.128112
0.123679
0.139273
0.139269
0.139257
0.139238
0.139224
0.139202
0.13917
0.13913
0.139085
0.139036
0.138982
0.138926
0.138867
0.138806
0.138741
0.138673
0.138601
0.138525
0.138442
0.138352
0.138253
0.138144
0.138023
0.137884
0.137725
0.137545
0.13734
0.137107
0.136843
0.136544
0.136203
0.135816
0.135376
0.134874
0.134295
0.133627
0.132794
0.131899
0.129911
0.139376
0.139368
0.139355
0.13934
0.139321
0.139298
0.139272
0.139244
0.139212
0.139176
0.139137
0.139094
0.139046
0.138993
0.138934
0.138868
0.138794
0.138711
0.138617
0.138511
0.13839
0.138254
0.138101
0.137929
0.137739
0.137527
0.137288
0.137017
0.136709
0.136358
0.135954
0.135488
0.134945
0.134307
0.133542
0.132615
0.131371
0.129952
0.126347
0.13938
0.139376
0.139365
0.139347
0.139333
0.139314
0.139285
0.139249
0.139209
0.139165
0.139118
0.139069
0.139018
0.138965
0.13891
0.138852
0.138791
0.138726
0.138656
0.13858
0.138498
0.138406
0.138304
0.138187
0.138053
0.137901
0.137729
0.137533
0.137312
0.13706
0.136774
0.136449
0.136078
0.135655
0.135168
0.134605
0.133905
0.13315
0.131524
0.139469
0.139461
0.139449
0.139435
0.139418
0.139397
0.139374
0.139349
0.139321
0.139289
0.139255
0.139217
0.139175
0.139128
0.139077
0.139019
0.138955
0.138883
0.138801
0.138709
0.138605
0.138488
0.138356
0.138209
0.138047
0.137866
0.137662
0.137432
0.13717
0.136871
0.136528
0.136133
0.135672
0.135131
0.134484
0.1337
0.132651
0.131455
0.128522
0.139473
0.13947
0.139459
0.139442
0.139429
0.139411
0.139385
0.139352
0.139317
0.139278
0.139236
0.139193
0.139148
0.139102
0.139054
0.139005
0.138952
0.138897
0.138838
0.138774
0.138704
0.138626
0.13854
0.138441
0.138327
0.138199
0.138053
0.137887
0.1377
0.137487
0.137246
0.136971
0.136658
0.1363
0.135887
0.135411
0.13482
0.13418
0.132845
0.13955
0.139543
0.139531
0.139518
0.139503
0.139484
0.139464
0.139441
0.139416
0.139388
0.139357
0.139324
0.139287
0.139246
0.1392
0.13915
0.139094
0.139031
0.13896
0.13888
0.13879
0.138688
0.138574
0.138447
0.138308
0.138153
0.137978
0.137781
0.137557
0.137301
0.137009
0.136671
0.136279
0.135818
0.135267
0.134601
0.133714
0.132699
0.130302
0.139554
0.139552
0.139542
0.139525
0.139513
0.139496
0.139472
0.139443
0.139411
0.139376
0.139339
0.139301
0.139261
0.139221
0.139179
0.139137
0.139092
0.139044
0.138994
0.138939
0.138879
0.138813
0.138739
0.138655
0.138559
0.138449
0.138325
0.138184
0.138025
0.137844
0.137639
0.137406
0.13714
0.136836
0.136485
0.13608
0.135579
0.135034
0.133936
0.139622
0.139615
0.139604
0.139591
0.139577
0.139561
0.139543
0.139522
0.1395
0.139475
0.139448
0.139418
0.139385
0.139349
0.139309
0.139265
0.139215
0.13916
0.139098
0.139028
0.138949
0.138861
0.138762
0.138652
0.138531
0.138397
0.138247
0.138077
0.137884
0.137665
0.137414
0.137124
0.136788
0.136394
0.135924
0.135356
0.134604
0.133737
0.131781
0.139626
0.139624
0.139615
0.139599
0.139587
0.139571
0.139549
0.139523
0.139494
0.139462
0.139429
0.139395
0.13936
0.139325
0.139289
0.139251
0.139212
0.139171
0.139128
0.139081
0.13903
0.138973
0.13891
0.138838
0.138755
0.138661
0.138555
0.138435
0.138299
0.138145
0.13797
0.137771
0.137544
0.137285
0.136986
0.13664
0.136214
0.135747
0.134841
0.139686
0.139678
0.139668
0.139657
0.139644
0.139629
0.139612
0.139594
0.139574
0.139552
0.139527
0.139501
0.139472
0.13944
0.139405
0.139366
0.139322
0.139274
0.139219
0.139157
0.139088
0.139011
0.138925
0.138829
0.138724
0.138608
0.138478
0.138331
0.138164
0.137975
0.137758
0.137509
0.13722
0.136882
0.136478
0.135991
0.135352
0.134606
0.133034
0.13969
0.139689
0.13968
0.139664
0.139652
0.139638
0.139618
0.139594
0.139567
0.139539
0.139509
0.139479
0.139448
0.139416
0.139384
0.139352
0.139318
0.139282
0.139244
0.139204
0.13916
0.139111
0.139057
0.138994
0.138923
0.138842
0.138751
0.138648
0.138532
0.1384
0.13825
0.138079
0.137885
0.137663
0.137407
0.137111
0.136747
0.136347
0.135596
0.139743
0.139735
0.139725
0.139715
0.139703
0.13969
0.139675
0.139658
0.13964
0.13962
0.139599
0.139575
0.139549
0.139521
0.13949
0.139456
0.139417
0.139374
0.139326
0.139272
0.139211
0.139143
0.139067
0.138984
0.138892
0.138791
0.138678
0.13855
0.138405
0.138241
0.138054
0.137838
0.137588
0.137296
0.136949
0.13653
0.135986
0.135337
0.134085
0.139747
0.139746
0.139738
0.139722
0.139711
0.139697
0.139679
0.139657
0.139633
0.139607
0.13958
0.139553
0.139525
0.139497
0.139469
0.13944
0.13941
0.139379
0.139346
0.139311
0.139273
0.139231
0.139184
0.13913
0.139068
0.138998
0.13892
0.138831
0.138731
0.138617
0.138488
0.138342
0.138175
0.137985
0.137765
0.13751
0.137198
0.136854
0.136229
0.139793
0.139786
0.139776
0.139767
0.139756
0.139744
0.13973
0.139715
0.139699
0.139682
0.139663
0.139642
0.139619
0.139595
0.139567
0.139537
0.139503
0.139465
0.139422
0.139374
0.13932
0.13926
0.139193
0.13912
0.13904
0.138951
0.138852
0.138741
0.138615
0.138472
0.138309
0.138121
0.137905
0.137652
0.137352
0.13699
0.136526
0.135959
0.134958
0.139798
0.139797
0.139789
0.139774
0.139763
0.13975
0.139733
0.139713
0.139691
0.139668
0.139643
0.139619
0.139594
0.139569
0.139543
0.139518
0.139492
0.139464
0.139436
0.139405
0.139372
0.139335
0.139294
0.139247
0.139194
0.139133
0.139065
0.138988
0.138902
0.138804
0.138693
0.138567
0.138423
0.138259
0.138069
0.13785
0.137582
0.137286
0.136762
0.139839
0.139832
0.139823
0.139814
0.139804
0.139793
0.13978
0.139767
0.139753
0.139738
0.139721
0.139703
0.139683
0.139661
0.139637
0.13961
0.13958
0.139546
0.139508
0.139465
0.139418
0.139364
0.139305
0.139241
0.13917
0.139093
0.139006
0.138908
0.138798
0.138673
0.13853
0.138367
0.138178
0.137958
0.137698
0.137385
0.136987
0.136491
0.135683
0.139843
0.139844
0.139836
0.139821
0.13981
0.139798
0.139782
0.139764
0.139744
0.139722
0.1397
0.139677
0.139655
0.139632
0.13961
0.139587
0.139564
0.13954
0.139515
0.139488
0.139459
0.139427
0.139391
0.13935
0.139303
0.139251
0.139192
0.139125
0.13905
0.138965
0.138869
0.13876
0.138636
0.138494
0.138331
0.138141
0.137911
0.137654
0.137214
0.13988
0.139873
0.139864
0.139856
0.139847
0.139837
0.139826
0.139814
0.139802
0.139789
0.139774
0.139759
0.139741
0.139722
0.1397
0.139676
0.139649
0.139619
0.139585
0.139547
0.139505
0.139458
0.139405
0.139348
0.139286
0.139218
0.139141
0.139055
0.138959
0.138849
0.138724
0.138581
0.138417
0.138225
0.137998
0.137726
0.137384
0.136951
0.13629
0.139885
0.139885
0.139878
0.139863
0.139852
0.139841
0.139827
0.13981
0.139791
0.139771
0.139751
0.13973
0.13971
0.139689
0.139669
0.139649
0.139628
0.139607
0.139585
0.139561
0.139535
0.139507
0.139476
0.13944
0.1394
0.139354
0.139302
0.139244
0.139179
0.139105
0.139022
0.138927
0.13882
0.138697
0.138556
0.138392
0.138192
0.13797
0.137599
0.139917
0.13991
0.139902
0.139894
0.139886
0.139877
0.139867
0.139858
0.139847
0.139836
0.139824
0.13981
0.139794
0.139777
0.139758
0.139736
0.139712
0.139685
0.139655
0.139621
0.139583
0.139541
0.139495
0.139444
0.139389
0.139329
0.139262
0.139186
0.139101
0.139004
0.138895
0.138769
0.138625
0.138457
0.13826
0.138022
0.137729
0.13735
0.136804
0.139922
0.139923
0.139916
0.139902
0.139891
0.13988
0.139866
0.139851
0.139834
0.139816
0.139797
0.139778
0.139759
0.13974
0.139722
0.139704
0.139686
0.139667
0.139647
0.139626
0.139604
0.139579
0.139551
0.13952
0.139484
0.139444
0.139399
0.139348
0.139292
0.139227
0.139155
0.139073
0.13898
0.138873
0.13875
0.138608
0.138436
0.138243
0.137928
0.13995
0.139944
0.139936
0.139929
0.139921
0.139913
0.139906
0.139898
0.139889
0.13988
0.139869
0.139857
0.139843
0.139828
0.139811
0.139791
0.13977
0.139745
0.139718
0.139688
0.139654
0.139616
0.139575
0.13953
0.139481
0.139428
0.139369
0.139302
0.139227
0.139142
0.139045
0.138935
0.138808
0.138661
0.138489
0.13828
0.138033
0.1377
0.137244
0.139955
0.139957
0.139951
0.139936
0.139925
0.139915
0.139903
0.139888
0.139872
0.139855
0.139838
0.13982
0.139803
0.139786
0.13977
0.139753
0.139737
0.13972
0.139703
0.139684
0.139664
0.139643
0.139619
0.139591
0.139559
0.139524
0.139485
0.13944
0.139391
0.139335
0.139272
0.1392
0.139119
0.139026
0.13892
0.138796
0.138647
0.138479
0.138212
0.139981
0.139974
0.139967
0.13996
0.139954
0.139947
0.139941
0.139935
0.139928
0.13992
0.139911
0.1399
0.139888
0.139874
0.139858
0.139841
0.139822
0.1398
0.139776
0.139748
0.139718
0.139685
0.139648
0.139607
0.139564
0.139517
0.139464
0.139405
0.139339
0.139264
0.139179
0.139082
0.13897
0.138841
0.13869
0.138505
0.138303
0.138011
0.137627
0.139986
0.139988
0.139982
0.139968
0.139957
0.139947
0.139936
0.139922
0.139907
0.139891
0.139875
0.139859
0.139843
0.139828
0.139813
0.139798
0.139783
0.139768
0.139753
0.139736
0.139719
0.1397
0.139678
0.139654
0.139626
0.139595
0.139561
0.139522
0.139478
0.139429
0.139374
0.139312
0.139241
0.13916
0.139068
0.13896
0.138831
0.138684
0.138457
0.140008
0.140002
0.139995
0.139989
0.139984
0.139979
0.139975
0.13997
0.139964
0.139957
0.139949
0.13994
0.139929
0.139916
0.139902
0.139887
0.13987
0.13985
0.139828
0.139804
0.139777
0.139747
0.139714
0.139678
0.139639
0.139597
0.13955
0.139498
0.139439
0.139372
0.139297
0.139212
0.139113
0.139
0.138868
0.138704
0.13854
0.138287
0.137962
0.140014
0.140016
0.14001
0.139996
0.139986
0.139977
0.139966
0.139953
0.139939
0.139924
0.139909
0.139894
0.139879
0.139865
0.139852
0.139838
0.139825
0.139812
0.139798
0.139783
0.139768
0.139751
0.139732
0.139711
0.139686
0.139659
0.139628
0.139594
0.139556
0.139513
0.139465
0.13941
0.139349
0.139278
0.139197
0.139104
0.138991
0.138863
0.138669
0.140034
0.140028
0.140021
0.140016
0.140012
0.140009
0.140006
0.140003
0.139998
0.139992
0.139985
0.139976
0.139966
0.139956
0.139943
0.13993
0.139914
0.139897
0.139877
0.139855
0.139831
0.139804
0.139774
0.139742
0.139708
0.13967
0.139628
0.139581
0.139529
0.13947
0.139403
0.139327
0.139241
0.13914
0.139026
0.138882
0.138748
0.138529
0.138255
0.140039
0.140042
0.140036
0.140022
0.140012
0.140003
0.139993
0.139981
0.139967
0.139953
0.139939
0.139925
0.139912
0.139899
0.139887
0.139875
0.139863
0.139851
0.139839
0.139826
0.139812
0.139797
0.139781
0.139762
0.13974
0.139716
0.139689
0.139659
0.139625
0.139588
0.139545
0.139498
0.139444
0.139382
0.139311
0.13923
0.139132
0.13902
0.138854
0.140057
0.140051
0.140045
0.14004
0.140038
0.140037
0.140035
0.140033
0.140029
0.140024
0.140017
0.14001
0.140002
0.139992
0.139981
0.139969
0.139955
0.13994
0.139922
0.139903
0.139881
0.139856
0.13983
0.139801
0.13977
0.139737
0.139699
0.139658
0.139611
0.139558
0.139499
0.139432
0.139355
0.139266
0.139167
0.139046
0.138933
0.138742
0.138511
0.140062
0.140066
0.14006
0.140046
0.140036
0.140028
0.140018
0.140006
0.139993
0.13998
0.139967
0.139954
0.139942
0.13993
0.139919
0.139908
0.139898
0.139887
0.139876
0.139865
0.139852
0.139839
0.139824
0.139808
0.139788
0.139767
0.139743
0.139717
0.139687
0.139654
0.139617
0.139575
0.139528
0.139474
0.139412
0.139341
0.139256
0.139158
0.139016
0.140078
0.140073
0.140066
0.140063
0.140063
0.140063
0.140063
0.140061
0.140057
0.140053
0.140048
0.140042
0.140035
0.140027
0.140017
0.140006
0.139994
0.13998
0.139964
0.139947
0.139927
0.139905
0.139881
0.139855
0.139828
0.139798
0.139764
0.139727
0.139685
0.139638
0.139585
0.139526
0.139457
0.139379
0.139296
0.139196
0.139101
0.138932
0.138736
0.140083
0.140087
0.140082
0.140067
0.140058
0.14005
0.140041
0.140029
0.140017
0.140004
0.139992
0.13998
0.139969
0.139958
0.139948
0.139939
0.139929
0.13992
0.13991
0.1399
0.139889
0.139877
0.139864
0.139849
0.139832
0.139813
0.139792
0.139769
0.139742
0.139713
0.13968
0.139644
0.139602
0.139555
0.139501
0.139438
0.139364
0.139279
0.139158
0.140097
0.140092
0.140086
0.140085
0.140087
0.140088
0.140088
0.140086
0.140084
0.140081
0.140077
0.140072
0.140066
0.140059
0.140051
0.140041
0.14003
0.140018
0.140004
0.139988
0.13997
0.13995
0.139929
0.139905
0.139881
0.139854
0.139824
0.139791
0.139753
0.139711
0.139664
0.139611
0.139551
0.139484
0.139415
0.139331
0.139251
0.139103
0.138936
0.140102
0.140107
0.140102
0.140087
0.140078
0.140071
0.140062
0.14005
0.140038
0.140026
0.140015
0.140004
0.139994
0.139984
0.139975
0.139967
0.139958
0.13995
0.139941
0.139932
0.139922
0.139912
0.1399
0.139887
0.139872
0.139855
0.139836
0.139815
0.139792
0.139766
0.139737
0.139705
0.139668
0.139627
0.13958
0.139525
0.139461
0.139386
0.139282
0.140115
0.14011
0.140105
0.140106
0.140109
0.140111
0.140111
0.14011
0.140109
0.140107
0.140104
0.140101
0.140096
0.14009
0.140082
0.140074
0.140064
0.140053
0.140041
0.140026
0.14001
0.139992
0.139973
0.139952
0.13993
0.139906
0.139879
0.139849
0.139815
0.139778
0.139736
0.139688
0.139637
0.139581
0.139523
0.139453
0.139386
0.139257
0.139113
0.140119
0.140125
0.14012
0.140105
0.140096
0.140089
0.14008
0.140069
0.140058
0.140047
0.140036
0.140026
0.140017
0.140008
0.14
0.139993
0.139985
0.139977
0.13997
0.139961
0.139953
0.139943
0.139933
0.139921
0.139907
0.139892
0.139876
0.139857
0.139837
0.139814
0.139789
0.13976
0.139728
0.139692
0.139651
0.139603
0.139546
0.139481
0.139391
0.140132
0.140126
0.140122
0.140126
0.14013
0.140132
0.140133
0.140133
0.140133
0.140132
0.14013
0.140127
0.140123
0.140118
0.140112
0.140105
0.140096
0.140087
0.140075
0.140062
0.140048
0.140032
0.140014
0.139996
0.139976
0.139954
0.13993
0.139903
0.139873
0.139839
0.139802
0.139761
0.139718
0.139672
0.139623
0.139563
0.139506
0.139395
0.139273
0.140135
0.140142
0.140137
0.140121
0.140113
0.140107
0.140098
0.140087
0.140075
0.140065
0.140055
0.140047
0.140038
0.140031
0.140023
0.140016
0.140009
0.140002
0.139995
0.139988
0.139981
0.139972
0.139963
0.139952
0.13994
0.139927
0.139912
0.139896
0.139879
0.139859
0.139837
0.139812
0.139784
0.139752
0.139716
0.139674
0.139624
0.139567
0.139489
0.140147
0.140141
0.140138
0.140145
0.140149
0.140151
0.140153
0.140155
0.140156
0.140156
0.140155
0.140153
0.140149
0.140145
0.14014
0.140134
0.140127
0.140119
0.140109
0.140098
0.140085
0.140071
0.140055
0.140038
0.14002
0.14
0.139978
0.139954
0.139926
0.139897
0.139864
0.13983
0.139795
0.139756
0.139714
0.139663
0.139613
0.13952
0.139416
0.14015
0.140157
0.140152
0.140136
0.140128
0.140122
0.140113
0.140102
0.140092
0.140082
0.140074
0.140066
0.140058
0.140051
0.140044
0.140038
0.140032
0.140026
0.140019
0.140013
0.140006
0.139999
0.139991
0.139982
0.139972
0.13996
0.139948
0.139934
0.139919
0.139902
0.139883
0.139862
0.139837
0.139809
0.139777
0.13974
0.139697
0.139646
0.13958
0.140161
0.140155
0.140154
0.140164
0.140166
0.140168
0.140172
0.140174
0.140175
0.140176
0.140176
0.140175
0.140173
0.14017
0.140166
0.140162
0.140156
0.14015
0.140142
0.140134
0.140123
0.140111
0.140098
0.140084
0.140068
0.14005
0.14003
0.140007
0.139983
0.139957
0.139929
0.1399
0.139869
0.139835
0.139798
0.139754
0.13971
0.139633
0.139544
0.140163
0.140169
0.140165
0.140149
0.140142
0.140137
0.140127
0.140116
0.140107
0.140098
0.14009
0.140083
0.140076
0.14007
0.140064
0.140058
0.140053
0.140047
0.140042
0.140036
0.140031
0.140024
0.140018
0.140011
0.140003
0.139994
0.139984
0.139973
0.139961
0.139946
0.13993
0.139912
0.139891
0.139866
0.139838
0.139805
0.139767
0.13972
0.139671
0.140173
0.140167
0.140168
0.140178
0.14018
0.140182
0.140186
0.140188
0.14019
0.140191
0.140191
0.140191
0.140191
0.14019
0.140188
0.140185
0.140182
0.140179
0.140174
0.140169
0.140162
0.140155
0.140147
0.140137
0.140125
0.140112
0.140095
0.140076
0.140055
0.140031
0.140006
0.139978
0.139948
0.139915
0.13988
0.13984
0.139799
0.139734
0.139659
0.140174
0.140177
0.140174
0.140161
0.140155
0.140149
0.140139
0.140129
0.14012
0.140113
0.140106
0.140099
0.140093
0.140087
0.140082
0.140077
0.140072
0.140068
0.140063
0.140059
0.140055
0.14005
0.140046
0.140042
0.140036
0.14003
0.140022
0.140013
0.140003
0.139991
0.139978
0.139962
0.139944
0.139923
0.139899
0.13987
0.139836
0.139793
0.139755
0.140182
0.140178
0.140181
0.140187
0.14019
0.140192
0.140195
0.140197
0.140199
0.1402
0.140201
0.140202
0.140202
0.140202
0.140201
0.1402
0.140199
0.140197
0.140195
0.140192
0.140189
0.140184
0.14018
0.140174
0.140168
0.14016
0.140149
0.140137
0.140122
0.140104
0.140083
0.140059
0.140031
0.14
0.139966
0.139926
0.139886
0.139827
0.139762
0.140181
0.140183
0.140179
0.14017
0.140164
0.140158
0.14015
0.140141
0.140133
0.140127
0.14012
0.140114
0.140109
0.140104
0.140099
0.140095
0.140091
0.140088
0.140084
0.140081
0.140079
0.140076
0.140074
0.140072
0.140068
0.140063
0.140057
0.14005
0.140042
0.140033
0.140023
0.140011
0.139997
0.13998
0.139959
0.139934
0.139905
0.139865
0.139835
0.140187
0.140186
0.140188
0.140193
0.140195
0.140198
0.140201
0.140203
0.140205
0.140207
0.140208
0.140209
0.14021
0.14021
0.14021
0.14021
0.14021
0.140209
0.140208
0.140207
0.140205
0.140202
0.1402
0.140197
0.140193
0.140189
0.140183
0.140176
0.140168
0.140157
0.140144
0.140127
0.140106
0.140081
0.140051
0.140014
0.139975
0.139919
0.139859
0.140186
0.140186
0.140183
0.140175
0.140169
0.140164
0.140158
0.14015
0.140144
0.140138
0.140132
0.140127
0.140122
0.140118
0.140115
0.140112
0.140109
0.140106
0.140104
0.140102
0.1401
0.140098
0.140097
0.140095
0.140092
0.140088
0.140083
0.140078
0.140072
0.140065
0.140058
0.14005
0.14004
0.140027
0.140013
0.139993
0.13997
0.139935
0.139911
0.14019
0.140191
0.140193
0.140197
0.140199
0.140202
0.140205
0.140207
0.140209
0.140211
0.140213
0.140214
0.140215
0.140216
0.140217
0.140217
0.140217
0.140217
0.140217
0.140216
0.140216
0.140214
0.140213
0.140211
0.140209
0.140207
0.140203
0.140199
0.140195
0.140189
0.140182
0.140172
0.14016
0.140144
0.140122
0.140094
0.14006
0.140011
0.139955
0.140189
0.140188
0.140185
0.140178
0.140172
0.140167
0.140162
0.140156
0.140151
0.140146
0.140141
0.140137
0.140133
0.14013
0.140127
0.140124
0.140122
0.140119
0.140118
0.140116
0.140114
0.140112
0.140111
0.140109
0.140106
0.140103
0.140099
0.140095
0.140091
0.140086
0.140081
0.140075
0.140068
0.14006
0.14005
0.140036
0.140023
0.139994
0.139976
0.140192
0.140193
0.140196
0.140199
0.140202
0.140205
0.140208
0.14021
0.140212
0.140214
0.140216
0.140218
0.140219
0.14022
0.140221
0.140222
0.140223
0.140223
0.140224
0.140224
0.140224
0.140223
0.140223
0.140222
0.140221
0.140219
0.140217
0.140215
0.140212
0.140209
0.140205
0.140199
0.140193
0.140184
0.140172
0.140154
0.140131
0.140093
0.140045
0.140191
0.140189
0.140186
0.140179
0.140173
0.140169
0.140164
0.140159
0.140154
0.14015
0.140146
0.140142
0.140138
0.140135
0.140132
0.14013
0.140128
0.140126
0.140124
0.140123
0.140121
0.140119
0.140118
0.140116
0.140114
0.140111
0.140108
0.140105
0.140102
0.140098
0.140094
0.14009
0.140085
0.14008
0.140073
0.140064
0.140057
0.140034
0.140024
0.140193
0.140195
0.140197
0.140201
0.140204
0.140207
0.14021
0.140212
0.140215
0.140217
0.140219
0.140221
0.140222
0.140224
0.140225
0.140226
0.140227
0.140228
0.140229
0.140229
0.14023
0.14023
0.14023
0.14023
0.140229
0.140228
0.140227
0.140226
0.140225
0.140222
0.14022
0.140217
0.140213
0.140209
0.140203
0.140193
0.140181
0.140156
0.140123
0.140191
0.14019
0.140186
0.14018
0.140174
0.140169
0.140165
0.14016
0.140155
0.140151
0.140147
0.140143
0.14014
0.140137
0.140135
0.140132
0.14013
0.140129
0.140127
0.140125
0.140124
0.140122
0.140121
0.140119
0.140117
0.140115
0.140113
0.14011
0.140108
0.140105
0.140102
0.140099
0.140096
0.140092
0.140088
0.140082
0.140077
0.140062
0.140056
0.140194
0.140196
0.140198
0.140202
0.140205
0.140208
0.140211
0.140214
0.140216
0.140219
0.140221
0.140223
0.140225
0.140226
0.140228
0.140229
0.14023
0.140231
0.140232
0.140233
0.140234
0.140235
0.140235
0.140236
0.140236
0.140236
0.140235
0.140235
0.140234
0.140233
0.140232
0.14023
0.140228
0.140225
0.140222
0.140217
0.140212
0.140198
0.14018
0.140192
0.14019
0.140186
0.14018
0.140174
0.140169
0.140165
0.14016
0.140155
0.140151
0.140147
0.140143
0.14014
0.140137
0.140134
0.140132
0.140131
0.140129
0.140127
0.140126
0.140125
0.140123
0.140122
0.14012
0.140119
0.140117
0.140115
0.140113
0.140111
0.140109
0.140107
0.140105
0.140102
0.1401
0.140097
0.140093
0.14009
0.140079
0.140078
0.140194
0.140196
0.140199
0.140203
0.140206
0.140209
0.140212
0.140215
0.140217
0.14022
0.140222
0.140224
0.140226
0.140228
0.140229
0.140231
0.140232
0.140234
0.140235
0.140236
0.140237
0.140238
0.140239
0.14024
0.140241
0.140241
0.140241
0.140241
0.140241
0.140241
0.140241
0.14024
0.140239
0.140237
0.140235
0.140233
0.140231
0.140223
0.140217
0.140192
0.14019
0.140186
0.140179
0.140173
0.140169
0.140164
0.140159
0.140154
0.140149
0.140145
0.140141
0.140138
0.140135
0.140133
0.140131
0.140129
0.140127
0.140126
0.140125
0.140123
0.140122
0.140121
0.14012
0.140118
0.140117
0.140115
0.140114
0.140112
0.140111
0.140109
0.140107
0.140106
0.140104
0.140102
0.140099
0.140098
0.140091
0.140091
0.140194
0.140196
0.140199
0.140203
0.140206
0.140209
0.140212
0.140215
0.140218
0.14022
0.140223
0.140225
0.140227
0.140229
0.14023
0.140232
0.140234
0.140235
0.140237
0.140238
0.14024
0.140241
0.140242
0.140243
0.140244
0.140245
0.140246
0.140247
0.140247
0.140247
0.140248
0.140248
0.140247
0.140247
0.140246
0.140245
0.140244
0.140239
0.140239
0.140191
0.140189
0.140185
0.140178
0.140172
0.140168
0.140163
0.140157
0.140152
0.140147
0.140142
0.140138
0.140135
0.140132
0.14013
0.140128
0.140126
0.140125
0.140124
0.140122
0.140121
0.14012
0.140119
0.140118
0.140117
0.140115
0.140114
0.140113
0.140112
0.140111
0.14011
0.140109
0.140107
0.140106
0.140105
0.140103
0.140102
0.140097
0.140099
0.140193
0.140195
0.140199
0.140202
0.140206
0.140209
0.140212
0.140215
0.140218
0.140221
0.140223
0.140225
0.140227
0.140229
0.140231
0.140233
0.140234
0.140236
0.140238
0.14024
0.140241
0.140243
0.140244
0.140246
0.140247
0.140248
0.140249
0.14025
0.140251
0.140252
0.140253
0.140254
0.140254
0.140254
0.140255
0.140254
0.140255
0.140251
0.140255
0.14019
0.140188
0.140183
0.140177
0.140171
0.140166
0.140161
0.140155
0.140149
0.140144
0.140139
0.140135
0.140131
0.140129
0.140126
0.140124
0.140123
0.140122
0.14012
0.140119
0.140118
0.140117
0.140116
0.140115
0.140114
0.140113
0.140113
0.140112
0.140111
0.14011
0.140109
0.140109
0.140108
0.140107
0.140106
0.140105
0.140105
0.140102
0.140104
0.140192
0.140195
0.140198
0.140202
0.140205
0.140209
0.140212
0.140215
0.140218
0.14022
0.140222
0.140225
0.140227
0.140229
0.140231
0.140233
0.140234
0.140236
0.140238
0.14024
0.140242
0.140244
0.140246
0.140247
0.140249
0.14025
0.140252
0.140253
0.140254
0.140256
0.140257
0.140258
0.140259
0.14026
0.140261
0.140262
0.140263
0.140261
0.140266
0.140189
0.140186
0.140182
0.140175
0.140169
0.140164
0.140158
0.140152
0.140146
0.14014
0.140135
0.14013
0.140127
0.140124
0.140122
0.14012
0.140119
0.140118
0.140117
0.140116
0.140115
0.140114
0.140113
0.140112
0.140112
0.140111
0.14011
0.14011
0.140109
0.140108
0.140108
0.140108
0.140107
0.140107
0.140106
0.140106
0.140106
0.140104
0.140107
0.140191
0.140193
0.140197
0.140201
0.140204
0.140208
0.140211
0.140214
0.140217
0.140219
0.140221
0.140224
0.140226
0.140228
0.14023
0.140232
0.140234
0.140236
0.140238
0.14024
0.140242
0.140244
0.140246
0.140248
0.14025
0.140251
0.140253
0.140255
0.140256
0.140258
0.14026
0.140261
0.140263
0.140265
0.140266
0.140267
0.14027
0.140269
0.140275
0.140187
0.140185
0.14018
0.140173
0.140167
0.140161
0.140155
0.140148
0.140142
0.140135
0.14013
0.140126
0.140122
0.14012
0.140118
0.140116
0.140115
0.140114
0.140113
0.140112
0.140111
0.14011
0.14011
0.140109
0.140108
0.140108
0.140107
0.140107
0.140106
0.140106
0.140106
0.140106
0.140105
0.140105
0.140105
0.140105
0.140106
0.140104
0.140108
0.140189
0.140192
0.140195
0.1402
0.140203
0.140207
0.14021
0.140213
0.140215
0.140218
0.14022
0.140222
0.140224
0.140226
0.140228
0.14023
0.140232
0.140234
0.140237
0.140239
0.140241
0.140243
0.140245
0.140248
0.14025
0.140251
0.140253
0.140255
0.140257
0.140259
0.140261
0.140263
0.140265
0.140268
0.14027
0.140272
0.140275
0.140275
0.140282
0.140186
0.140183
0.140178
0.14017
0.140164
0.140159
0.140152
0.140144
0.140137
0.14013
0.140125
0.14012
0.140117
0.140115
0.140113
0.140111
0.14011
0.140109
0.140108
0.140108
0.140107
0.140106
0.140106
0.140105
0.140104
0.140104
0.140104
0.140103
0.140103
0.140103
0.140103
0.140103
0.140103
0.140103
0.140103
0.140103
0.140104
0.140103
0.140106
0.140187
0.14019
0.140194
0.140198
0.140202
0.140205
0.140208
0.140211
0.140214
0.140216
0.140218
0.14022
0.140222
0.140224
0.140226
0.140228
0.14023
0.140232
0.140235
0.140237
0.140239
0.140242
0.140244
0.140246
0.140249
0.140251
0.140253
0.140255
0.140257
0.14026
0.140262
0.140264
0.140267
0.140269
0.140272
0.140275
0.140278
0.140279
0.140286
0.140184
0.140181
0.140175
0.140168
0.140162
0.140156
0.140148
0.14014
0.140132
0.140125
0.140119
0.140115
0.140112
0.14011
0.140108
0.140106
0.140105
0.140104
0.140104
0.140103
0.140102
0.140102
0.140101
0.1401
0.1401
0.140099
0.140099
0.140098
0.140098
0.140098
0.140098
0.140098
0.140098
0.140098
0.140099
0.140099
0.1401
0.1401
0.140103
0.140185
0.140188
0.140192
0.140196
0.1402
0.140203
0.140206
0.140209
0.140211
0.140214
0.140216
0.140218
0.14022
0.140221
0.140223
0.140225
0.140228
0.14023
0.140232
0.140234
0.140237
0.140239
0.140242
0.140244
0.140247
0.140249
0.140251
0.140254
0.140256
0.140259
0.140262
0.140264
0.140267
0.14027
0.140273
0.140276
0.14028
0.140282
0.140289
0.140181
0.140178
0.140172
0.140165
0.140159
0.140152
0.140144
0.140135
0.140126
0.140119
0.140114
0.14011
0.140107
0.140104
0.140103
0.140101
0.1401
0.140099
0.140098
0.140097
0.140097
0.140096
0.140095
0.140094
0.140094
0.140093
0.140092
0.140092
0.140092
0.140091
0.140091
0.140091
0.140091
0.140091
0.140092
0.140092
0.140093
0.140094
0.140097
0.140183
0.140186
0.14019
0.140194
0.140198
0.140201
0.140204
0.140206
0.140209
0.140211
0.140213
0.140214
0.140216
0.140218
0.14022
0.140222
0.140224
0.140226
0.140229
0.140231
0.140234
0.140236
0.140239
0.140242
0.140244
0.140247
0.140249
0.140252
0.140254
0.140257
0.14026
0.140263
0.140266
0.14027
0.140273
0.140276
0.140281
0.140284
0.140291
0.140179
0.140175
0.14017
0.140162
0.140155
0.140148
0.140139
0.140129
0.140121
0.140113
0.140108
0.140104
0.140101
0.140099
0.140097
0.140095
0.140094
0.140093
0.140092
0.140091
0.14009
0.140089
0.140088
0.140087
0.140086
0.140085
0.140084
0.140083
0.140083
0.140082
0.140082
0.140082
0.140082
0.140082
0.140082
0.140083
0.140084
0.140084
0.140088
0.14018
0.140183
0.140187
0.140192
0.140195
0.140198
0.140201
0.140203
0.140205
0.140207
0.140209
0.140211
0.140212
0.140214
0.140216
0.140218
0.14022
0.140222
0.140224
0.140227
0.14023
0.140232
0.140235
0.140238
0.140241
0.140243
0.140246
0.140249
0.140252
0.140255
0.140258
0.140261
0.140264
0.140268
0.140272
0.140276
0.14028
0.140284
0.140291
0.140176
0.140172
0.140166
0.140158
0.140152
0.140144
0.140134
0.140124
0.140115
0.140107
0.140102
0.140098
0.140095
0.140092
0.14009
0.140088
0.140087
0.140085
0.140084
0.140083
0.140081
0.14008
0.140079
0.140077
0.140076
0.140075
0.140073
0.140072
0.140071
0.140071
0.14007
0.140069
0.140069
0.140069
0.140069
0.140069
0.140071
0.140071
0.140075
0.140177
0.140181
0.140185
0.140189
0.140192
0.140195
0.140198
0.1402
0.140202
0.140203
0.140205
0.140206
0.140208
0.140209
0.140211
0.140213
0.140215
0.140217
0.14022
0.140222
0.140225
0.140228
0.140231
0.140234
0.140236
0.140239
0.140242
0.140245
0.140248
0.140251
0.140254
0.140258
0.140262
0.140265
0.140269
0.140274
0.140279
0.140283
0.14029
0.140173
0.140169
0.140163
0.140155
0.140148
0.140139
0.140128
0.140117
0.140108
0.140101
0.140096
0.140091
0.140088
0.140085
0.140082
0.14008
0.140078
0.140076
0.140074
0.140073
0.140071
0.140069
0.140067
0.140066
0.140064
0.140062
0.14006
0.140058
0.140057
0.140056
0.140054
0.140053
0.140053
0.140052
0.140052
0.140052
0.140053
0.140053
0.140057
0.140174
0.140178
0.140182
0.140186
0.140189
0.140192
0.140194
0.140196
0.140197
0.140199
0.1402
0.140201
0.140203
0.140204
0.140206
0.140207
0.140209
0.140211
0.140214
0.140216
0.140219
0.140222
0.140225
0.140228
0.140231
0.140234
0.140237
0.14024
0.140243
0.140247
0.14025
0.140254
0.140258
0.140262
0.140266
0.140271
0.140276
0.140281
0.140288
0.14017
0.140166
0.140159
0.140151
0.140144
0.140135
0.140123
0.140111
0.140102
0.140095
0.140089
0.140084
0.14008
0.140076
0.140073
0.14007
0.140067
0.140065
0.140062
0.14006
0.140058
0.140056
0.140053
0.140051
0.140048
0.140045
0.140043
0.14004
0.140038
0.140036
0.140034
0.140032
0.140031
0.140029
0.140029
0.140028
0.140029
0.140028
0.140033
0.14017
0.140174
0.140178
0.140182
0.140185
0.140188
0.14019
0.140191
0.140192
0.140193
0.140194
0.140195
0.140197
0.140198
0.140199
0.140201
0.140203
0.140205
0.140207
0.14021
0.140213
0.140216
0.140219
0.140222
0.140225
0.140228
0.140231
0.140234
0.140238
0.140241
0.140245
0.140249
0.140253
0.140257
0.140262
0.140266
0.140272
0.140277
0.140285
0.140166
0.140162
0.140155
0.140147
0.14014
0.140129
0.140117
0.140105
0.140096
0.140088
0.140082
0.140076
0.14007
0.140065
0.140061
0.140057
0.140054
0.140051
0.140048
0.140045
0.140042
0.140039
0.140036
0.140032
0.140028
0.140024
0.140021
0.140017
0.140013
0.140009
0.140006
0.140003
0.140001
0.139998
0.139996
0.139995
0.139995
0.139992
0.139996
0.140167
0.140171
0.140175
0.140178
0.140181
0.140183
0.140185
0.140186
0.140187
0.140188
0.140188
0.140189
0.14019
0.140191
0.140192
0.140194
0.140196
0.140198
0.1402
0.140203
0.140206
0.140209
0.140212
0.140215
0.140218
0.140221
0.140224
0.140228
0.140231
0.140235
0.140239
0.140243
0.140247
0.140252
0.140256
0.140261
0.140267
0.140273
0.14028
0.140163
0.140158
0.140151
0.140143
0.140135
0.140124
0.14011
0.140098
0.140089
0.140081
0.140073
0.140066
0.140059
0.140053
0.140048
0.140043
0.140039
0.140035
0.140031
0.140027
0.140024
0.140019
0.140015
0.14001
0.140005
0.139999
0.139994
0.139989
0.139984
0.13998
0.139976
0.139972
0.139969
0.139965
0.139962
0.139959
0.139956
0.139952
0.139955
0.140163
0.140167
0.140171
0.140174
0.140177
0.140178
0.14018
0.14018
0.140181
0.140181
0.140182
0.140182
0.140183
0.140183
0.140185
0.140186
0.140188
0.140189
0.140192
0.140194
0.140197
0.1402
0.140203
0.140206
0.14021
0.140213
0.140216
0.14022
0.140224
0.140227
0.140231
0.140236
0.14024
0.140245
0.14025
0.140255
0.140261
0.140267
0.140275
0.140159
0.140154
0.140147
0.140138
0.14013
0.140118
0.140104
0.140092
0.140082
0.140073
0.140063
0.140055
0.140047
0.140039
0.140033
0.140027
0.140022
0.140017
0.140012
0.140007
0.140003
0.139998
0.139993
0.139989
0.139984
0.13998
0.139977
0.139974
0.139971
0.139968
0.139966
0.139963
0.13996
0.139958
0.139955
0.139952
0.139948
0.139944
0.139942
0.140159
0.140163
0.140166
0.14017
0.140172
0.140173
0.140174
0.140174
0.140174
0.140174
0.140174
0.140174
0.140174
0.140175
0.140176
0.140177
0.140178
0.14018
0.140182
0.140184
0.140186
0.140189
0.140192
0.140196
0.140199
0.140202
0.140206
0.14021
0.140214
0.140218
0.140222
0.140227
0.140231
0.140236
0.140242
0.140247
0.140254
0.14026
0.140268
0.140154
0.14015
0.140142
0.140133
0.140125
0.140111
0.140097
0.140085
0.140074
0.140063
0.140052
0.140042
0.140033
0.140024
0.140017
0.14001
0.140004
0.139999
0.139995
0.139992
0.139989
0.139987
0.139985
0.139983
0.139982
0.13998
0.139979
0.139978
0.139978
0.139977
0.139975
0.139974
0.139973
0.139971
0.139969
0.139966
0.139962
0.139959
0.139953
0.140154
0.140158
0.140162
0.140165
0.140166
0.140167
0.140167
0.140167
0.140167
0.140166
0.140166
0.140166
0.140166
0.140166
0.140166
0.140166
0.140167
0.140168
0.14017
0.140171
0.140174
0.140176
0.140179
0.140183
0.140186
0.140189
0.140193
0.140197
0.140201
0.140205
0.14021
0.140215
0.14022
0.140225
0.140231
0.140237
0.140244
0.140251
0.14026
0.14015
0.140145
0.140138
0.140129
0.140119
0.140105
0.14009
0.140078
0.140066
0.140053
0.14004
0.140029
0.140019
0.14001
0.140003
0.139998
0.139995
0.139994
0.139993
0.139992
0.139992
0.139992
0.139993
0.139994
0.139996
0.139997
0.139999
0.14
0.140001
0.140003
0.140004
0.140005
0.140005
0.140005
0.140005
0.140004
0.140002
0.14
0.139994
0.140149
0.140153
0.140157
0.140159
0.140161
0.140161
0.140161
0.14016
0.140159
0.140158
0.140157
0.140156
0.140156
0.140155
0.140155
0.140154
0.140154
0.140155
0.140156
0.140157
0.140159
0.140161
0.140164
0.140167
0.14017
0.140174
0.140177
0.140181
0.140185
0.14019
0.140195
0.1402
0.140205
0.140211
0.140217
0.140224
0.140231
0.140239
0.140248
0.140145
0.14014
0.140133
0.140123
0.140113
0.140098
0.140083
0.140071
0.140057
0.140042
0.140028
0.140017
0.140008
0.140002
0.14
0.14
0.140001
0.140002
0.140004
0.140006
0.140009
0.140012
0.140015
0.140019
0.140023
0.140026
0.14003
0.140032
0.140035
0.140037
0.140039
0.140041
0.140042
0.140043
0.140043
0.140044
0.140043
0.140043
0.140039
0.140144
0.140148
0.140151
0.140153
0.140154
0.140154
0.140153
0.140152
0.14015
0.140149
0.140147
0.140146
0.140144
0.140143
0.140142
0.140141
0.14014
0.14014
0.140141
0.140142
0.140143
0.140146
0.140148
0.140151
0.140154
0.140157
0.140161
0.140164
0.140168
0.140173
0.140177
0.140183
0.140188
0.140194
0.1402
0.140207
0.140215
0.140223
0.140233
0.14014
0.140135
0.140127
0.140118
0.140107
0.140091
0.140077
0.140063
0.140047
0.140031
0.140018
0.140009
0.140005
0.140006
0.140009
0.140013
0.140018
0.140022
0.140026
0.14003
0.140033
0.140037
0.14004
0.140044
0.140048
0.140051
0.140054
0.140057
0.14006
0.140062
0.140065
0.140067
0.140068
0.14007
0.140071
0.140072
0.140072
0.140073
0.140072
0.140139
0.140142
0.140145
0.140147
0.140147
0.140146
0.140145
0.140143
0.140141
0.140139
0.140137
0.140134
0.140132
0.140129
0.140127
0.140126
0.140125
0.140125
0.140125
0.140126
0.140128
0.14013
0.140132
0.140135
0.140137
0.14014
0.140144
0.140147
0.140151
0.140155
0.14016
0.140165
0.14017
0.140175
0.140182
0.140188
0.140196
0.140205
0.140215
0.140134
0.140129
0.140122
0.140112
0.140101
0.140084
0.140069
0.140054
0.140036
0.140021
0.140011
0.14001
0.140014
0.14002
0.140027
0.140033
0.140038
0.140042
0.140046
0.14005
0.140054
0.140057
0.140061
0.140065
0.140069
0.140073
0.140077
0.14008
0.140083
0.140086
0.140089
0.140091
0.140094
0.140096
0.140097
0.140099
0.1401
0.140101
0.140101
0.140133
0.140136
0.140139
0.14014
0.14014
0.140138
0.140136
0.140134
0.140131
0.140128
0.140125
0.140121
0.140118
0.140115
0.140113
0.140111
0.14011
0.140109
0.140109
0.14011
0.140111
0.140113
0.140115
0.140118
0.140121
0.140123
0.140126
0.14013
0.140134
0.140138
0.140142
0.140146
0.140151
0.140157
0.140162
0.140169
0.140176
0.140184
0.140194
0.140128
0.140123
0.140116
0.140106
0.140094
0.140077
0.140062
0.140045
0.140027
0.140015
0.140014
0.14002
0.140029
0.140037
0.140044
0.14005
0.140056
0.140061
0.140065
0.140069
0.140073
0.140077
0.140082
0.140086
0.140091
0.140096
0.1401
0.140104
0.140108
0.140112
0.140115
0.140118
0.14012
0.140123
0.140125
0.140127
0.140129
0.140131
0.140131
0.140126
0.140129
0.140132
0.140132
0.140132
0.14013
0.140127
0.140124
0.14012
0.140117
0.140112
0.140108
0.140104
0.140101
0.140098
0.140096
0.140094
0.140093
0.140093
0.140093
0.140094
0.140096
0.140098
0.1401
0.140103
0.140105
0.140109
0.140112
0.140116
0.14012
0.140124
0.140128
0.140133
0.140138
0.140144
0.14015
0.140157
0.140165
0.140174
0.140122
0.140117
0.140109
0.1401
0.140087
0.14007
0.140054
0.140036
0.14002
0.140016
0.140023
0.140033
0.140043
0.140052
0.140061
0.140068
0.140074
0.14008
0.140085
0.14009
0.140094
0.140099
0.140104
0.140109
0.140115
0.14012
0.140125
0.14013
0.140134
0.140138
0.140141
0.140145
0.140148
0.140151
0.140153
0.140156
0.140158
0.14016
0.140161
0.14012
0.140123
0.140125
0.140125
0.140124
0.140121
0.140118
0.140113
0.140109
0.140103
0.140098
0.140093
0.140089
0.140086
0.140083
0.140081
0.140079
0.140078
0.140077
0.140077
0.140078
0.140079
0.140081
0.140083
0.140085
0.140088
0.140091
0.140095
0.140098
0.140102
0.140107
0.140111
0.140116
0.140122
0.140127
0.140133
0.14014
0.140148
0.140157
0.140116
0.140112
0.140104
0.140094
0.140081
0.140063
0.140046
0.140027
0.14002
0.140023
0.140033
0.140045
0.140056
0.140067
0.140076
0.140085
0.140092
0.140098
0.140103
0.140109
0.140114
0.140119
0.140124
0.14013
0.140135
0.140141
0.140146
0.140151
0.140155
0.140159
0.140163
0.140167
0.14017
0.140174
0.140177
0.14018
0.140182
0.140185
0.140187
0.140115
0.140118
0.14012
0.140119
0.140117
0.140113
0.140109
0.140102
0.140097
0.140087
0.140081
0.140077
0.140073
0.140071
0.140068
0.140066
0.140064
0.140063
0.140062
0.140062
0.140063
0.140064
0.140066
0.140067
0.14007
0.140072
0.140075
0.140078
0.140082
0.140085
0.140089
0.140094
0.140099
0.140104
0.14011
0.140116
0.140123
0.140131
0.14014
0.140111
0.140107
0.140099
0.140088
0.140074
0.140056
0.140037
0.140022
0.140023
0.140032
0.140044
0.140057
0.14007
0.140082
0.140092
0.1401
0.140107
0.140114
0.140119
0.140125
0.14013
0.140135
0.14014
0.140145
0.140151
0.140156
0.140161
0.140166
0.140171
0.140175
0.140179
0.140183
0.140186
0.14019
0.140193
0.140196
0.1402
0.140204
0.140206
0.14011
0.140112
0.140113
0.140112
0.140109
0.140104
0.140099
0.140091
0.140084
0.14007
0.140064
0.14006
0.140057
0.140054
0.140052
0.14005
0.140049
0.140048
0.140047
0.140047
0.140048
0.140049
0.14005
0.140052
0.140054
0.140056
0.140058
0.140061
0.140064
0.140067
0.140071
0.140075
0.14008
0.140084
0.14009
0.140096
0.140102
0.14011
0.140119
0.140106
0.140101
0.140093
0.140083
0.140068
0.140049
0.140029
0.140022
0.140028
0.14004
0.140056
0.140071
0.140085
0.140097
0.140107
0.140116
0.140123
0.140129
0.140135
0.14014
0.140144
0.140149
0.140154
0.140159
0.140164
0.14017
0.140174
0.140179
0.140183
0.140187
0.140191
0.140195
0.140198
0.140202
0.140206
0.140209
0.140213
0.140217
0.14022
0.140104
0.140106
0.140106
0.140105
0.140101
0.140095
0.140088
0.140079
0.14007
0.140053
0.140046
0.140043
0.140041
0.140039
0.140037
0.140035
0.140034
0.140033
0.140032
0.140032
0.140032
0.140033
0.140034
0.140035
0.140037
0.140039
0.140041
0.140043
0.140046
0.140049
0.140052
0.140056
0.140059
0.140064
0.140068
0.140073
0.140079
0.140086
0.140095
0.1401
0.140095
0.140087
0.140076
0.140061
0.140042
0.140021
0.140022
0.140034
0.140051
0.14007
0.140086
0.140101
0.140113
0.140123
0.140131
0.140138
0.140143
0.140148
0.140153
0.140157
0.140161
0.140166
0.140171
0.140175
0.14018
0.140185
0.140189
0.140193
0.140197
0.140201
0.140204
0.140208
0.140212
0.140215
0.140219
0.140223
0.140227
0.140231
0.140097
0.140099
0.140099
0.140096
0.140092
0.140085
0.140077
0.140066
0.140054
0.140037
0.140031
0.140028
0.140026
0.140025
0.140023
0.140022
0.14002
0.140019
0.140018
0.140018
0.140017
0.140018
0.140018
0.140019
0.14002
0.140021
0.140022
0.140024
0.140027
0.140029
0.140032
0.140035
0.140038
0.140042
0.140046
0.140051
0.140057
0.140063
0.14007
0.140094
0.140089
0.140081
0.14007
0.140055
0.140034
0.140014
0.140025
0.140043
0.140064
0.140085
0.140102
0.140116
0.140127
0.140136
0.140143
0.140149
0.140154
0.140159
0.140163
0.140167
0.140171
0.140175
0.140179
0.140184
0.140188
0.140193
0.140197
0.140201
0.140205
0.140209
0.140213
0.140217
0.140221
0.140225
0.140229
0.140233
0.140237
0.140241
0.140089
0.140091
0.14009
0.140087
0.140082
0.140074
0.140065
0.140052
0.140039
0.140024
0.140019
0.140018
0.140017
0.140015
0.140014
0.140012
0.140012
0.140012
0.140012
0.140012
0.140012
0.140012
0.140012
0.140012
0.140011
0.140011
0.14001
0.14001
0.14001
0.14001
0.14001
0.140011
0.140012
0.140014
0.140017
0.140021
0.140026
0.140031
0.140038
0.140086
0.140082
0.140074
0.140063
0.140047
0.140027
0.140009
0.14003
0.140053
0.140078
0.140099
0.140115
0.140128
0.140138
0.140146
0.140152
0.140158
0.140162
0.140167
0.140171
0.140174
0.140178
0.140183
0.140187
0.140192
0.140198
0.140203
0.140208
0.140213
0.140218
0.140222
0.140227
0.140232
0.140236
0.140241
0.140246
0.14025
0.140256
0.14026
0.140081
0.140082
0.140081
0.140077
0.140071
0.140063
0.140052
0.140039
0.140024
0.140017
0.140016
0.140017
0.140018
0.14002
0.140022
0.140024
0.140026
0.140028
0.140029
0.140031
0.140031
0.140032
0.140031
0.140031
0.14003
0.140029
0.140027
0.140026
0.140024
0.140022
0.14002
0.140018
0.140015
0.140013
0.140011
0.14001
0.14001
0.140011
0.140014
0.140078
0.140074
0.140066
0.140055
0.14004
0.14002
0.140006
0.140036
0.140064
0.14009
0.14011
0.140124
0.140136
0.140145
0.140153
0.140159
0.140165
0.14017
0.140175
0.140179
0.140184
0.140189
0.140194
0.1402
0.140207
0.140214
0.14022
0.140227
0.140234
0.14024
0.140247
0.140253
0.140259
0.140266
0.140272
0.140278
0.140285
0.140292
0.140298
0.140072
0.140072
0.140071
0.140066
0.14006
0.140051
0.14004
0.140026
0.140013
0.140016
0.140019
0.140023
0.140026
0.14003
0.140033
0.140037
0.14004
0.140042
0.140045
0.140047
0.140048
0.140049
0.14005
0.140051
0.140051
0.140051
0.14005
0.14005
0.140048
0.140048
0.140046
0.140045
0.140043
0.140041
0.140038
0.140035
0.140032
0.140029
0.140027
0.140069
0.140065
0.140058
0.140047
0.140032
0.140013
0.140007
0.140043
0.140072
0.140098
0.140116
0.14013
0.140141
0.140151
0.14016
0.140169
0.140176
0.140183
0.140189
0.140195
0.140202
0.140208
0.140215
0.140223
0.140232
0.140241
0.14025
0.140259
0.140267
0.140276
0.140284
0.140293
0.140301
0.140309
0.140317
0.140325
0.140334
0.140344
0.140352
0.140061
0.140062
0.14006
0.140055
0.140048
0.14004
0.140028
0.140015
0.140006
0.140018
0.140025
0.140031
0.140037
0.140042
0.140047
0.140051
0.140055
0.140058
0.140062
0.140064
0.140067
0.140069
0.14007
0.140071
0.140072
0.140072
0.140073
0.140072
0.140072
0.140072
0.140071
0.14007
0.140068
0.140067
0.140065
0.140062
0.140059
0.140055
0.140049
0.140059
0.140056
0.140049
0.140039
0.140025
0.140008
0.140012
0.140047
0.140075
0.1401
0.140118
0.140134
0.140149
0.140162
0.140175
0.140185
0.140195
0.140204
0.140212
0.140219
0.140227
0.140235
0.140243
0.140252
0.140262
0.140272
0.140281
0.14029
0.140299
0.140308
0.140316
0.140325
0.140333
0.140341
0.140349
0.140358
0.140367
0.140377
0.140386
0.14005
0.14005
0.140048
0.140043
0.140037
0.140028
0.140017
0.140007
0.140005
0.140021
0.140031
0.140039
0.140047
0.140053
0.140059
0.140065
0.14007
0.140074
0.140078
0.140082
0.140085
0.140088
0.14009
0.140092
0.140093
0.140095
0.140096
0.140097
0.140098
0.140099
0.140099
0.1401
0.140101
0.140101
0.140102
0.140102
0.140102
0.140102
0.140101
0.140048
0.140045
0.140039
0.14003
0.140018
0.140004
0.140015
0.140045
0.140073
0.140099
0.140122
0.140143
0.140162
0.140178
0.140192
0.140203
0.140213
0.140221
0.140228
0.140235
0.140242
0.140248
0.140255
0.140262
0.140269
0.140276
0.140283
0.140289
0.140295
0.1403
0.140306
0.140311
0.140316
0.140321
0.140326
0.140331
0.140337
0.140342
0.140349
0.140037
0.140037
0.140035
0.140031
0.140025
0.140018
0.140008
0.140003
0.140008
0.140022
0.140032
0.140042
0.140052
0.14006
0.140068
0.140075
0.140082
0.140088
0.140094
0.140099
0.140104
0.140108
0.140111
0.140114
0.140116
0.140118
0.14012
0.14012
0.140119
0.140121
0.140122
0.140121
0.140121
0.140119
0.140118
0.140116
0.140114
0.140113
0.140113
0.140036
0.140034
0.140029
0.140022
0.140012
0.140003
0.140016
0.140039
0.140066
0.140099
0.140127
0.140149
0.140165
0.140178
0.140187
0.140193
0.140199
0.140203
0.140207
0.14021
0.140213
0.140215
0.140218
0.140222
0.140226
0.14023
0.140235
0.14024
0.140246
0.140251
0.140258
0.140264
0.140271
0.140278
0.140285
0.140292
0.140301
0.140311
0.140318
0.140023
0.140023
0.140021
0.140018
0.140014
0.140009
0.140002
0.140003
0.140009
0.140016
0.140026
0.140037
0.140048
0.140058
0.140067
0.140075
0.140082
0.140088
0.140094
0.1401
0.140106
0.140112
0.140118
0.140123
0.140129
0.140135
0.140141
0.140148
0.140155
0.14016
0.140166
0.140173
0.14018
0.140188
0.140195
0.140203
0.140211
0.140221
0.14023
0.140023
0.140021
0.140018
0.140013
0.140006
0.140003
0.140014
0.140026
0.140058
0.140091
0.140109
0.140117
0.140122
0.140126
0.14013
0.140134
0.140137
0.140141
0.140144
0.140147
0.140151
0.140156
0.140163
0.140174
0.140187
0.140201
0.140218
0.140235
0.140253
0.140272
0.140291
0.140311
0.140331
0.140352
0.140373
0.140395
0.140418
0.140445
0.140469
0.140008
0.140008
0.140007
0.140006
0.140004
0.140002
0.14
0.140002
0.140005
0.140006
0.140015
0.140031
0.140049
0.140068
0.140086
0.140103
0.140119
0.140134
0.140148
0.140162
0.140173
0.140184
0.140193
0.140201
0.140207
0.140212
0.140216
0.14022
0.140221
0.140223
0.140225
0.140225
0.140226
0.140226
0.140226
0.140226
0.140228
0.140232
0.140234
0.140008
0.140007
0.140006
0.140004
0.140002
0.140001
0.140006
0.140009
0.140034
0.140042
0.140031
0.140029
0.140037
0.14005
0.140066
0.140083
0.140099
0.140114
0.140128
0.140141
0.140153
0.140165
0.140178
0.140192
0.140206
0.14022
0.140234
0.140246
0.140258
0.140269
0.140279
0.140288
0.140297
0.140305
0.140313
0.140319
0.140326
0.140333
0.140338
0.119227
0.131019
0.160903
0.180507
0.187562
0.184017
0.171436
0.152287
0.131323
0.114615
0.105946
0.104225
0.106811
0.111086
0.115548
0.119552
0.122928
0.125703
0.127972
0.129832
0.131384
0.132702
0.133811
0.134732
0.135499
0.136139
0.136676
0.137135
0.137532
0.13788
0.138185
0.138452
0.138685
0.138891
0.139075
0.139239
0.139387
0.13952
0.139638
0.139744
0.139842
0.139936
0.140028
0.140109
0.14017
0.140211
0.140235
0.140247
0.140258
0.140268
0.140276
0.140283
0.140289
0.140292
0.140293
0.140293
0.140291
0.140288
0.140284
0.140279
0.140272
0.140264
0.140253
0.140238
0.14022
0.140199
0.140179
0.140161
0.140144
0.140123
0.140099
0.140074
0.140042
0.140015
0.140025
0.140047
0.140101
0.140112
0.140236
0.140236
0.111345
0.0883445
0.07041
0.0628958
0.0629161
0.0685247
0.0774579
0.0869699
0.0957201
0.103315
0.10972
0.115029
0.119377
0.122912
0.125776
0.1281
0.129991
0.131538
0.13281
0.133864
0.134744
0.135485
0.136115
0.136651
0.13711
0.137502
0.13784
0.138131
0.138384
0.138603
0.138795
0.138963
0.13911
0.139239
0.139353
0.139456
0.139553
0.139649
0.139738
0.13982
0.139897
0.139963
0.140011
0.140045
0.140067
0.140081
0.14009
0.140096
0.1401
0.140103
0.140103
0.140101
0.140095
0.140086
0.140072
0.140053
0.140028
0.139991
0.139951
0.139942
0.139954
0.139995
0.140041
0.140074
0.140103
0.140134
0.140164
0.140191
0.14021
0.140224
0.140234
0.140245
0.140265
0.140304
0.14036
0.140392
0.140352
0.140325
0.140486
0.140344
0.146618
0.156685
0.172311
0.192486
0.20287
0.20087
0.188105
0.167467
0.143476
0.122427
0.109551
0.105253
0.106646
0.110536
0.114966
0.119051
0.122521
0.125377
0.127706
0.129614
0.1312
0.132542
0.133668
0.134602
0.135364
0.136002
0.136552
0.137024
0.137433
0.13779
0.138104
0.138378
0.138619
0.138833
0.139023
0.139192
0.139344
0.13948
0.139603
0.139712
0.139812
0.139912
0.14001
0.140096
0.140162
0.140206
0.140233
0.140246
0.140257
0.140267
0.140275
0.140283
0.140291
0.140294
0.140296
0.140296
0.140294
0.140291
0.140287
0.140282
0.140276
0.140268
0.140257
0.140242
0.140224
0.140203
0.140182
0.140164
0.140147
0.140126
0.140101
0.140076
0.140044
0.140015
0.140024
0.140047
0.1401
0.140112
0.14024
0.140237
0.125281
0.096018
0.0737388
0.065617
0.0671052
0.0736746
0.0824206
0.0912591
0.0992696
0.10619
0.112018
0.116847
0.120804
0.124027
0.126645
0.128773
0.130509
0.131931
0.133101
0.134069
0.134877
0.135561
0.136152
0.136669
0.137114
0.137497
0.137828
0.138115
0.138365
0.138583
0.138774
0.138942
0.139089
0.139219
0.139335
0.13944
0.13954
0.139638
0.139728
0.139814
0.139893
0.13996
0.140008
0.140041
0.140064
0.140078
0.140088
0.140094
0.140099
0.140102
0.140102
0.1401
0.140094
0.140084
0.14007
0.14005
0.140024
0.139985
0.139947
0.13994
0.139955
0.139998
0.140044
0.140076
0.140106
0.140137
0.140168
0.140194
0.140213
0.140227
0.140237
0.140248
0.140269
0.14031
0.140366
0.140396
0.140355
0.140332
0.140496
0.140347
0.155244
0.172062
0.182583
0.19677
0.21089
0.215138
0.206825
0.187612
0.161712
0.135628
0.116488
0.107556
0.106681
0.109813
0.114125
0.118307
0.121919
0.124902
0.127331
0.129313
0.130952
0.132328
0.133477
0.134416
0.135193
0.135847
0.136413
0.136899
0.137321
0.137691
0.138015
0.1383
0.138549
0.138768
0.138964
0.139143
0.139306
0.13945
0.139578
0.139691
0.139795
0.139896
0.139997
0.140086
0.140156
0.140203
0.140232
0.140246
0.140258
0.140268
0.140277
0.140285
0.140293
0.140297
0.140299
0.140299
0.140298
0.140295
0.140291
0.140286
0.140279
0.140271
0.140261
0.140246
0.140228
0.140206
0.140185
0.140167
0.14015
0.140129
0.140104
0.140078
0.140046
0.140015
0.140023
0.140046
0.140099
0.140112
0.140244
0.14024
0.128105
0.0973903
0.0756497
0.0693589
0.0727538
0.0800075
0.0883193
0.0963104
0.103437
0.10956
0.114709
0.118978
0.122483
0.125346
0.127681
0.129587
0.131148
0.132431
0.13349
0.134368
0.135103
0.135729
0.136273
0.136749
0.137166
0.137531
0.13785
0.138127
0.138369
0.138582
0.13877
0.138935
0.139081
0.139209
0.139324
0.139431
0.139535
0.139636
0.139729
0.139817
0.139897
0.139962
0.140009
0.140042
0.140063
0.140078
0.140087
0.140094
0.140099
0.140102
0.140103
0.1401
0.140094
0.140083
0.140068
0.140048
0.140019
0.139979
0.139943
0.139938
0.139956
0.140001
0.140047
0.140079
0.14011
0.140141
0.140171
0.140198
0.140217
0.14023
0.14024
0.140251
0.140273
0.140316
0.140373
0.1404
0.140358
0.14034
0.140507
0.140351
0.151892
0.17495
0.189371
0.199119
0.211283
0.221663
0.222334
0.210435
0.187515
0.15867
0.131805
0.114266
0.107826
0.108792
0.112712
0.117056
0.12092
0.124129
0.126736
0.128851
0.130584
0.132025
0.133221
0.134181
0.134987
0.135669
0.136256
0.136763
0.137202
0.137586
0.137922
0.138217
0.138479
0.138713
0.138919
0.139105
0.139275
0.139425
0.139557
0.139674
0.13978
0.139883
0.139985
0.140077
0.14015
0.140201
0.140232
0.140248
0.140259
0.14027
0.140279
0.140288
0.140296
0.1403
0.140302
0.140302
0.140301
0.140299
0.140295
0.14029
0.140283
0.140275
0.140265
0.14025
0.140232
0.14021
0.140189
0.140171
0.140153
0.140132
0.140107
0.14008
0.140048
0.140016
0.140021
0.140046
0.140098
0.140111
0.140248
0.140243
0.122566
0.0942435
0.0771768
0.0744041
0.0793627
0.0867051
0.0943138
0.10137
0.107585
0.112906
0.117379
0.121094
0.124155
0.126666
0.128723
0.130411
0.1318
0.132947
0.133898
0.134691
0.13536
0.135933
0.136432
0.136868
0.137252
0.137591
0.137891
0.138156
0.138389
0.138595
0.138777
0.138938
0.139081
0.139209
0.139325
0.139435
0.139542
0.139644
0.139739
0.139828
0.139906
0.139968
0.140013
0.140044
0.140065
0.140079
0.140088
0.140095
0.140099
0.140102
0.140103
0.1401
0.140093
0.140082
0.140067
0.140045
0.140015
0.139973
0.139939
0.139936
0.139957
0.140005
0.14005
0.140082
0.140113
0.140144
0.140175
0.140202
0.14022
0.140233
0.140243
0.140255
0.140278
0.140322
0.14038
0.140405
0.140361
0.140348
0.140518
0.140354
0.140428
0.167363
0.188067
0.201095
0.210038
0.220502
0.228709
0.227561
0.213904
0.189036
0.158526
0.131122
0.114278
0.108993
0.110834
0.115097
0.11936
0.122941
0.125832
0.12816
0.130048
0.131599
0.13288
0.133906
0.134741
0.135459
0.136076
0.136609
0.13707
0.137471
0.137826
0.13814
0.138417
0.138662
0.138877
0.139069
0.139244
0.1394
0.139537
0.139657
0.139765
0.139869
0.139972
0.140067
0.140143
0.140198
0.140232
0.140249
0.140261
0.140272
0.140282
0.14029
0.140299
0.140304
0.140306
0.140306
0.140305
0.140303
0.140299
0.140294
0.140287
0.140279
0.140269
0.140254
0.140236
0.140214
0.140192
0.140174
0.140157
0.140135
0.14011
0.140083
0.140051
0.140016
0.14002
0.140045
0.140097
0.140111
0.140253
0.140246
0.112221
0.0898339
0.0797537
0.0806969
0.086504
0.0934216
0.100143
0.106229
0.111547
0.116092
0.119919
0.123108
0.125748
0.127926
0.129722
0.131205
0.132432
0.133451
0.134302
0.135016
0.135624
0.136149
0.136608
0.13701
0.137365
0.13768
0.13796
0.138208
0.138429
0.138626
0.138801
0.138957
0.139097
0.139224
0.13934
0.139451
0.139558
0.13966
0.139754
0.139841
0.139917
0.139976
0.140018
0.140047
0.140067
0.14008
0.140089
0.140096
0.1401
0.140103
0.140103
0.1401
0.140093
0.140081
0.140065
0.140042
0.14001
0.139967
0.139934
0.139934
0.139959
0.140009
0.140053
0.140086
0.140117
0.140148
0.140179
0.140206
0.140224
0.140237
0.140246
0.140258
0.140283
0.140329
0.140388
0.140409
0.140364
0.140358
0.14053
0.140357
0.124547
0.151766
0.177381
0.196866
0.209305
0.217746
0.226881
0.23386
0.231996
0.217738
0.191998
0.160474
0.132381
0.115406
0.110401
0.112604
0.117039
0.12122
0.124571
0.127206
0.129314
0.131028
0.132431
0.13356
0.134463
0.135211
0.135864
0.136431
0.13692
0.137345
0.137726
0.13806
0.138351
0.138607
0.138831
0.139031
0.139211
0.139372
0.139514
0.139638
0.139749
0.139854
0.139958
0.140055
0.140136
0.140194
0.140231
0.140251
0.140264
0.140275
0.140285
0.140293
0.140302
0.140307
0.14031
0.14031
0.140309
0.140307
0.140303
0.140298
0.140292
0.140284
0.140273
0.140259
0.14024
0.140218
0.140196
0.140178
0.14016
0.140138
0.140113
0.140085
0.140053
0.140017
0.140018
0.140044
0.140096
0.14011
0.140258
0.14025
0.10147
0.0875678
0.0843265
0.0878726
0.0937745
0.0999414
0.105695
0.110826
0.115287
0.119101
0.122322
0.125019
0.127265
0.129131
0.13068
0.131969
0.133043
0.133942
0.134697
0.135339
0.13589
0.13637
0.136792
0.137163
0.137491
0.137785
0.138046
0.138279
0.138487
0.138674
0.138841
0.138991
0.139127
0.13925
0.139365
0.139475
0.139581
0.139681
0.139773
0.139858
0.13993
0.139985
0.140024
0.140051
0.140069
0.140082
0.140091
0.140097
0.140101
0.140104
0.140104
0.1401
0.140093
0.14008
0.140063
0.140039
0.140005
0.139961
0.13993
0.139933
0.139961
0.140013
0.140056
0.140089
0.14012
0.140152
0.140184
0.14021
0.140228
0.14024
0.14025
0.140262
0.140288
0.140336
0.140395
0.140413
0.140367
0.140368
0.140542
0.140359
0.109294
0.131982
0.15862
0.183529
0.202701
0.215198
0.223473
0.231543
0.237862
0.236021
0.222002
0.196187
0.164096
0.135119
0.117325
0.111907
0.114092
0.118607
0.122745
0.125925
0.128354
0.130283
0.13185
0.133116
0.134123
0.134934
0.13562
0.136222
0.136746
0.137207
0.137614
0.137969
0.138277
0.138546
0.13878
0.138988
0.139175
0.139342
0.139489
0.139617
0.139732
0.139838
0.139944
0.140043
0.140127
0.14019
0.14023
0.140253
0.140266
0.140277
0.140287
0.140296
0.140305
0.140311
0.140314
0.140314
0.140314
0.140311
0.140308
0.140303
0.140296
0.140288
0.140278
0.140264
0.140245
0.140223
0.1402
0.140182
0.140164
0.140142
0.140116
0.140088
0.140056
0.140019
0.140017
0.140043
0.140095
0.14011
0.140263
0.140255
0.0947162
0.0892524
0.0906968
0.0953484
0.100783
0.106046
0.110836
0.11507
0.118744
0.121891
0.124559
0.126806
0.128692
0.13027
0.131592
0.1327
0.133631
0.134417
0.135084
0.135658
0.136156
0.136593
0.136978
0.13732
0.137624
0.137896
0.13814
0.138359
0.138555
0.138731
0.13889
0.139033
0.139163
0.139283
0.139395
0.139503
0.139607
0.139704
0.139794
0.139876
0.139943
0.139994
0.14003
0.140055
0.140073
0.140084
0.140093
0.140099
0.140103
0.140105
0.140105
0.140101
0.140092
0.140079
0.140061
0.140036
0.14
0.139955
0.139926
0.139932
0.139963
0.140017
0.14006
0.140093
0.140125
0.140157
0.140188
0.140215
0.140232
0.140244
0.140253
0.140266
0.140294
0.140344
0.140403
0.140418
0.14037
0.14038
0.140556
0.140361
0.0998314
0.113916
0.135991
0.162016
0.186753
0.206283
0.219364
0.227796
0.235017
0.24104
0.239738
0.226597
0.201345
0.169058
0.139073
0.119924
0.113512
0.115333
0.119842
0.123985
0.127062
0.129332
0.131109
0.132544
0.133691
0.134601
0.135338
0.135979
0.136542
0.137045
0.137483
0.137863
0.138191
0.138475
0.138722
0.138939
0.139133
0.139307
0.13946
0.139594
0.139712
0.139821
0.139927
0.140029
0.140117
0.140185
0.140229
0.140254
0.140269
0.14028
0.14029
0.1403
0.140308
0.140315
0.140318
0.140319
0.140318
0.140316
0.140312
0.140307
0.140301
0.140293
0.140283
0.140269
0.14025
0.140228
0.140205
0.140186
0.140168
0.140146
0.14012
0.140091
0.140059
0.140021
0.140016
0.140042
0.140095
0.140109
0.140268
0.140261
0.0940469
0.0943667
0.0979367
0.102574
0.107243
0.111579
0.115469
0.118894
0.121867
0.124422
0.1266
0.128448
0.130011
0.131331
0.132446
0.133389
0.13419
0.134873
0.13546
0.13597
0.136418
0.136813
0.137165
0.137478
0.137759
0.138012
0.138238
0.138443
0.138627
0.138793
0.138943
0.13908
0.139204
0.139319
0.139429
0.139535
0.139635
0.13973
0.139817
0.139894
0.139957
0.140004
0.140037
0.14006
0.140076
0.140087
0.140095
0.140101
0.140105
0.140107
0.140106
0.140101
0.140092
0.140078
0.140059
0.140032
0.139994
0.139949
0.139922
0.139931
0.139966
0.140022
0.140064
0.140097
0.140129
0.140161
0.140193
0.140219
0.140236
0.140248
0.140257
0.140271
0.1403
0.140353
0.140412
0.140423
0.140374
0.140393
0.140569
0.140363
0.0981725
0.103343
0.116405
0.137334
0.162712
0.187606
0.207966
0.222064
0.230965
0.237538
0.243511
0.243114
0.231347
0.207183
0.175047
0.14403
0.123148
0.115257
0.116408
0.120836
0.125007
0.128033
0.130181
0.131823
0.133135
0.134182
0.135011
0.135699
0.136303
0.136851
0.137327
0.137737
0.138089
0.138392
0.138654
0.138883
0.139086
0.139267
0.139427
0.139568
0.13969
0.139802
0.13991
0.140014
0.140106
0.140178
0.140227
0.140255
0.140272
0.140283
0.140294
0.140303
0.140312
0.140319
0.140322
0.140324
0.140323
0.140321
0.140317
0.140313
0.140306
0.140298
0.140288
0.140274
0.140255
0.140233
0.14021
0.14019
0.140172
0.14015
0.140123
0.140095
0.140062
0.140023
0.140014
0.140041
0.140094
0.140108
0.140274
0.140267
0.0982816
0.101185
0.105116
0.109166
0.112983
0.116452
0.119544
0.122263
0.124631
0.126675
0.128431
0.129932
0.131213
0.132305
0.133237
0.134033
0.134717
0.135307
0.135822
0.136274
0.136674
0.137031
0.13735
0.137637
0.137895
0.138128
0.138339
0.138529
0.138701
0.138857
0.138999
0.139128
0.139247
0.139359
0.139466
0.139568
0.139666
0.139757
0.139841
0.139914
0.139972
0.140015
0.140045
0.140066
0.14008
0.14009
0.140098
0.140103
0.140107
0.140108
0.140107
0.140101
0.140091
0.140077
0.140056
0.140027
0.139987
0.139943
0.139919
0.139931
0.13997
0.140027
0.140068
0.140101
0.140134
0.140166
0.140198
0.140224
0.140241
0.140252
0.140261
0.140276
0.140307
0.140362
0.14042
0.140427
0.140378
0.140407
0.140584
0.140364
0.102237
0.10176
0.105909
0.117373
0.136718
0.161274
0.186431
0.207908
0.223365
0.23304
0.239198
0.245192
0.245912
0.235917
0.213327
0.181731
0.149798
0.126968
0.117221
0.117389
0.121619
0.125837
0.128866
0.130926
0.132447
0.133648
0.134606
0.135375
0.136026
0.136619
0.13714
0.137587
0.137968
0.138294
0.138575
0.138818
0.139032
0.139222
0.13939
0.139537
0.139666
0.139781
0.13989
0.139996
0.140093
0.14017
0.140224
0.140256
0.140274
0.140286
0.140297
0.140307
0.140316
0.140323
0.140327
0.140329
0.140328
0.140326
0.140323
0.140318
0.140312
0.140304
0.140294
0.14028
0.140261
0.140238
0.140215
0.140195
0.140176
0.140154
0.140127
0.140098
0.140065
0.140025
0.140013
0.14004
0.140093
0.140106
0.140279
0.140274
0.104797
0.108172
0.111639
0.114922
0.11793
0.120639
0.12305
0.125174
0.127032
0.128648
0.130046
0.131252
0.132292
0.133188
0.13396
0.134629
0.13521
0.135719
0.136168
0.136567
0.136924
0.137244
0.137533
0.137794
0.138031
0.138245
0.13844
0.138616
0.138777
0.138923
0.139057
0.139179
0.139293
0.139401
0.139504
0.139604
0.139698
0.139786
0.139865
0.139933
0.139986
0.140025
0.140052
0.140071
0.140084
0.140094
0.1401
0.140106
0.140109
0.14011
0.140108
0.140101
0.140091
0.140075
0.140053
0.140022
0.13998
0.139936
0.139916
0.139932
0.139975
0.140032
0.140073
0.140106
0.140139
0.140172
0.140204
0.14023
0.140245
0.140256
0.140265
0.140281
0.140315
0.140371
0.140429
0.140432
0.140382
0.140422
0.140599
0.140364
0.108634
0.106078
0.105048
0.107918
0.117424
0.134774
0.158183
0.183487
0.206187
0.223273
0.234152
0.241
0.246773
0.248406
0.240267
0.219561
0.188864
0.15622
0.131373
0.119469
0.118364
0.122242
0.1265
0.129576
0.131585
0.132999
0.134098
0.134981
0.135701
0.136344
0.136914
0.137406
0.137824
0.138179
0.138482
0.138742
0.138969
0.13917
0.139347
0.139502
0.139638
0.139757
0.139869
0.139977
0.140077
0.14016
0.14022
0.140256
0.140277
0.14029
0.140301
0.14031
0.14032
0.140327
0.140332
0.140334
0.140334
0.140332
0.140328
0.140323
0.140317
0.140309
0.140299
0.140285
0.140267
0.140244
0.14022
0.140199
0.140181
0.140158
0.140132
0.140102
0.140069
0.140028
0.140012
0.140038
0.140092
0.140105
0.140285
0.140281
0.111533
0.114471
0.117237
0.11978
0.122086
0.124159
0.126008
0.127645
0.129085
0.130348
0.131451
0.132412
0.13325
0.13398
0.134617
0.135176
0.135669
0.136107
0.136497
0.136849
0.137165
0.137452
0.137713
0.13795
0.138165
0.138362
0.138541
0.138705
0.138854
0.13899
0.139116
0.139232
0.13934
0.139444
0.139545
0.139641
0.139731
0.139815
0.13989
0.139952
0.140001
0.140035
0.14006
0.140077
0.140089
0.140097
0.140104
0.140108
0.140111
0.140112
0.140109
0.140101
0.14009
0.140073
0.14005
0.140017
0.139973
0.13993
0.139913
0.139933
0.139981
0.140037
0.140077
0.140111
0.140144
0.140177
0.140209
0.140235
0.14025
0.14026
0.14027
0.140287
0.140323
0.140382
0.140438
0.140437
0.140387
0.140439
0.140614
0.140363
0.115055
0.112402
0.109769
0.108185
0.10972
0.117082
0.132078
0.153904
0.179039
0.202903
0.221867
0.234587
0.242481
0.248073
0.250533
0.244294
0.225707
0.196247
0.163165
0.136337
0.122072
0.1194
0.122747
0.127026
0.130181
0.132169
0.133493
0.134499
0.135315
0.136015
0.136642
0.137187
0.13765
0.138041
0.138372
0.138654
0.138897
0.13911
0.139298
0.139462
0.139605
0.139731
0.139846
0.139956
0.140059
0.140148
0.140214
0.140256
0.140279
0.140293
0.140304
0.140314
0.140324
0.140332
0.140337
0.140339
0.140339
0.140338
0.140334
0.140329
0.140323
0.140315
0.140305
0.140292
0.140273
0.14025
0.140226
0.140205
0.140186
0.140163
0.140136
0.140106
0.140073
0.140031
0.140012
0.140037
0.14009
0.140103
0.140291
0.14029
0.117484
0.119767
0.121861
0.123772
0.125504
0.127066
0.128464
0.129711
0.130817
0.131796
0.132659
0.133421
0.134092
0.134685
0.135209
0.135676
0.136094
0.13647
0.136809
0.137117
0.137398
0.137654
0.137888
0.138102
0.138298
0.138477
0.138642
0.138793
0.138931
0.139058
0.139176
0.139286
0.13939
0.13949
0.139587
0.139679
0.139766
0.139845
0.139915
0.139972
0.140015
0.140046
0.140067
0.140083
0.140093
0.140101
0.140107
0.140111
0.140114
0.140113
0.14011
0.140102
0.140089
0.140071
0.140046
0.140011
0.139966
0.139924
0.139911
0.139936
0.139987
0.140043
0.140082
0.140116
0.14015
0.140183
0.140215
0.140241
0.140255
0.140265
0.140275
0.140293
0.140332
0.140393
0.140448
0.140442
0.140392
0.140458
0.14063
0.140361
0.120535
0.11843
0.115957
0.113314
0.111271
0.11156
0.11676
0.129145
0.148914
0.173411
0.198216
0.219167
0.234058
0.243314
0.248873
0.252118
0.247814
0.231558
0.203678
0.170491
0.141831
0.125076
0.120567
0.123186
0.127433
0.130687
0.132686
0.133939
0.13486
0.135626
0.136315
0.136922
0.13744
0.137876
0.138241
0.138549
0.138813
0.139041
0.139241
0.139416
0.139568
0.139701
0.13982
0.139933
0.140039
0.140133
0.140206
0.140254
0.140281
0.140297
0.140308
0.140318
0.140328
0.140336
0.140342
0.140345
0.140345
0.140344
0.14034
0.140336
0.140329
0.140322
0.140312
0.140298
0.14028
0.140257
0.140232
0.14021
0.140191
0.140168
0.140141
0.14011
0.140077
0.140034
0.140012
0.140035
0.140089
0.140101
0.140297
0.140298
0.122356
0.124039
0.125579
0.126987
0.128268
0.12943
0.130478
0.131419
0.132263
0.133017
0.13369
0.134291
0.134828
0.135309
0.135742
0.136132
0.136486
0.136808
0.137102
0.137372
0.13762
0.137848
0.138057
0.13825
0.138427
0.138591
0.138741
0.13888
0.139008
0.139126
0.139237
0.139341
0.139441
0.139537
0.13963
0.139718
0.139801
0.139875
0.139939
0.13999
0.140028
0.140056
0.140075
0.140088
0.140098
0.140105
0.140111
0.140114
0.140116
0.140115
0.14011
0.140101
0.140088
0.140069
0.140041
0.140004
0.139958
0.139918
0.13991
0.13994
0.139995
0.140049
0.140087
0.140121
0.140156
0.140189
0.140222
0.140246
0.14026
0.14027
0.14028
0.1403
0.140341
0.140404
0.140457
0.140446
0.140397
0.140478
0.140646
0.140357
0.124885
0.123367
0.121515
0.119263
0.116701
0.114346
0.11358
0.11675
0.126411
0.14369
0.166977
0.192294
0.21512
0.232344
0.243264
0.24933
0.253205
0.250716
0.236908
0.21093
0.178023
0.147777
0.128504
0.121933
0.12361
0.127742
0.131103
0.133145
0.134346
0.135193
0.135926
0.136596
0.137182
0.137674
0.138084
0.138426
0.138714
0.138961
0.139175
0.139362
0.139525
0.139666
0.139791
0.139907
0.140017
0.140116
0.140195
0.14025
0.140282
0.1403
0.140312
0.140323
0.140332
0.140341
0.140348
0.140351
0.140351
0.14035
0.140347
0.140342
0.140336
0.140328
0.140319
0.140305
0.140287
0.140264
0.140238
0.140216
0.140197
0.140174
0.140146
0.140115
0.140081
0.140037
0.140012
0.140033
0.140088
0.140099
0.140302
0.140308
0.12619
0.1274
0.128513
0.129537
0.130475
0.131332
0.132112
0.13282
0.133461
0.134041
0.134565
0.13504
0.135471
0.135862
0.136219
0.136546
0.136846
0.137122
0.137377
0.137613
0.137831
0.138033
0.13822
0.138393
0.138554
0.138702
0.13884
0.138967
0.139085
0.139195
0.139299
0.139398
0.139493
0.139586
0.139674
0.139758
0.139836
0.139905
0.139963
0.140008
0.140042
0.140066
0.140082
0.140094
0.140103
0.14011
0.140114
0.140118
0.140119
0.140117
0.140111
0.140101
0.140086
0.140066
0.140036
0.139996
0.13995
0.139912
0.13991
0.139944
0.140002
0.140055
0.140093
0.140127
0.140162
0.140196
0.140228
0.140252
0.140265
0.140275
0.140285
0.140307
0.140352
0.140417
0.140467
0.140451
0.140403
0.140501
0.140663
0.140353
0.128224
0.127166
0.12588
0.124284
0.122289
0.119893
0.117403
0.115833
0.117222
0.124205
0.138671
0.160139
0.185373
0.209753
0.229337
0.242334
0.249871
0.254172
0.253192
0.241761
0.217887
0.185617
0.154083
0.132342
0.123532
0.124047
0.127955
0.131429
0.133545
0.134723
0.135521
0.136222
0.136866
0.137425
0.137891
0.138276
0.138596
0.138867
0.139099
0.1393
0.139475
0.139626
0.139758
0.139878
0.139992
0.140096
0.140182
0.140245
0.140283
0.140304
0.140317
0.140327
0.140337
0.140346
0.140353
0.140357
0.140358
0.140357
0.140354
0.140349
0.140343
0.140335
0.140326
0.140312
0.140294
0.140271
0.140245
0.140222
0.140203
0.14018
0.140152
0.140119
0.140085
0.140041
0.140013
0.140031
0.140086
0.140096
0.140308
0.140318
0.129143
0.130002
0.1308
0.131539
0.132222
0.132852
0.133431
0.133963
0.134451
0.134898
0.135308
0.135685
0.136032
0.136352
0.136647
0.136922
0.137176
0.137414
0.137634
0.13784
0.138032
0.138211
0.138377
0.138532
0.138677
0.138811
0.138936
0.139052
0.139161
0.139264
0.139362
0.139456
0.139547
0.139635
0.139719
0.139799
0.139871
0.139934
0.139985
0.140025
0.140054
0.140075
0.14009
0.1401
0.140108
0.140114
0.140118
0.140121
0.140121
0.140118
0.140112
0.1401
0.140084
0.140062
0.14003
0.139988
0.139941
0.139907
0.139911
0.139951
0.140011
0.140062
0.140099
0.140134
0.140169
0.140203
0.140235
0.140259
0.140271
0.14028
0.140291
0.140315
0.140363
0.14043
0.140477
0.140455
0.14041
0.140525
0.140679
0.140347
0.130749
0.130017
0.129141
0.128069
0.126725
0.125006
0.122845
0.120383
0.118282
0.11822
0.122731
0.134225
0.153316
0.17777
0.2032
0.225047
0.24058
0.249926
0.254722
0.25513
0.246049
0.22447
0.193192
0.160709
0.13663
0.12546
0.124593
0.128135
0.131673
0.133859
0.135035
0.13581
0.136495
0.137123
0.137658
0.138096
0.138455
0.138755
0.139009
0.139228
0.139417
0.13958
0.13972
0.139846
0.139964
0.140073
0.140166
0.140237
0.140281
0.140306
0.140321
0.140332
0.140342
0.140351
0.140359
0.140363
0.140365
0.140364
0.140361
0.140356
0.14035
0.140343
0.140333
0.14032
0.140302
0.140279
0.140252
0.140229
0.140209
0.140186
0.140158
0.140125
0.14009
0.140046
0.140014
0.140029
0.140085
0.140093
0.140313
0.140329
0.131392
0.132
0.13257
0.133102
0.1336
0.134064
0.134496
0.134897
0.13527
0.135617
0.135941
0.136242
0.136523
0.136786
0.137032
0.137263
0.137479
0.137683
0.137874
0.138053
0.138221
0.138379
0.138527
0.138665
0.138795
0.138916
0.13903
0.139137
0.139237
0.139333
0.139425
0.139515
0.139602
0.139685
0.139765
0.139839
0.139905
0.139962
0.140007
0.140041
0.140066
0.140084
0.140097
0.140106
0.140113
0.140118
0.140122
0.140124
0.140124
0.14012
0.140112
0.1401
0.140082
0.140058
0.140023
0.139979
0.139933
0.139902
0.139913
0.139959
0.140019
0.140068
0.140106
0.140141
0.140176
0.140211
0.140243
0.140265
0.140277
0.140285
0.140297
0.140324
0.140375
0.140444
0.140487
0.14046
0.140418
0.140552
0.140696
0.140339
0.132645
0.132138
0.131538
0.13082
0.129942
0.128832
0.127388
0.125503
0.123189
0.120848
0.119702
0.12206
0.13061
0.146923
0.169932
0.195842
0.219757
0.237966
0.24933
0.254698
0.25629
0.249456
0.230313
0.200358
0.167273
0.141038
0.127493
0.125193
0.128396
0.132045
0.134295
0.135408
0.136091
0.136727
0.137342
0.137868
0.138288
0.138624
0.138904
0.139143
0.139349
0.139526
0.139677
0.13981
0.139932
0.140046
0.140147
0.140226
0.140278
0.140309
0.140325
0.140337
0.140347
0.140357
0.140365
0.14037
0.140372
0.140371
0.140368
0.140364
0.140358
0.140351
0.140341
0.140328
0.14031
0.140287
0.14026
0.140236
0.140216
0.140192
0.140164
0.140131
0.140095
0.14005
0.140016
0.140028
0.140083
0.14009
0.140319
0.14034
0.133097
0.133529
0.133937
0.134323
0.134688
0.135032
0.135357
0.135663
0.135952
0.136224
0.136481
0.136724
0.136954
0.137171
0.137377
0.137572
0.137756
0.137931
0.138096
0.138252
0.1384
0.138539
0.13867
0.138793
0.138909
0.139019
0.139122
0.13922
0.139313
0.139403
0.13949
0.139575
0.139657
0.139736
0.13981
0.139878
0.139938
0.139988
0.140027
0.140057
0.140078
0.140093
0.140104
0.140112
0.140118
0.140123
0.140126
0.140127
0.140126
0.140121
0.140112
0.140098
0.140079
0.140052
0.140016
0.13997
0.139925
0.139899
0.139917
0.139968
0.140028
0.140076
0.140113
0.140148
0.140184
0.140219
0.14025
0.140272
0.140283
0.140291
0.140304
0.140334
0.140389
0.140459
0.140498
0.140464
0.140427
0.140581
0.140712
0.140329
0.13409
0.133737
0.133324
0.132839
0.132259
0.131552
0.130659
0.129485
0.127903
0.125846
0.123486
0.121626
0.122163
0.127788
0.140797
0.161414
0.186926
0.212603
0.233847
0.247995
0.255449
0.258008
0.253131
0.236552
0.208338
0.174925
0.146257
0.129545
0.125037
0.127688
0.131791
0.134567
0.135885
0.13651
0.137016
0.137551
0.138051
0.13846
0.138783
0.139046
0.139269
0.139462
0.139627
0.139769
0.139897
0.140016
0.140123
0.140211
0.140273
0.14031
0.14033
0.140342
0.140352
0.140362
0.140371
0.140377
0.140379
0.140379
0.140376
0.140372
0.140366
0.140359
0.140349
0.140337
0.140319
0.140296
0.140268
0.140244
0.140223
0.140199
0.140171
0.140137
0.140101
0.140055
0.140018
0.140026
0.140081
0.140088
0.140324
0.140353
0.134409
0.134717
0.135011
0.135293
0.135563
0.135821
0.136068
0.136304
0.13653
0.136745
0.136951
0.137149
0.137337
0.137517
0.13769
0.137854
0.138011
0.138161
0.138303
0.138439
0.138568
0.13869
0.138806
0.138916
0.13902
0.139118
0.139212
0.139302
0.139389
0.139473
0.139555
0.139635
0.139713
0.139786
0.139855
0.139917
0.13997
0.140013
0.140046
0.140071
0.140089
0.140102
0.140111
0.140118
0.140124
0.140128
0.14013
0.14013
0.140128
0.140122
0.140111
0.140096
0.140075
0.140046
0.140007
0.13996
0.139917
0.139897
0.139923
0.139979
0.140037
0.140083
0.14012
0.140156
0.140192
0.140227
0.140258
0.140279
0.140289
0.140297
0.140312
0.140345
0.140404
0.140474
0.140508
0.140468
0.140437
0.140612
0.140727
0.140317
0.135406
0.135172
0.134904
0.134592
0.134228
0.133797
0.133276
0.132628
0.131784
0.130641
0.129091
0.12714
0.12515
0.124198
0.126317
0.13389
0.148491
0.169624
0.194368
0.218378
0.237739
0.250587
0.255982
0.255126
0.244716
0.222991
0.193179
0.162975
0.14037
0.129073
0.127207
0.130047
0.133457
0.135679
0.136764
0.137311
0.137739
0.138165
0.138559
0.138887
0.13915
0.139367
0.13955
0.139708
0.139847
0.139973
0.140088
0.140187
0.140261
0.140308
0.140334
0.140348
0.140359
0.140369
0.140378
0.140385
0.140388
0.140389
0.140386
0.140382
0.140377
0.140369
0.14036
0.140347
0.14033
0.140307
0.140279
0.140254
0.140232
0.140208
0.140179
0.140144
0.140107
0.140061
0.140021
0.140024
0.140079
0.140085
0.140328
0.140366
0.13562
0.135829
0.136031
0.136229
0.13642
0.136606
0.136786
0.136961
0.137131
0.137295
0.137454
0.137608
0.137756
0.1379
0.138039
0.138172
0.138301
0.138424
0.138542
0.138656
0.138764
0.138868
0.138967
0.139062
0.139153
0.13924
0.139324
0.139405
0.139485
0.139562
0.139638
0.139712
0.139783
0.139849
0.139909
0.139962
0.140006
0.140041
0.140068
0.140088
0.140102
0.140112
0.14012
0.140126
0.14013
0.140133
0.140135
0.140134
0.14013
0.140122
0.14011
0.140093
0.140069
0.140037
0.139995
0.139947
0.139908
0.139897
0.139932
0.139992
0.140049
0.140093
0.14013
0.140166
0.140203
0.140237
0.140268
0.140287
0.140296
0.140305
0.140322
0.140359
0.140422
0.140492
0.140519
0.140472
0.14045
0.140649
0.140742
0.140303
0.136552
0.136405
0.13624
0.136051
0.135835
0.135586
0.135297
0.134957
0.134546
0.134028
0.133329
0.132326
0.130888
0.129004
0.127054
0.126113
0.128209
0.135629
0.149854
0.170428
0.1946
0.218275
0.237523
0.250269
0.255146
0.252419
0.239459
0.216074
0.18672
0.158947
0.139344
0.130127
0.128993
0.131661
0.134646
0.136545
0.137453
0.137904
0.138261
0.138618
0.138947
0.139221
0.139441
0.139621
0.139775
0.139913
0.140038
0.14015
0.140239
0.1403
0.140336
0.140356
0.140368
0.140378
0.140387
0.140395
0.140399
0.1404
0.140399
0.140395
0.140389
0.140382
0.140372
0.14036
0.140343
0.14032
0.140291
0.140265
0.140243
0.140218
0.140189
0.140153
0.140115
0.140068
0.140024
0.140022
0.140076
0.140082
0.140333
0.140379
0.136688
0.136824
0.136957
0.137089
0.13722
0.137348
0.137474
0.137599
0.137721
0.137841
0.137959
0.138074
0.138186
0.138296
0.138403
0.138507
0.138607
0.138705
0.1388
0.138891
0.13898
0.139065
0.139147
0.139227
0.139305
0.13938
0.139454
0.139527
0.139599
0.139669
0.139737
0.139802
0.139863
0.139919
0.139968
0.14001
0.140045
0.140071
0.140091
0.140105
0.140116
0.140124
0.14013
0.140135
0.140138
0.14014
0.14014
0.140138
0.140132
0.140122
0.140108
0.140088
0.14006
0.140024
0.139979
0.139933
0.1399
0.139902
0.139947
0.140009
0.140062
0.140105
0.140142
0.140179
0.140216
0.14025
0.14028
0.140297
0.140305
0.140314
0.140334
0.140377
0.140445
0.140513
0.140531
0.140476
0.140469
0.140692
0.140756
0.140284
0.137368
0.137271
0.137163
0.137042
0.136906
0.136753
0.136578
0.136379
0.136152
0.135887
0.135568
0.135148
0.134531
0.133562
0.132101
0.130145
0.128147
0.127257
0.12957
0.137341
0.15191
0.172663
0.196831
0.220356
0.239271
0.250978
0.254282
0.248727
0.232614
0.207371
0.178525
0.153339
0.137036
0.130399
0.13055
0.133357
0.135943
0.137414
0.138061
0.138399
0.138703
0.139011
0.139288
0.139512
0.139691
0.139843
0.139979
0.140103
0.140207
0.140285
0.140335
0.140362
0.140376
0.140387
0.140397
0.140405
0.140411
0.140413
0.140412
0.140408
0.140402
0.140395
0.140385
0.140373
0.140357
0.140334
0.140305
0.140278
0.140254
0.140229
0.140199
0.140163
0.140124
0.140076
0.140029
0.140021
0.140073
0.14008
0.140336
0.140393
0.13746
0.137552
0.137644
0.137736
0.137828
0.137919
0.138011
0.138101
0.138191
0.138281
0.138369
0.138456
0.138542
0.138627
0.13871
0.138791
0.138871
0.138949
0.139025
0.139099
0.139172
0.139243
0.139312
0.139381
0.139448
0.139514
0.13958
0.139645
0.139708
0.13977
0.139829
0.139885
0.139936
0.139981
0.14002
0.140052
0.140077
0.140096
0.140111
0.140121
0.140129
0.140135
0.14014
0.140143
0.140146
0.140146
0.140145
0.14014
0.140132
0.14012
0.140103
0.14008
0.140048
0.140008
0.139961
0.139918
0.139895
0.139911
0.139965
0.140026
0.140077
0.140118
0.140155
0.140193
0.140229
0.140264
0.140291
0.140307
0.140314
0.140325
0.140348
0.140397
0.140469
0.140535
0.140541
0.140481
0.140495
0.140737
0.140767
0.140263
0.137969
0.137901
0.137826
0.137743
0.137651
0.137548
0.137434
0.137306
0.137162
0.137
0.136818
0.13661
0.136355
0.135994
0.135414
0.134451
0.132963
0.130975
0.129019
0.128338
0.131109
0.139558
0.154886
0.176274
0.20074
0.223939
0.241786
0.251351
0.252127
0.243193
0.223901
0.197186
0.169388
0.14727
0.134628
0.130769
0.132217
0.135048
0.137131
0.13814
0.138552
0.138812
0.139084
0.139353
0.139581
0.139762
0.139913
0.140047
0.140165
0.140261
0.140327
0.140365
0.140385
0.140397
0.140406
0.140415
0.140422
0.140425
0.140425
0.140422
0.140416
0.140409
0.140399
0.140387
0.140371
0.140348
0.140319
0.140291
0.140266
0.14024
0.14021
0.140173
0.140133
0.140084
0.140034
0.14002
0.14007
0.140077
0.140339
0.140407
0.138034
0.138099
0.138165
0.138232
0.138299
0.138366
0.138434
0.138502
0.138569
0.138637
0.138704
0.138771
0.138838
0.138903
0.138969
0.139033
0.139097
0.13916
0.139222
0.139284
0.139344
0.139405
0.139464
0.139524
0.139583
0.139642
0.139699
0.139756
0.139812
0.139864
0.139914
0.139959
0.14
0.140035
0.140063
0.140086
0.140104
0.140118
0.140128
0.140135
0.140141
0.140146
0.140149
0.140152
0.140153
0.140152
0.140148
0.140142
0.140132
0.140117
0.140097
0.140069
0.140034
0.13999
0.139944
0.139906
0.139895
0.139926
0.139985
0.140044
0.140091
0.140132
0.140169
0.140207
0.140244
0.140278
0.140304
0.140317
0.140324
0.140336
0.140365
0.14042
0.140495
0.140557
0.140551
0.140486
0.140528
0.140785
0.140774
0.140237
0.138427
0.138377
0.138323
0.138263
0.138197
0.138125
0.138045
0.137955
0.137856
0.137745
0.137622
0.137486
0.137338
0.137172
0.136964
0.136647
0.136092
0.13513
0.133618
0.131618
0.129756
0.129399
0.132882
0.142404
0.158958
0.18134
0.206087
0.228418
0.244313
0.250765
0.248291
0.235555
0.213167
0.185568
0.159691
0.141433
0.132819
0.131731
0.134098
0.136634
0.138105
0.138696
0.138947
0.139169
0.139413
0.139639
0.139825
0.139979
0.140112
0.140225
0.140309
0.140363
0.140392
0.140407
0.140417
0.140426
0.140434
0.140438
0.140439
0.140436
0.140431
0.140423
0.140414
0.140402
0.140386
0.140364
0.140335
0.140306
0.14028
0.140253
0.140222
0.140184
0.140143
0.140093
0.140041
0.140019
0.140067
0.140074
0.140342
0.140421
0.138475
0.138523
0.138572
0.138622
0.138672
0.138722
0.138774
0.138825
0.138877
0.138929
0.138981
0.139033
0.139086
0.139138
0.13919
0.139242
0.139295
0.139347
0.139398
0.13945
0.139502
0.139554
0.139606
0.139658
0.13971
0.139761
0.139811
0.139859
0.139905
0.139948
0.139988
0.140023
0.140053
0.140078
0.140098
0.140114
0.140126
0.140136
0.140143
0.140148
0.140153
0.140156
0.140158
0.140159
0.140159
0.140156
0.140151
0.140142
0.140129
0.140111
0.140087
0.140056
0.140016
0.13997
0.139927
0.139898
0.139901
0.139945
0.140006
0.140062
0.140107
0.140147
0.140185
0.140223
0.14026
0.140292
0.140316
0.140327
0.140334
0.140349
0.140384
0.140445
0.140524
0.140578
0.140558
0.140494
0.140569
0.140834
0.140776
0.140209
0.138788
0.138751
0.13871
0.138665
0.138617
0.138563
0.138504
0.138439
0.138368
0.138288
0.138199
0.1381
0.137992
0.137876
0.137754
0.137623
0.137452
0.137167
0.136622
0.13564
0.134084
0.132067
0.130355
0.130527
0.135077
0.146155
0.164384
0.187909
0.212608
0.23327
0.24617
0.249311
0.242734
0.225678
0.200449
0.172971
0.150248
0.136699
0.132164
0.133275
0.135946
0.137906
0.138799
0.139117
0.139308
0.139518
0.139726
0.139903
0.14005
0.140176
0.140279
0.140352
0.140394
0.140416
0.140428
0.140437
0.140446
0.140451
0.140453
0.140451
0.140446
0.140439
0.140429
0.140418
0.140402
0.14038
0.140351
0.140322
0.140294
0.140266
0.140235
0.140196
0.140154
0.140103
0.140048
0.140019
0.140064
0.14007
0.140342
0.140434
0.138824
0.13886
0.138897
0.138935
0.138973
0.139012
0.139052
0.139092
0.139132
0.139173
0.139215
0.139256
0.139299
0.139341
0.139384
0.139427
0.139471
0.139515
0.139559
0.139603
0.139648
0.139693
0.139738
0.139783
0.139827
0.13987
0.139911
0.13995
0.139987
0.14002
0.140049
0.140074
0.140096
0.140113
0.140126
0.140137
0.140145
0.140151
0.140156
0.14016
0.140163
0.140165
0.140167
0.140166
0.140164
0.140159
0.140151
0.14014
0.140124
0.140102
0.140074
0.140038
0.139995
0.13995
0.139911
0.139894
0.139914
0.139968
0.140028
0.14008
0.140123
0.140163
0.140202
0.14024
0.140277
0.140307
0.140328
0.140338
0.140346
0.140365
0.140406
0.140474
0.140554
0.140598
0.140565
0.140504
0.140618
0.140884
0.140771
0.140175
0.139078
0.139049
0.139018
0.138984
0.138947
0.138907
0.138862
0.138814
0.13876
0.138701
0.138635
0.138562
0.138481
0.138391
0.138293
0.138193
0.138093
0.13799
0.137849
0.13758
0.137024
0.135989
0.134355
0.132333
0.130878
0.131879
0.137981
0.151159
0.171403
0.195934
0.219857
0.23807
0.246997
0.246062
0.234625
0.213213
0.186138
0.160466
0.142358
0.133942
0.132984
0.135243
0.13749
0.138674
0.139101
0.139307
0.139531
0.139769
0.13997
0.140124
0.140243
0.140332
0.140391
0.140423
0.140439
0.140449
0.140458
0.140464
0.140467
0.140467
0.140462
0.140455
0.140446
0.140434
0.140418
0.140397
0.140369
0.140338
0.14031
0.14028
0.140248
0.140209
0.140165
0.140113
0.140056
0.14002
0.14006
0.140067
0.140343
0.140447
0.139106
0.139134
0.139163
0.139192
0.139222
0.139253
0.139284
0.139316
0.139349
0.139382
0.139416
0.13945
0.139485
0.13952
0.139556
0.139593
0.13963
0.139667
0.139705
0.139743
0.139782
0.13982
0.139857
0.139894
0.13993
0.139964
0.139997
0.140026
0.140053
0.140077
0.140097
0.140115
0.140129
0.14014
0.140149
0.140155
0.140161
0.140165
0.140169
0.140171
0.140173
0.140174
0.140174
0.140172
0.140167
0.14016
0.14015
0.140135
0.140116
0.14009
0.140058
0.140018
0.139973
0.13993
0.1399
0.139898
0.139935
0.139992
0.14005
0.140099
0.140141
0.140181
0.14022
0.140259
0.140294
0.140322
0.140341
0.140349
0.140358
0.140382
0.140431
0.140506
0.140585
0.140617
0.140569
0.140518
0.140676
0.140933
0.140759
0.140142
0.139322
0.139299
0.139275
0.139248
0.13922
0.139188
0.139154
0.139117
0.139076
0.139032
0.138982
0.138928
0.138867
0.138799
0.138723
0.138639
0.138551
0.138464
0.138384
0.138305
0.138183
0.137913
0.137315
0.136187
0.134445
0.132459
0.131457
0.133739
0.142021
0.157846
0.180208
0.205233
0.227307
0.241754
0.245726
0.239477
0.222462
0.197283
0.170278
0.14868
0.136665
0.13352
0.135271
0.137811
0.13925
0.139625
0.139613
0.139654
0.139814
0.14001
0.140176
0.140297
0.140377
0.140424
0.140448
0.140461
0.140471
0.140478
0.140483
0.140484
0.14048
0.140473
0.140464
0.140452
0.140437
0.140417
0.140388
0.140358
0.140328
0.140297
0.140264
0.140224
0.140179
0.140126
0.140067
0.140022
0.140056
0.140062
0.140339
0.14046
0.139344
0.139367
0.13939
0.139413
0.139437
0.139462
0.139488
0.139514
0.139541
0.139568
0.139596
0.139625
0.139654
0.139684
0.139714
0.139745
0.139776
0.139808
0.139839
0.139871
0.139902
0.139933
0.139962
0.139991
0.140018
0.140044
0.140067
0.140088
0.140106
0.140122
0.140135
0.140146
0.140155
0.140162
0.140167
0.140172
0.140175
0.140178
0.14018
0.140182
0.140182
0.140181
0.140179
0.140175
0.140168
0.140158
0.140144
0.140126
0.140103
0.140073
0.140036
0.139994
0.13995
0.139913
0.139897
0.139912
0.13996
0.140019
0.140073
0.140119
0.140161
0.140201
0.14024
0.140278
0.140312
0.140338
0.140354
0.140361
0.140374
0.140405
0.140462
0.140542
0.140617
0.140634
0.140573
0.140538
0.140745
0.140979
0.140741
0.140122
0.13951
0.139491
0.139471
0.139449
0.139425
0.1394
0.139372
0.139343
0.13931
0.139274
0.139235
0.139193
0.139146
0.139093
0.139035
0.138969
0.138896
0.138816
0.138733
0.138656
0.138592
0.13853
0.138417
0.138118
0.137433
0.136152
0.134261
0.132385
0.132121
0.136277
0.147485
0.16659
0.19137
0.216813
0.236856
0.246996
0.245866
0.233018
0.209638
0.180984
0.1549
0.137721
0.130965
0.13171
0.135143
0.138009
0.139407
0.139813
0.139891
0.139975
0.140111
0.140251
0.140358
0.140424
0.140458
0.140473
0.140482
0.140489
0.140495
0.140496
0.140494
0.140487
0.140478
0.140466
0.140451
0.140431
0.140404
0.140373
0.140342
0.14031
0.140276
0.140236
0.140189
0.140135
0.140074
0.140024
0.140054
0.140059
0.140343
0.14047
0.139529
0.139547
0.139567
0.139586
0.139607
0.139628
0.13965
0.139672
0.139695
0.139718
0.139742
0.139767
0.139792
0.139817
0.139843
0.139869
0.139895
0.139921
0.139947
0.139972
0.139997
0.14002
0.140043
0.140064
0.140084
0.140101
0.140117
0.140131
0.140143
0.140153
0.140161
0.140168
0.140173
0.140177
0.140181
0.140184
0.140186
0.140188
0.140189
0.14019
0.140189
0.140187
0.140183
0.140177
0.140168
0.140156
0.140139
0.140117
0.14009
0.140055
0.140014
0.139969
0.139928
0.139899
0.139897
0.139929
0.139984
0.140042
0.140093
0.140137
0.140178
0.140218
0.140258
0.140296
0.140328
0.140352
0.140364
0.140372
0.140388
0.140425
0.14049
0.140575
0.140645
0.140647
0.140573
0.140555
0.140809
0.141021
0.140712
0.140099
0.139776
0.139762
0.139747
0.139731
0.139713
0.139695
0.139674
0.139653
0.139629
0.139604
0.139576
0.139545
0.139512
0.139476
0.139436
0.139391
0.139342
0.139286
0.139222
0.139154
0.139084
0.139023
0.138982
0.138951
0.138883
0.138643
0.138029
0.136837
0.135062
0.133389
0.133378
0.137614
0.14823
0.165596
0.187505
0.209534
0.227077
0.235997
0.23472
0.222771
0.202191
0.178344
0.157562
0.144009
0.137914
0.136801
0.137729
0.138813
0.13947
0.139792
0.139981
0.140139
0.140278
0.140384
0.140452
0.140488
0.140505
0.140514
0.140521
0.140525
0.140525
0.14052
0.140511
0.140499
0.140484
0.140465
0.140439
0.140409
0.140377
0.140341
0.140305
0.140263
0.140216
0.140158
0.140096
0.140033
0.140051
0.140053
0.140325
0.140494
0.13979
0.139804
0.139818
0.139833
0.139848
0.139863
0.139879
0.139895
0.139912
0.139928
0.139945
0.139963
0.13998
0.139997
0.140014
0.140031
0.140048
0.140065
0.14008
0.140096
0.14011
0.140123
0.140136
0.140147
0.140157
0.140166
0.140173
0.14018
0.140185
0.14019
0.140193
0.140196
0.140199
0.140201
0.140202
0.140203
0.140204
0.140204
0.140203
0.1402
0.140196
0.140191
0.140182
0.140171
0.140157
0.140138
0.140115
0.140087
0.140052
0.140013
0.139972
0.139934
0.139908
0.139903
0.139926
0.139975
0.140031
0.140084
0.140131
0.140173
0.140215
0.140255
0.140294
0.14033
0.140358
0.140376
0.140386
0.140398
0.140425
0.140477
0.140555
0.140641
0.14069
0.140659
0.140582
0.140638
0.140943
0.141068
0.140676
0.140113
)
;

boundaryField
{
    inlet
    {
        type            freestream;
        freestreamValue uniform 0.14;
        value           nonuniform List<scalar> 
134
(
0.14
0.14
0.14
0.14
0.14
0.14
0.14
0.14
0.14
0.14
0.140015
0.140031
0.140049
0.140068
0.140086
0.140103
0.140119
0.140134
0.140148
0.140162
0.14
0.140173
0.140184
0.140193
0.140201
0.140207
0.140212
0.140216
0.14022
0.140221
0.140223
0.140225
0.140225
0.140226
0.140226
0.140226
0.140226
0.140228
0.140232
0.140234
0.14
0.14
0.14
0.14
0.14
0.14
0.14
0.140236
0.140237
0.14024
0.140243
0.140246
0.14025
0.140255
0.140261
0.140267
0.140274
0.140281
0.14029
0.140298
0.140308
0.140318
0.140329
0.14034
0.140353
0.140366
0.140379
0.140393
0.140407
0.140421
0.140434
0.140447
0.14046
0.14047
0.140494
0.14
0.14
0.14
0.14
0.14
0.14
0.14
0.14
0.14
0.14
0.14
0.14
0.14
0.14
0.14
0.14
0.14
0.14
0.14
0.14
0.14
0.14
0.14
0.14
0.14
0.14
0.14
0.14
0.14
0.14
0.14
0.14
0.14
0.14
0.14
0.14
0.14
0.14
0.14
0.14
0.14
0.14
0.14
0.14
0.14
0.14
0.14
0.14
0.14
0.14
0.14
0.14
0.14
0.14
0.14
0.14
0.14
0.14
0.14
)
;
    }
    outlet
    {
        type            freestream;
        freestreamValue uniform 0.14;
        value           nonuniform List<scalar> 
160
(
0.139776
0.13979
0.139762
0.139804
0.139747
0.139818
0.139731
0.139833
0.139713
0.139848
0.139695
0.139863
0.139674
0.139879
0.139653
0.139895
0.139629
0.139912
0.139604
0.139928
0.139576
0.139945
0.139545
0.139963
0.139512
0.13998
0.139476
0.139997
0.139436
0.140014
0.139391
0.140031
0.139342
0.140048
0.139286
0.140065
0.139222
0.14008
0.139154
0.140096
0.139084
0.14011
0.139023
0.140123
0.138982
0.140136
0.138951
0.140147
0.138883
0.140157
0.138643
0.140166
0.138029
0.140173
0.136837
0.14018
0.135062
0.140185
0.133389
0.14019
0.133378
0.140193
0.137614
0.140196
0.14823
0.140199
0.165596
0.140201
0.187505
0.140202
0.209534
0.140203
0.227077
0.140204
0.235997
0.140204
0.23472
0.140203
0.222771
0.1402
0.202191
0.140196
0.178344
0.140191
0.157562
0.140182
0.144009
0.140171
0.137914
0.140157
0.136801
0.140138
0.137729
0.140115
0.138813
0.140087
0.13947
0.140052
0.139792
0.140013
0.139981
0.139972
0.140139
0.139934
0.140278
0.139908
0.140384
0.139903
0.140452
0.139926
0.140488
0.139975
0.140505
0.140031
0.140514
0.140084
0.140521
0.140131
0.140525
0.140173
0.140525
0.140215
0.14052
0.140255
0.140511
0.140294
0.140499
0.14033
0.140484
0.140358
0.140465
0.140376
0.140439
0.140386
0.140409
0.140398
0.140377
0.140425
0.140341
0.140477
0.140305
0.140555
0.140263
0.140641
0.140216
0.14069
0.140158
0.140659
0.140096
0.140582
0.140033
0.140638
0.140051
0.140943
0.140053
0.141068
0.140325
0.140676
0.140494
0.140113
)
;
    }
    walls
    {
        type            fixedValue;
        value           uniform 0;
    }
    frontAndBack
    {
        type            empty;
    }
}


// ************************************************************************* //
