/*--------------------------------*- C++ -*----------------------------------*\
  =========                 |
  \\      /  F ield         | OpenFOAM: The Open Source CFD Toolbox
   \\    /   O peration     | Website:  https://openfoam.org
    \\  /    A nd           | Version:  7
     \\/     M anipulation  |
\*---------------------------------------------------------------------------*/
FoamFile
{
    version     2.0;
    format      ascii;
    class       volScalarField;
    location    "313";
    object      p;
}
// * * * * * * * * * * * * * * * * * * * * * * * * * * * * * * * * * * * * * //

dimensions      [0 2 -2 0 0 0 0];

internalField   nonuniform List<scalar> 
10720
(
-90.3519
-164.411
-251.818
-337.279
-415.694
-495.632
-566.032
-624.747
-675.656
-715.156
-745.229
-767.18
-781.812
-790.332
-793.182
-789.902
-781.416
-766.385
-745.953
-718.742
-685.785
-646.276
-602.448
-555.207
-508.054
-466.076
-428.259
-391.013
-354.06
-317.622
-281.518
-245.608
-209.787
-173.827
-137.473
-99.6216
-59.9068
-12.3526
35.4474
-15.3832
52.7294
126.241
195.374
254.933
300.939
329.725
340.822
340.202
329.317
309.575
286.507
263.058
240.253
218.78
198.515
179.551
161.481
144.053
126.774
109.6
92.2112
74.7015
57.4687
42.4053
30.5792
20.9416
13.1057
7.07485
2.9061
0.502594
-0.24152
0.594417
3.01393
7.02861
13.056
21.6504
36.5354
61.622
23.2896
-33.0908
-96.048
-162.708
-230.997
-300.737
-368.253
-431.445
-489.688
-541.207
-585.682
-623.112
-653.561
-677.094
-693.635
-702.901
-705.494
-700.986
-689.922
-671.688
-646.84
-615.107
-578.17
-537.174
-495.208
-456.588
-420.856
-385.218
-349.503
-314.029
-278.704
-243.426
-208.115
-172.563
-136.525
-98.9148
-59.3858
-11.9219
35.123
74.1245
122.768
171.521
218.915
261.058
295.345
318.782
330.094
330.646
321.694
305.809
286.375
265.527
244.376
223.685
203.721
184.651
166.326
148.57
131.064
113.719
96.3267
78.9702
62.0576
47.0622
34.899
24.8488
16.5864
10.1347
5.54857
2.75809
1.66579
2.1899
4.33298
8.11639
13.9616
22.4134
37.2092
61.282
39.7803
-10.683
-67.2768
-129.569
-193.967
-259.787
-325.439
-388.221
-446.557
-499.461
-545.696
-584.957
-617.057
-641.941
-659.805
-670.852
-675.311
-672.996
-664.101
-648.392
-626.169
-597.487
-563.605
-525.807
-486.645
-449.658
-414.958
-380.382
-345.612
-310.925
-276.26
-241.522
-206.646
-171.439
-135.669
-98.2715
-58.9158
-11.644
34.8712
85.4245
130
174.532
217.001
254.024
283.99
304.855
315.921
317.9
311.64
299.032
282.366
263.489
243.678
223.81
204.35
185.534
167.36
149.709
132.353
115.172
98.0262
80.9802
64.4066
49.474
37.077
26.8097
18.3607
11.7321
6.96951
4.01259
2.76406
3.14402
5.15631
8.83064
14.5896
22.9751
37.648
60.7357
64.7919
22.3335
-26.004
-79.0671
-134.652
-192.682
-251.486
-309.235
-364.595
-416.426
-463.591
-505.419
-541.43
-571.335
-594.914
-612.165
-622.847
-626.688
-623.636
-613.571
-596.667
-573.131
-543.982
-510.548
-475.036
-440.468
-407.428
-374.329
-340.792
-307.104
-273.267
-239.208
-204.882
-170.115
-134.69
-97.572
-58.4544
-11.5015
34.473
102.888
139.632
176.611
212.51
244.206
270.463
289.446
300.389
303.582
299.554
289.758
275.901
259.475
241.648
223.271
204.863
186.729
168.986
151.601
134.445
117.429
100.482
83.6747
67.3582
52.4928
39.9218
29.4437
20.7729
13.9045
8.88939
5.67942
4.1888
4.34698
6.16329
9.67503
15.3038
23.579
38.0534
60.16
73.0222
35.2899
-7.87986
-55.5862
-105.703
-158.631
-212.969
-267.069
-319.901
-370.307
-417.138
-459.6
-497.022
-528.876
-554.778
-574.49
-587.651
-594.145
-593.839
-586.72
-572.899
-552.656
-526.826
-496.666
-464.076
-431.576
-399.976
-368.159
-335.742
-302.997
-269.973
-236.61
-202.869
-168.59
-133.564
-96.7847
-57.9735
-11.4457
33.838
106.97
139.537
172.399
204.297
232.481
256.117
273.722
284.556
288.686
286.516
279.145
267.855
253.8
237.982
221.197
203.979
186.691
169.534
152.564
135.738
119.009
102.355
85.8598
69.8522
55.1296
42.4634
31.8145
22.955
15.8823
10.6509
7.22586
5.53181
5.50406
7.1536
10.5229
16.0316
24.1919
38.4382
59.5487
78.3237
44.8782
6.40237
-36.1044
-80.7865
-128.351
-177.497
-226.907
-275.827
-323.198
-368.034
-409.568
-447.059
-479.869
-507.504
-529.559
-545.666
-555.573
-559.006
-555.819
-546.013
-529.822
-507.925
-481.469
-452.11
-421.976
-392.039
-361.626
-330.414
-298.667
-266.488
-233.842
-200.708
-166.939
-132.342
-95.9428
-57.4961
-11.5052
32.9734
108.412
137.159
166.361
194.902
220.248
241.788
258.291
268.98
273.792
273.101
267.734
258.679
246.834
233.022
217.947
202.111
185.89
169.533
153.162
136.805
120.468
104.172
88.0204
72.3269
57.7705
45.0527
34.2594
25.2305
17.9653
12.5212
8.87742
6.96946
6.74038
8.20626
11.4164
16.7878
24.8122
38.7849
58.8838
79.5431
49.371
14.5631
-23.9211
-64.2983
-107.515
-152.406
-197.821
-243.252
-287.75
-330.46
-370.687
-407.67
-440.727
-469.285
-492.83
-510.881
-523.046
-528.992
-528.531
-521.652
-508.576
-489.874
-466.565
-440.075
-412.174
-383.882
-354.869
-324.877
-294.153
-262.84
-230.932
-198.424
-165.187
-131.044
-95.0604
-57.0341
-11.6904
31.8915
106.715
132.592
159.007
184.928
208.031
227.883
243.463
253.962
259.26
259.725
255.991
248.839
238.973
227.055
213.68
199.291
184.248
168.822
153.179
137.405
121.554
105.686
89.9286
74.581
60.2342
47.528
36.637
27.47
20.0344
14.3926
10.5394
8.42341
7.99635
9.27969
12.3288
17.5556
25.4293
39.0851
58.1716
78.8998
51.5062
19.8321
-15.1601
-51.7791
-91.1043
-132.062
-173.651
-215.537
-256.912
-297.032
-335.315
-371.056
-403.585
-432.294
-456.617
-475.997
-490.011
-498.277
-500.513
-496.609
-486.703
-471.239
-451.088
-427.474
-401.885
-375.34
-347.791
-319.075
-289.422
-259.014
-227.879
-196.024
-163.343
-129.68
-94.1435
-56.5885
-11.9933
30.606
103.606
127.079
151.169
174.918
196.165
214.61
229.38
239.651
245.282
246.632
244.211
238.651
230.514
220.328
208.583
195.652
181.857
167.467
152.669
137.586
122.314
106.949
91.6356
76.6655
62.5678
49.9273
38.981
29.7042
22.1188
16.2931
12.2384
9.91773
9.2918
10.3884
13.2693
18.3395
26.0433
39.3382
57.4174
76.8844
51.8037
22.7661
-9.28863
-42.7304
-78.7055
-116.241
-154.433
-193.093
-231.512
-269.069
-305.288
-339.528
-371.16
-399.591
-424.224
-444.469
-459.837
-469.889
-474.266
-472.792
-465.559
-452.916
-435.601
-414.649
-391.296
-366.507
-340.439
-313.021
-284.475
-255.008
-224.678
-193.51
-161.415
-128.258
-93.199
-56.1565
-12.3985
29.1408
99.5381
121.025
143.182
165.109
184.785
202.042
216.085
226.097
231.947
233.971
232.598
228.355
221.703
213.064
202.837
191.32
178.791
165.497
151.624
137.32
122.708
107.913
93.0946
78.5404
64.7335
52.2133
41.2586
31.9057
24.1955
18.2044
13.9598
11.4403
10.6174
11.5254
14.2328
19.1354
26.6505
39.5428
56.6219
74.0793
50.982
24.2187
-5.28969
-35.9777
-69.0187
-103.507
-138.627
-174.294
-209.885
-244.888
-278.921
-311.414
-341.817
-369.562
-394.051
-414.696
-430.968
-442.407
-448.613
-449.32
-444.549
-434.546
-419.913
-401.513
-380.364
-357.36
-332.803
-306.712
-279.307
-250.815
-221.324
-190.875
-159.399
-126.78
-92.2335
-55.7388
-12.8956
27.5281
94.9778
114.771
135.278
155.646
173.973
190.196
203.581
213.311
219.29
221.821
221.28
218.118
212.726
205.447
196.601
186.423
175.141
162.966
150.073
136.615
122.733
108.569
94.2974
80.1987
66.7244
54.3772
43.462
34.0683
26.2601
20.1231
15.7013
12.9902
11.9729
12.6904
15.2185
19.9418
27.2489
39.6988
55.787
70.7863
49.4028
24.6125
-2.68368
-30.9726
-61.4425
-93.2409
-125.625
-158.571
-191.536
-224.105
-255.98
-286.659
-315.661
-342.47
-366.521
-387.23
-404.063
-416.517
-424.187
-426.717
-424.069
-416.408
-404.21
-388.185
-369.158
-347.933
-324.898
-300.154
-273.92
-246.434
-217.814
-188.118
-157.292
-125.246
-91.25
-55.3398
-13.4786
25.7924
90.1674
108.505
127.584
146.598
163.75
179.061
191.836
201.277
207.311
210.219
210.333
208.056
203.726
197.627
190.019
181.084
170.998
159.935
148.048
135.483
122.385
108.907
95.2286
81.6246
68.5248
56.4014
45.5742
36.1774
28.3
22.0394
17.4556
14.5619
13.3541
13.8804
16.2241
20.7563
27.8358
39.8066
54.9162
67.2274
47.3463
24.2905
-1.05951
-27.2417
-55.4385
-84.8422
-114.767
-145.243
-175.785
-206.053
-235.823
-264.661
-292.16
-317.856
-341.223
-361.711
-378.789
-391.938
-400.752
-404.816
-404.024
-398.464
-388.496
-374.689
-357.704
-338.241
-316.736
-293.353
-268.313
-241.865
-214.147
-185.235
-155.094
-123.655
-90.2498
-54.9637
-14.146
23.9491
85.2824
102.349
120.177
137.999
154.115
168.607
180.814
189.963
195.994
199.176
199.808
198.251
194.81
189.725
183.215
175.412
166.452
156.47
145.59
133.943
121.67
108.923
95.8795
82.8093
70.1241
58.273
47.5818
38.221
30.3055
23.9451
19.2165
16.1507
14.7578
15.0929
17.2473
21.5767
28.4089
39.8671
54.0124
63.5485
44.9935
23.4758
-0.149049
-24.4662
-50.6424
-77.9097
-105.626
-133.862
-162.188
-190.312
-218.076
-245.107
-271.063
-295.542
-318.064
-338.119
-355.194
-368.766
-378.436
-383.752
-384.538
-380.821
-372.859
-361.096
-346.051
-328.313
-308.332
-286.317
-262.492
-237.107
-210.321
-182.225
-152.803
-122.007
-89.2339
-54.6134
-14.8944
22.0068
80.427
96.3767
113.093
129.852
145.046
158.796
170.47
179.326
185.313
188.688
189.724
188.753
186.054
181.838
176.288
169.505
161.588
152.637
142.747
132.026
120.601
108.617
96.2439
83.7438
71.5122
59.9787
49.4705
40.1861
32.2648
25.8307
20.9763
17.7509
16.1795
16.3244
18.2852
22.4002
28.966
39.8813
53.0793
59.8476
42.4742
22.3321
0.249292
-22.4035
-46.773
-72.1259
-97.8538
-124.062
-150.358
-176.494
-202.364
-227.65
-252.068
-275.274
-296.843
-316.299
-333.165
-346.931
-357.195
-363.509
-365.624
-363.511
-357.344
-347.456
-334.239
-318.178
-299.705
-279.058
-256.461
-232.162
-206.336
-179.087
-150.418
-120.302
-88.2023
-54.2922
-15.7194
19.9735
75.6752
90.6283
106.353
122.154
136.52
149.588
160.759
169.328
175.238
178.743
180.094
179.597
177.514
174.037
169.323
163.45
156.488
148.506
139.571
129.764
119.195
107.995
96.3216
84.4235
72.681
61.5076
51.2278
42.0603
34.1669
27.6864
22.7272
19.3562
17.6145
17.5713
19.3345
23.224
29.5048
39.8514
52.1205
56.1896
39.8795
20.9754
0.281035
-20.8788
-43.6246
-67.2507
-91.1853
-115.55
-139.988
-164.29
-188.387
-212.012
-234.93
-256.847
-277.393
-296.136
-312.634
-326.405
-337.045
-344.125
-347.334
-346.597
-342.016
-333.828
-322.318
-307.87
-290.876
-271.589
-250.228
-227.034
-202.193
-175.821
-147.939
-118.539
-87.1554
-53.9999
-16.6172
17.8587
71.0726
85.1296
99.9568
114.892
128.504
140.943
151.642
159.925
165.736
169.32
170.912
170.798
169.228
166.378
162.389
157.321
151.223
144.14
136.111
127.195
117.477
107.07
96.1168
84.8463
73.6243
62.8499
52.8414
43.831
36
29.5021
24.4605
20.9599
19.0572
18.8291
20.3918
24.0453
30.0229
39.7791
51.1401
52.619
37.2731
19.4906
0.0540862
-19.7586
-41.0348
-63.0978
-85.4075
-108.096
-130.834
-153.447
-175.895
-197.948
-219.418
-240.06
-259.548
-277.499
-293.51
-307.13
-317.957
-325.596
-329.688
-330.115
-326.92
-320.263
-310.334
-297.422
-281.871
-263.926
-243.802
-221.728
-197.894
-172.428
-145.365
-116.719
-86.0932
-53.7371
-17.5812
15.6712
66.6467
79.8928
93.9041
108.048
120.971
132.826
143.079
151.081
156.775
160.399
162.174
162.369
161.224
158.904
155.54
151.18
145.858
139.598
132.42
124.358
115.474
105.859
95.6357
85.0131
74.3395
63.9986
54.301
45.4867
37.753
31.2673
26.1673
22.5544
20.5017
20.0932
21.453
24.8606
30.5185
39.6672
50.1425
49.1667
34.6981
17.9375
-0.351793
-18.9423
-38.882
-59.5261
-80.357
-101.517
-122.702
-143.761
-164.675
-185.252
-205.34
-224.737
-243.16
-260.272
-275.708
-289.051
-299.912
-307.926
-312.71
-314.106
-312.109
-306.813
-298.334
-286.874
-272.716
-256.09
-237.195
-216.251
-193.444
-168.909
-142.697
-114.842
-85.0157
-53.5022
-18.6044
13.4206
62.4135
74.9221
88.186
101.603
113.891
125.201
135.032
142.758
148.321
151.956
153.867
154.308
153.515
151.645
148.817
145.077
140.447
134.937
128.548
121.295
113.217
104.382
94.891
84.929
74.8251
64.9478
55.5973
47.0164
39.4145
32.9713
27.8381
24.1317
21.9413
21.3583
22.5137
25.6668
30.9895
39.5184
49.1319
45.8512
32.1856
16.3642
-0.877804
-18.3504
-37.0728
-56.4203
-75.9031
-95.666
-115.427
-135.054
-154.549
-173.747
-192.527
-210.722
-228.091
-244.338
-259.136
-272.105
-282.874
-291.105
-296.411
-298.597
-297.621
-293.527
-286.366
-276.263
-263.441
-248.1
-230.424
-210.612
-188.846
-165.267
-139.936
-112.908
-83.922
-53.2936
-19.6785
11.119
58.3813
70.2141
82.7904
95.5366
107.235
118.036
127.465
134.922
140.347
143.966
145.975
146.615
146.113
144.622
142.255
139.056
135.038
130.204
124.541
118.046
110.738
102.663
93.8977
84.6018
75.0834
65.6946
56.723
48.4104
40.9738
34.6038
29.4632
25.6835
23.3688
22.6185
23.5692
26.4604
31.4343
39.3359
48.1136
42.6835
29.7576
14.7997
-1.47653
-17.9265
-35.5311
-53.6917
-71.9386
-90.423
-108.877
-127.186
-145.367
-163.279
-180.825
-197.872
-214.21
-229.586
-243.706
-256.229
-266.807
-275.118
-280.798
-283.615
-283.496
-280.448
-274.475
-265.631
-254.078
-239.982
-223.503
-204.822
-184.109
-161.505
-137.085
-110.919
-82.812
-53.109
-20.7946
8.77801
54.5529
65.763
77.7033
89.8277
100.976
111.299
120.346
127.541
132.82
136.406
138.483
139.28
139.019
137.848
135.877
133.148
129.672
125.443
120.443
114.651
108.071
100.728
92.6723
84.0417
75.1193
66.2382
57.6728
49.6602
42.4212
36.1542
31.0328
27.2009
24.7767
23.8675
24.6144
27.2376
31.8514
39.1231
47.0926
39.6702
27.4285
13.2688
-2.11607
-17.6235
-34.2006
-51.2686
-68.3822
-85.6914
-102.944
-120.037
-137.002
-153.714
-170.102
-186.056
-201.4
-215.912
-229.335
-241.359
-251.665
-259.948
-265.87
-269.174
-269.763
-267.617
-262.702
-255.015
-244.659
-231.761
-216.453
-198.893
-179.239
-157.629
-134.145
-108.874
-81.6846
-52.9452
-21.9432
6.41
50.9271
61.5614
72.9108
84.4567
95.0901
104.962
113.646
120.585
125.716
129.254
131.375
132.295
132.232
131.333
129.701
127.38
124.38
120.693
116.291
111.148
105.249
98.6023
91.2364
83.263
74.9398
66.5799
58.4432
50.7586
43.7472
37.6128
32.5368
28.6746
26.1569
25.0988
25.644
27.9948
32.2393
38.8833
46.0735
36.8132
25.2068
11.7888
-2.76973
-17.4068
-33.0344
-49.0957
-65.1648
-81.3914
-97.5363
-113.509
-129.348
-144.947
-160.25
-175.17
-189.559
-203.224
-215.941
-227.431
-237.404
-245.568
-251.621
-255.285
-256.448
-255.07
-251.089
-244.456
-235.219
-223.464
-209.294
-192.842
-174.248
-153.644
-131.12
-106.776
-80.5382
-52.7974
-23.1138
4.02854
47.5017
57.6
68.3983
79.4035
89.5537
98.9989
107.337
114.029
119.009
122.488
124.633
125.65
125.752
125.08
123.739
121.772
119.19
115.983
112.122
107.57
102.305
96.3154
89.6122
82.281
74.554
66.7235
59.0327
51.7003
44.9441
38.97
33.9657
30.0956
27.5011
26.3051
26.6522
28.7283
32.597
38.6201
45.0617
34.1127
23.098
10.3704
-3.4189
-17.2486
-31.9968
-47.1262
-62.231
-77.4562
-92.5792
-107.517
-122.314
-136.878
-151.167
-165.114
-178.59
-191.434
-203.448
-214.383
-223.976
-231.951
-238.04
-241.955
-243.571
-242.838
-239.672
-233.99
-225.791
-215.119
-202.048
-186.684
-169.146
-149.559
-128.015
-104.626
-79.3715
-52.6612
-24.2951
1.64784
44.2705
53.8689
64.1513
74.6493
84.3448
93.3869
101.395
107.846
112.676
116.088
118.241
119.332
119.569
119.091
117.999
116.339
114.123
111.342
107.964
103.95
99.2682
93.8944
87.8217
81.1127
73.9739
66.6753
59.4424
52.4818
46.005
40.2173
35.31
31.4544
28.8008
27.479
27.6331
29.4341
32.9234
38.3368
44.062
31.5666
21.1042
9.02218
-4.04905
-17.1294
-31.059
-45.3242
-59.5352
-73.8352
-88.0112
-101.991
-115.823
-129.425
-142.767
-155.799
-168.41
-180.463
-191.785
-202.155
-211.336
-219.067
-225.112
-229.184
-231.148
-230.946
-228.485
-223.653
-216.409
-206.758
-194.741
-180.438
-163.948
-145.381
-124.833
-102.425
-78.1824
-52.5306
-25.4769
-0.7188
41.2268
50.3588
60.1569
70.1771
79.4441
88.104
95.7968
102.014
106.693
110.033
112.182
113.33
113.678
113.363
112.485
111.091
109.195
106.79
103.844
100.316
96.1681
91.3664
85.8889
79.7774
73.2131
66.443
59.675
53.1011
46.9245
41.3471
36.5608
32.7418
30.0474
28.6129
28.5809
30.1085
33.2179
38.0368
43.0793
29.1711
19.2261
7.74894
-4.65021
-17.0312
-30.1987
-43.6597
-57.0409
-70.4818
-83.782
-96.874
-109.81
-122.517
-134.976
-147.149
-158.942
-170.239
-180.885
-190.689
-199.436
-206.883
-212.819
-216.968
-219.188
-219.416
-217.556
-213.478
-207.106
-198.409
-187.397
-174.125
-158.667
-141.121
-121.582
-100.174
-76.969
-52.3989
-26.6472
-3.0567
38.3645
47.0582
56.4012
65.9714
74.8331
83.1292
90.5199
96.5115
101.043
104.305
106.441
107.63
108.069
107.893
107.198
106.035
104.419
102.345
99.7829
96.6924
93.0306
88.7568
83.8372
78.2947
72.2865
66.0366
59.7348
53.5584
47.699
42.3525
37.71
33.9492
31.232
29.6989
29.4892
30.7477
33.4796
37.7231
42.1179
26.9213
17.463
6.55382
-5.21519
-16.9416
-29.3974
-42.108
-54.7168
-67.3599
-79.8463
-92.1143
-104.218
-116.094
-127.731
-139.098
-150.119
-160.693
-170.688
-179.931
-188.231
-195.366
-201.141
-205.3
-207.696
-208.264
-206.912
-203.497
-197.913
-190.102
-180.044
-167.764
-153.32
-136.791
-118.266
-97.8773
-75.7283
-52.2594
-27.7942
-5.35184
35.6758
43.9577
52.8711
62.0156
70.4931
78.4433
85.5453
91.3195
95.705
98.8867
101.001
102.22
102.734
102.675
102.138
101.175
99.8035
98.0205
95.7994
93.1004
89.879
86.0893
81.6886
76.6841
71.2096
65.4676
59.6288
53.8552
48.3259
43.2287
38.7501
35.068
32.3466
30.7293
30.3521
31.3477
33.708
37.3986
41.1818
24.8125
15.8125
5.43781
-5.73905
-16.8519
-28.6415
-40.6508
-52.539
-64.4387
-76.1678
-87.6705
-99.0009
-110.103
-120.972
-131.586
-141.88
-151.768
-161.136
-169.83
-177.679
-184.481
-190.056
-194.17
-196.675
-197.506
-196.575
-193.735
-188.86
-181.865
-172.704
-161.38
-147.923
-132.4
-114.895
-95.5351
-74.4588
-52.1036
-28.906
-7.59015
33.1533
41.0467
49.5542
58.2949
66.4082
74.0292
80.8542
86.419
90.6616
93.7615
95.8489
97.087
97.6623
97.7025
97.3017
96.5115
95.3538
93.8269
91.9077
89.5581
86.7339
83.3856
79.4645
74.9644
69.9989
64.748
59.3648
53.9951
48.8049
43.9712
39.6747
36.0905
33.3829
31.6967
31.1632
31.905
33.9025
37.0656
40.2746
22.8393
14.2712
4.40127
-6.21821
-16.7546
-27.919
-39.2717
-50.4865
-61.6925
-72.7155
-83.5059
-94.1166
-104.498
-114.651
-124.561
-134.171
-143.41
-152.177
-160.338
-167.738
-174.195
-179.539
-183.565
-186.12
-187.146
-186.561
-184.218
-179.975
-173.726
-165.407
-154.993
-142.496
-127.964
-111.473
-93.1523
-73.1571
-51.9243
-29.9727
-9.75834
30.7891
38.3156
46.4386
54.7968
62.5635
69.8711
76.4305
81.7928
85.8959
88.9134
90.9691
92.2188
92.8435
92.9679
92.6844
92.045
91.074
89.7721
88.1195
86.0808
83.613
80.6656
77.1853
73.1558
68.6713
63.8914
58.9519
53.9833
49.1367
44.5777
40.4786
37.0099
34.3334
32.5938
31.9169
32.4157
34.0627
36.7261
39.3991
20.9958
12.8362
3.44246
-6.6503
-16.6448
-27.2214
-37.9578
-48.543
-59.1001
-69.4646
-79.5907
-89.5317
-99.2419
-108.727
-117.977
-126.946
-135.571
-143.767
-151.411
-158.369
-164.475
-169.568
-173.471
-176.029
-177.191
-176.886
-174.966
-171.283
-165.714
-158.176
-148.626
-137.056
-123.496
-108.012
-90.7301
-71.8215
-51.7143
-30.982
-11.8435
28.5753
35.7549
43.5138
51.5081
58.9451
65.9537
72.2582
77.4252
81.3924
84.3275
86.3483
87.6033
88.2682
88.4639
88.2813
87.7731
86.965
85.8606
84.4432
82.6806
80.5315
77.9467
74.8696
71.2759
67.2429
62.9114
58.4006
53.826
49.3239
45.047
41.1579
37.8199
35.1911
33.4137
32.6074
32.8766
34.1878
36.3817
38.5573
19.2759
11.5031
2.56014
-7.03485
-16.5186
-26.5422
-36.6993
-46.6936
-56.6435
-66.3927
-75.8981
-85.2143
-94.2992
-103.161
-111.795
-120.162
-128.209
-135.86
-143.01
-149.535
-155.287
-160.118
-163.869
-166.395
-167.644
-167.558
-165.997
-162.805
-157.851
-151.038
-142.304
-131.623
-119.009
-104.52
-88.2729
-70.4492
-51.4637
-31.9243
-13.8327
26.5047
33.3553
40.7682
48.4161
55.5391
62.2623
68.3228
73.3012
77.1362
79.9895
81.973
83.2281
83.9252
84.182
84.0861
83.692
83.0262
82.0951
80.885
79.367
77.5028
75.244
72.5336
69.3413
65.7296
61.8218
57.722
53.5309
49.3703
45.3795
41.7096
38.516
35.9499
34.1502
33.2294
33.2841
34.2775
36.0335
37.7508
17.6741
10.2676
1.75211
-7.37204
-16.3736
-25.8753
-35.4873
-44.9264
-54.3069
-63.4799
-72.4059
-81.1384
-89.6395
-97.9195
-105.977
-113.78
-121.283
-128.419
-135.096
-141.202
-146.604
-151.164
-154.745
-157.205
-158.502
-158.586
-157.324
-154.562
-150.162
-144.015
-136.046
-126.215
-114.52
-101.006
-85.7846
-69.0382
-51.1668
-32.7887
-15.7147
24.5698
31.1078
38.1922
45.5104
52.3335
58.7838
64.6103
69.4069
73.1137
75.8861
77.8305
79.0817
79.804
80.1128
80.0923
79.7974
79.2564
78.4769
77.4492
76.1476
74.5367
72.5703
70.1922
67.3678
64.1469
60.6367
56.9276
53.1065
49.281
45.5768
42.1329
39.0942
36.6047
34.7975
33.7782
33.6353
34.3309
35.6819
36.9799
16.1842
9.1256
1.01547
-7.66228
-16.2081
-25.2173
-34.3155
-43.2325
-52.0784
-60.7118
-69.0954
-77.2824
-85.2383
-92.9746
-100.494
-107.768
-114.76
-121.41
-127.635
-133.337
-138.396
-142.683
-146.08
-148.452
-149.762
-149.972
-148.958
-146.569
-142.664
-137.128
-129.875
-120.85
-110.042
-97.481
-83.2688
-67.5873
-50.8158
-33.567
-17.48
22.7635
29.0045
35.7759
42.7799
49.3166
55.5059
61.1075
65.7297
69.3121
72.0049
73.9089
75.1527
75.895
76.2475
76.2923
76.0839
75.6519
75.0056
74.1382
73.0277
71.6417
69.9368
67.8585
65.3694
62.5089
59.3696
56.0291
52.5621
49.0624
45.642
42.4273
39.5522
37.1514
35.3511
34.2494
33.9273
34.3472
35.3272
36.2446
14.8006
8.07243
0.347455
-7.90691
-16.0215
-24.565
-33.1784
-41.6043
-49.9479
-58.0746
-65.9505
-73.6269
-81.073
-88.3012
-95.3172
-102.097
-108.608
-114.798
-120.595
-125.911
-130.635
-134.651
-137.854
-140.12
-141.418
-141.718
-140.908
-138.841
-135.377
-130.398
-123.81
-115.549
-105.589
-93.9538
-80.7304
-66.0956
-50.4045
-34.251
-19.1203
21.0786
27.0374
33.5106
40.2141
46.4775
52.417
57.8028
62.2569
65.7188
68.3335
70.1967
71.4306
72.1882
72.5775
72.6787
72.5459
72.209
71.6796
70.9531
70.011
68.8242
67.3523
65.5436
63.3591
60.829
58.0335
55.0385
51.9074
48.7215
45.5793
42.5945
39.8889
37.5872
35.8072
34.6396
34.1576
34.3258
34.9688
35.5436
13.5175
7.10361
-0.255071
-8.10743
-15.8135
-23.9163
-32.0717
-40.0341
-47.9052
-55.556
-62.9562
-70.1547
-77.1241
-83.8779
-90.4228
-96.7392
-102.799
-108.558
-113.949
-118.895
-123.296
-127.046
-130.051
-132.199
-133.464
-133.823
-133.177
-131.387
-128.315
-123.842
-117.87
-110.327
-101.178
-90.435
-78.1746
-64.562
-49.9277
-34.8336
-20.6274
19.5087
25.1986
31.3874
37.8041
43.8059
49.5061
54.6851
58.9768
62.3224
64.8609
66.6827
67.9042
68.6731
69.0939
69.2438
69.1768
68.9233
68.4959
67.8934
67.0995
66.0888
64.8243
63.2568
61.3477
59.1193
56.6403
53.9671
51.1526
48.2663
45.3942
42.6369
40.1045
37.9102
36.1629
34.9457
34.324
34.2655
34.6058
34.8752
12.3294
6.21471
-0.795387
-8.26564
-15.5842
-23.2698
-30.9919
-38.5175
-45.9428
-53.1465
-60.1
-66.8509
-73.3739
-79.6839
-85.7888
-91.6718
-97.3091
-102.662
-107.67
-112.264
-116.355
-119.845
-122.651
-124.673
-125.888
-126.284
-125.77
-124.215
-121.49
-117.475
-112.07
-105.2
-96.8209
-86.9348
-75.6063
-62.9877
-49.3804
-35.3091
-21.9958
18.0472
23.4808
29.3981
35.5407
41.2922
46.7633
51.7431
55.8789
59.1118
61.5756
63.3561
64.5636
65.3403
65.7875
65.9797
65.9701
65.7892
65.4516
64.9574
64.294
63.4386
62.3578
61.0059
59.3447
57.3906
55.2019
52.8262
50.3078
47.7053
45.0929
42.5586
40.2004
38.1202
36.4166
35.1657
34.4248
34.1654
34.237
34.237
11.2309
5.40124
-1.2768
-8.38367
-15.3345
-22.6245
-29.9369
-37.0496
-44.0553
-50.8381
-57.3721
-63.7034
-69.8088
-75.7033
-81.3963
-86.8737
-92.1151
-97.0858
-101.733
-105.994
-109.789
-113.028
-115.638
-117.529
-118.683
-119.095
-118.685
-117.332
-114.912
-111.31
-106.427
-100.184
-92.5314
-83.4632
-73.0313
-61.3732
-48.7604
-35.6737
-23.2208
16.688
21.8771
27.535
33.4153
38.9272
44.1785
48.9671
52.9527
56.0767
58.4676
60.2069
61.3988
62.1807
62.6501
62.8787
62.9188
62.8017
62.5425
62.1433
61.5942
60.8755
59.9574
58.7973
57.3585
55.6525
53.7285
51.6265
49.383
47.0472
44.6822
42.3644
40.1794
38.2179
36.568
35.2984
34.4587
34.0245
33.8608
33.6259
10.2168
4.65896
-1.70271
-8.46367
-15.0651
-21.9799
-28.9041
-35.6267
-42.2367
-48.6231
-54.763
-60.7004
-66.4143
-71.9204
-77.2284
-82.3265
-87.197
-91.8099
-96.118
-100.065
-103.577
-106.576
-108.993
-110.751
-111.837
-112.25
-111.921
-110.74
-108.588
-105.357
-100.952
-95.2914
-88.3217
-80.0296
-70.4558
-59.7204
-48.0658
-35.9239
-24.2993
15.4251
20.3808
25.7907
31.4201
36.7025
41.7428
46.3476
50.1882
53.2071
55.5271
57.2255
58.4008
59.1852
59.6727
59.9328
60.0163
59.9548
59.764
59.4479
58.999
58.4004
57.6256
56.6359
55.3962
53.9134
52.2296
50.3779
48.3882
46.3013
44.1702
42.0601
40.0454
38.2053
36.6176
35.3433
34.425
33.8419
33.4751
33.0382
9.28217
3.98362
-2.07644
-8.50805
-14.7775
-21.3362
-27.8926
-34.2463
-40.4824
-46.4956
-52.2646
-57.8326
-63.1795
-68.3218
-73.2695
-78.013
-82.5368
-86.8145
-90.804
-94.4546
-97.7004
-100.469
-102.699
-104.327
-105.339
-105.741
-105.475
-104.438
-102.522
-99.6258
-95.6561
-90.5336
-84.2024
-76.6434
-67.8855
-58.0322
-47.2953
-36.0585
-25.2297
14.2529
18.9855
24.1584
29.5474
34.6097
39.4476
43.8756
47.5767
50.4938
52.7445
54.4024
55.5601
56.345
56.8476
57.1343
57.2555
57.2423
57.1113
56.8677
56.5064
56.0131
55.3645
54.5255
53.4631
52.1807
50.7137
49.0898
47.3329
45.4764
43.5645
41.6524
39.8033
38.0857
36.567
35.3011
34.3234
33.6168
33.0779
32.4702
8.42213
3.37116
-2.40125
-8.51894
-14.4728
-20.6932
-26.9011
-32.9057
-38.7884
-44.4499
-49.8703
-55.0912
-60.0943
-64.8958
-69.5067
-73.9184
-78.1181
-82.0822
-85.7732
-89.1452
-92.1396
-94.6897
-96.7419
-98.2401
-99.1759
-99.5596
-99.3401
-98.4259
-96.7176
-94.1207
-90.5472
-85.9205
-80.1839
-73.3128
-65.3268
-56.312
-46.4503
-36.077
-26.0117
13.1657
17.6855
22.6311
27.7899
32.6414
37.2848
41.5426
45.1093
47.9278
50.1113
51.7288
52.8682
53.6516
54.1661
54.4757
54.6295
54.6583
54.5792
54.3989
54.1139
53.7129
53.1749
52.4688
51.5639
50.4606
49.1886
47.7708
46.2261
44.5817
42.8739
41.1485
39.459
37.8633
36.4192
35.1731
34.1543
33.3485
32.667
31.9176
7.63211
2.81739
-2.68031
-8.4988
-14.1525
-20.0513
-25.9286
-31.6027
-37.152
-42.4817
-47.574
-52.4687
-57.1493
-61.6321
-65.9278
-70.0294
-73.9262
-77.5973
-81.009
-84.12
-86.8775
-89.2216
-91.1039
-92.4771
-93.3363
-93.6952
-93.5107
-92.7007
-91.1745
-88.8456
-85.6317
-81.4602
-76.2744
-70.0461
-62.7861
-54.5638
-45.5327
-35.9811
-26.6468
12.1586
16.4746
21.2028
26.1408
30.7901
35.2467
39.3408
42.7776
45.501
47.6189
49.1965
50.3168
51.097
51.6208
51.9496
52.1314
52.1966
52.1626
52.0372
51.8188
51.498
51.057
50.468
49.7022
48.7585
47.661
46.4286
45.0764
43.626
42.1067
40.5562
39.0189
37.5433
36.1778
34.9616
33.9186
33.0367
32.2402
31.3762
6.90763
2.31868
-2.91688
-8.45003
-13.818
-19.4113
-24.9747
-30.336
-35.5698
-40.5867
-45.3699
-49.9583
-54.3365
-58.5206
-62.5216
-66.3336
-69.9477
-73.3452
-76.4959
-79.3629
-81.8983
-84.0487
-85.7705
-87.024
-87.8074
-88.1377
-87.9787
-87.2571
-85.8913
-83.8021
-80.914
-77.1586
-72.481
-66.8504
-60.2695
-52.7924
-44.5458
-35.7734
-27.1374
11.2265
15.3477
19.8677
24.594
29.049
33.3262
37.2626
40.574
43.2053
45.2591
46.7972
47.8979
48.6733
49.2041
49.5489
49.7546
49.8512
49.8561
49.7783
49.6176
49.3667
49.0103
48.5239
47.8809
47.0785
46.1366
45.0705
43.8919
42.6177
41.2715
39.8836
38.4904
37.1316
35.8472
34.6697
33.6179
32.681
31.7953
30.8419
6.24449
1.87124
-3.11393
-8.37496
-13.4711
-18.7738
-24.0392
-29.1043
-34.0398
-38.7614
-43.2539
-47.5543
-51.6487
-55.5532
-59.2786
-62.82
-66.1702
-69.3125
-72.2199
-74.8591
-77.1872
-79.156
-80.7268
-81.8666
-82.5767
-82.8764
-82.7356
-82.0892
-80.8646
-78.9897
-76.3962
-73.0203
-68.8096
-63.7318
-57.783
-51.0032
-43.4939
-35.4578
-27.4871
10.3648
14.2995
18.62
23.1432
27.4118
31.5162
35.3007
38.4912
41.0331
43.0245
44.5236
45.6041
46.3733
46.9088
47.2667
47.4926
47.616
47.6546
47.6179
47.507
47.3166
47.0338
46.637
46.1021
45.4246
44.6207
43.7029
42.6799
41.565
40.3767
39.139
37.8811
36.635
35.433
34.3013
33.2542
32.2818
31.3304
30.3105
5.63856
1.47158
-3.27443
-8.27586
-13.113
-18.1395
-23.122
-27.9063
-32.56
-37.0028
-41.2214
-45.2511
-49.0795
-52.7219
-56.1897
-59.4787
-62.5827
-65.4871
-68.168
-70.595
-72.7297
-74.5289
-75.9588
-76.9917
-77.6317
-77.8999
-77.7719
-77.1899
-76.0896
-74.4065
-72.0787
-69.048
-65.2648
-60.6961
-55.3325
-49.2017
-42.3824
-35.0394
-27.7013
9.56887
13.3251
17.4543
21.7827
25.8721
29.8104
33.4485
36.5222
38.9775
40.9079
42.3683
43.428
44.1898
44.728
45.0964
45.3392
45.4855
45.5528
45.5513
45.4834
45.3452
45.1261
44.8073
44.367
43.7995
43.1176
42.3313
41.4474
40.4758
39.4305
38.3306
37.1988
36.0605
34.9409
33.8608
32.8302
31.8397
30.844
29.7781
5.08611
1.11621
-3.40114
-8.155
-12.7454
-17.5091
-22.2232
-26.7415
-31.1283
-35.3081
-39.2686
-43.044
-46.6226
-50.0199
-53.2468
-56.3002
-59.175
-61.8581
-64.328
-66.5579
-68.5128
-70.1545
-71.4528
-72.3859
-72.9596
-73.1966
-73.0774
-72.5511
-71.5605
-70.0489
-67.9607
-65.243
-61.8496
-57.7477
-52.9236
-47.3939
-41.2172
-34.5246
-27.7859
8.83452
12.4198
16.3656
20.507
24.4244
28.2028
31.6997
34.6603
37.0315
38.9025
40.3246
41.3629
42.1161
42.6551
43.0317
43.2884
43.4539
43.5456
43.5742
43.5431
43.4499
43.2857
43.0346
42.6767
42.2056
41.6311
40.9612
40.2008
39.3572
38.441
37.4666
36.4517
35.4154
34.3775
33.3532
32.3491
31.3558
30.3345
29.2415
4.58339
0.802011
-3.49691
-8.01442
-12.3699
-16.8837
-21.3427
-25.6087
-29.7433
-33.6748
-37.3923
-40.9285
-44.273
-47.4407
-50.4426
-53.2761
-55.9374
-58.4147
-60.6889
-62.7356
-64.5238
-66.0195
-67.1961
-68.0365
-68.5483
-68.7551
-68.6417
-68.1637
-67.2705
-65.9122
-64.0397
-61.6053
-58.5661
-54.8905
-50.5613
-45.5858
-40.0051
-33.9202
-27.7479
8.15772
11.5793
15.3492
19.3109
23.0629
26.6874
30.048
32.8994
35.1889
37.0016
38.3858
39.4024
40.1458
40.684
41.0664
41.3344
41.5159
41.6281
41.6821
41.6824
41.6275
41.5106
41.318
41.0318
40.6448
40.1644
39.5969
38.9458
38.2161
37.4157
36.5551
35.6477
34.7076
33.7493
32.7839
31.8144
30.8314
29.8013
28.6974
4.12693
0.525867
-3.56433
-7.85624
-11.9879
-16.2637
-20.4806
-24.5077
-28.4036
-32.1007
-35.5892
-38.9005
-42.0255
-44.9784
-47.7702
-50.3988
-52.8613
-55.1474
-57.2399
-59.117
-60.7511
-62.1118
-63.1761
-63.9307
-64.3851
-64.5635
-64.4541
-64.0183
-63.2117
-61.9906
-60.3121
-58.1332
-55.4152
-52.1273
-48.2502
-43.7835
-38.7532
-33.2342
-27.595
7.53459
10.7992
14.4005
18.1897
21.7826
25.2589
28.4879
31.2335
33.4436
35.1994
36.5459
37.5403
38.2728
38.8086
39.1948
39.4718
39.6663
39.7955
39.871
39.8977
39.8755
39.799
39.6566
39.4323
39.1185
38.7203
38.2426
37.6876
37.0589
36.3618
35.6039
34.7948
33.9446
33.0635
32.1585
31.2302
30.2684
29.2438
28.1434
3.7134
0.284844
-3.60581
-7.6824
-11.6008
-15.6503
-19.6372
-23.4377
-27.1078
-30.5836
-33.8565
-36.9566
-39.8756
-42.6275
-45.2231
-47.6609
-49.9386
-52.0472
-53.9713
-55.6916
-57.1834
-58.4197
-59.3807
-60.0567
-60.4583
-60.6103
-60.5037
-60.105
-59.3756
-58.2774
-56.773
-54.8245
-52.3966
-49.4603
-45.9946
-41.993
-37.4687
-32.4747
-27.3356
6.96145
10.0757
13.5151
17.1387
20.5785
23.9119
27.0139
29.6571
31.7901
33.49
34.799
35.7709
36.4915
37.0235
37.4118
37.6953
37.9003
38.0434
38.1367
38.1856
38.191
38.1488
38.0493
37.8783
37.6279
37.3011
36.9017
36.431
35.8913
35.286
34.6203
33.9007
33.1341
32.3269
31.4829
30.6006
29.669
28.662
27.5773
3.33969
0.0761629
-3.62379
-7.49484
-11.2101
-15.0443
-18.8126
-22.3984
-25.8549
-29.1218
-32.1916
-35.0932
-37.8191
-40.3831
-42.7954
-45.0554
-47.1614
-49.1054
-50.8739
-52.4495
-53.81
-54.9321
-55.7984
-56.4024
-56.756
-56.8837
-56.7793
-56.4136
-55.7532
-54.7653
-53.4173
-51.6758
-49.5093
-46.8906
-43.7978
-40.2198
-36.1592
-31.6502
-26.9787
6.4349
9.40508
12.6891
16.1535
19.4461
22.6418
25.621
28.1649
30.2228
31.868
33.1398
34.0887
34.7966
35.3234
35.712
36.0001
36.2131
36.3676
36.4754
36.5426
36.5711
36.5578
36.4948
36.3696
36.1737
35.9087
35.5773
35.1802
34.7187
34.1946
33.6113
32.9729
32.2834
31.5465
30.7633
29.9303
29.036
28.0564
26.9976
3.00284
-0.102808
-3.62043
-7.2953
-10.8169
-14.4462
-18.0072
-21.3894
-24.6437
-27.7134
-30.5921
-33.3071
-35.852
-38.2402
-40.4817
-42.5763
-44.5227
-46.3143
-47.9388
-49.3809
-50.6208
-51.6381
-52.4181
-52.9568
-53.2668
-53.3726
-53.27
-52.9338
-52.3353
-51.4462
-50.2384
-48.683
-46.7515
-44.4188
-41.663
-38.4693
-34.8319
-30.7695
-26.5333
5.95166
8.7837
11.9186
15.23
18.3809
21.4438
24.3044
26.752
28.7367
30.3282
31.5632
32.4886
33.1829
33.7033
34.0907
34.3815
34.6005
34.7637
34.8833
34.9656
35.0132
35.0241
34.9919
34.9056
34.7565
34.5447
34.2722
33.9391
33.5459
33.0935
32.5835
32.0182
31.3997
30.7291
30.0056
29.224
28.3723
27.428
26.4034
2.70006
-0.254562
-3.59788
-7.08545
-10.4226
-13.8569
-17.2209
-20.4102
-23.4733
-26.357
-29.0555
-31.5953
-33.9706
-36.1944
-38.2765
-40.2171
-42.0156
-43.6661
-45.1577
-46.4768
-47.6062
-48.5276
-49.229
-49.7084
-49.9792
-50.0655
-49.9647
-49.6551
-49.1123
-48.3119
-47.2299
-45.8411
-44.1206
-42.0449
-39.5926
-36.7463
-33.4937
-29.8411
-26.0087
5.50861
8.20823
11.1999
14.3643
17.3788
20.3136
23.0596
25.4137
27.3271
28.8659
30.0642
30.9657
31.6457
32.1585
32.5434
32.8353
33.0583
33.2282
33.357
33.4515
33.5146
33.5456
33.5393
33.4859
33.3766
33.2105
32.9887
32.711
32.3774
31.9878
31.5429
31.0434
30.4897
29.8813
29.2157
28.4864
27.6809
26.778
25.7943
2.42866
-0.381422
-3.55809
-6.86694
-10.0283
-13.2771
-16.4539
-19.4604
-22.3427
-25.0508
-27.5797
-29.9549
-32.1712
-34.2414
-36.175
-37.9725
-39.6337
-41.1536
-42.5226
-43.7288
-44.7569
-45.5909
-46.2208
-46.6468
-46.8826
-46.9515
-46.8526
-46.5673
-46.0746
-45.354
-44.3847
-43.1452
-41.6134
-39.7681
-37.5884
-35.0553
-32.1516
-28.8735
-25.4144
5.10284
7.67554
10.5298
13.5528
16.4359
19.2472
21.8821
24.1457
25.9896
27.4765
28.6383
29.5158
30.1805
30.6848
31.0658
31.3574
31.5828
31.7574
31.8932
31.9972
32.073
32.1203
32.1355
32.1098
32.0344
31.9072
31.7288
31.499
31.2171
30.8826
30.4951
30.0545
29.5598
29.0094
28.3993
27.7222
26.9654
26.1082
25.1704
2.18619
-0.485626
-3.50295
-6.6412
-9.63506
-12.7074
-15.7064
-18.5396
-21.2509
-23.7932
-26.1626
-28.3831
-30.4506
-32.3772
-34.1723
-35.8367
-37.3708
-38.77
-40.0261
-41.1286
-42.0639
-42.8183
-43.3836
-43.7615
-43.9661
-44.02
-43.9233
-43.6602
-43.2128
-42.5638
-41.6955
-40.5895
-39.2264
-37.5871
-35.6516
-33.4
-30.8116
-27.8749
-24.7595
4.73166
7.1826
9.90479
12.7919
15.5486
18.2406
20.7681
22.9436
24.7197
26.1557
27.2812
28.1344
28.7833
29.2781
29.6541
29.944
30.1702
30.348
30.4888
30.6002
30.6858
30.7464
30.7793
30.7766
30.7297
30.6355
30.4943
30.3056
30.0684
29.7819
29.4452
29.057
28.6159
28.1191
27.5618
26.9362
26.2291
25.4206
24.5323
1.97026
-0.569202
-3.43428
-6.40965
-9.24387
-12.1483
-14.9784
-17.6475
-20.1969
-22.5829
-24.802
-26.8774
-28.8054
-30.5979
-32.2639
-33.8047
-35.2209
-36.5087
-37.661
-38.6683
-39.5189
-40.2009
-40.7079
-41.0427
-41.2197
-41.2606
-41.1664
-40.9237
-40.5173
-39.9326
-39.1549
-38.1682
-36.9557
-35.5004
-33.7831
-31.7839
-29.4796
-26.8531
-24.053
4.39241
6.72665
9.32208
12.0785
14.7133
17.2902
19.7137
21.8037
23.5137
24.8995
25.989
26.8176
27.4502
27.9346
28.3047
28.5917
28.8175
28.9968
29.141
29.2577
29.351
29.4222
29.4693
29.4857
29.4626
29.3963
29.2866
29.1331
28.9345
28.6898
28.3975
28.0562
27.6635
27.2161
26.7086
26.1329
25.4757
24.7174
23.8809
1.77868
-0.634139
-3.35363
-6.17355
-8.85571
-11.6003
-14.2702
-16.7835
-19.18
-21.4184
-23.4961
-25.4351
-27.2325
-28.8996
-30.4456
-31.8716
-33.1785
-34.3636
-35.4202
-36.3403
-37.1137
-37.73
-38.1844
-38.4808
-38.6334
-38.6633
-38.5719
-38.348
-37.9789
-37.4521
-36.7553
-35.8752
-34.7971
-33.5057
-31.9831
-30.2096
-28.1608
-25.8151
-23.3034
4.08271
6.30502
8.77871
11.4094
13.9268
16.3926
18.7153
20.7223
22.3676
23.7043
24.758
25.5617
26.1775
26.6509
27.014
27.2972
27.5213
27.7008
27.847
27.9674
28.0664
28.1457
28.2043
28.2362
28.2329
28.19
28.107
27.9834
27.8181
27.6095
27.3563
27.0564
26.7073
26.3053
25.8445
25.3167
24.7086
24.0012
23.2176
1.60939
-0.682252
-3.26257
-5.93415
-8.47138
-11.0639
-13.5816
-15.9474
-18.1992
-20.2983
-22.2427
-24.0537
-25.7288
-27.2789
-28.7129
-30.0323
-31.2383
-32.3284
-33.2972
-34.1375
-34.8405
-35.3974
-35.8044
-36.0666
-36.1979
-36.2184
-36.1302
-35.9237
-35.5883
-35.1137
-34.4896
-33.7045
-32.7461
-31.6005
-30.2514
-28.6795
-26.8597
-24.7678
-22.5188
3.80028
5.9152
8.27202
10.7817
13.186
15.5445
17.7696
19.6959
21.278
22.5663
23.5845
24.3634
24.9619
25.4235
25.7789
26.0573
26.2789
26.4575
26.6044
26.727
26.83
26.9154
26.983
27.0275
27.0403
27.0169
26.9564
26.8582
26.7213
26.5442
26.3251
26.0619
25.752
25.3913
24.9741
24.4918
23.9315
23.2746
22.5441
1.46044
-0.715242
-3.16254
-5.69253
-8.09167
-10.5395
-12.9126
-15.1386
-17.2535
-19.2211
-21.0402
-22.7309
-24.2914
-25.7323
-27.062
-28.2824
-29.3949
-30.3975
-31.2856
-32.0529
-32.6918
-33.1948
-33.5595
-33.7912
-33.9039
-33.9167
-33.8319
-33.6416
-33.337
-32.9093
-32.3502
-31.6501
-30.7982
-29.7822
-28.5874
-27.1951
-25.5802
-23.7171
-21.7067
3.54293
5.55489
7.79947
10.1928
12.488
14.7428
16.8734
18.7212
20.2417
21.4823
22.4654
23.2192
23.8001
24.2494
24.5965
24.8694
25.0875
25.2644
25.4108
25.5344
25.6399
25.7297
25.8041
25.8585
25.8846
25.8773
25.8355
25.7589
25.6463
25.4963
25.307
25.0763
24.8014
24.4784
24.1013
23.662
23.1477
22.5402
21.8622
1.33001
-0.734708
-3.05486
-5.44969
-7.71724
-10.0275
-12.2632
-14.3566
-16.3419
-18.1855
-19.8865
-21.4643
-22.9174
-24.2563
-25.4889
-26.6175
-27.6434
-28.5654
-29.3792
-30.0798
-30.6604
-31.1148
-31.4414
-31.6463
-31.7428
-31.7492
-31.6682
-31.493
-31.2162
-30.831
-30.3301
-29.7057
-28.9486
-28.0479
-26.9901
-25.7577
-24.3259
-22.6683
-20.8742
3.30868
5.22186
7.35866
9.64012
11.8302
13.9848
16.0237
17.7953
19.2553
20.4492
21.3974
22.1263
22.6893
23.1259
23.4641
23.7307
23.9447
24.1189
24.264
24.3875
24.4943
24.587
24.6665
24.7287
24.7653
24.7712
24.7451
24.6867
24.5948
24.468
24.3047
24.1026
23.8591
23.5702
23.2302
22.831
22.3604
21.8008
21.174
1.21642
-0.742159
-2.9408
-5.20662
-7.34879
-9.52805
-11.6332
-13.6009
-15.4637
-17.1901
-18.7799
-20.2516
-21.6041
-22.8476
-23.9898
-25.033
-25.9789
-26.8264
-27.5722
-28.2118
-28.7395
-29.15
-29.4426
-29.6236
-29.7062
-29.7075
-29.6304
-29.4693
-29.2181
-28.871
-28.4224
-27.8656
-27.1927
-26.3944
-25.4582
-24.3678
-23.0994
-21.6263
-20.0276
3.09565
4.91409
6.9474
9.12114
11.2098
13.2676
15.2177
16.915
18.316
19.464
20.3778
21.0818
21.6267
22.0502
22.379
22.6389
22.848
23.0189
23.162
23.2846
23.3916
23.486
23.569
23.637
23.6821
23.6986
23.6855
23.6423
23.568
23.4613
23.3206
23.1438
22.9281
22.67
22.364
22.0022
21.5729
21.059
20.4816
1.11806
-0.738968
-2.82148
-4.96422
-6.98689
-9.04148
-11.0227
-12.8712
-14.6179
-16.2336
-17.7186
-19.0905
-20.3487
-21.503
-22.561
-23.525
-24.3967
-25.1757
-25.859
-26.4428
-26.9224
-27.2933
-27.5555
-27.7155
-27.7861
-27.7834
-27.7104
-27.5625
-27.3346
-27.022
-26.6202
-26.1237
-25.5259
-24.8184
-23.9902
-23.026
-21.9031
-20.5952
-19.1726
2.90206
4.62964
6.5636
8.63372
10.6246
12.5889
14.4526
16.0778
17.4209
18.5238
19.4038
20.083
20.6097
21.0198
21.3389
21.5916
21.7955
21.9625
22.1028
22.2238
22.3303
22.4253
22.5105
22.5828
22.6344
22.6595
22.657
22.6266
22.5672
22.4778
22.3567
22.202
22.0113
21.781
21.5059
21.1786
20.7879
20.3174
19.7873
1.03345
-0.726459
-2.69798
-4.72328
-6.63206
-8.56799
-10.4313
-12.1667
-13.8035
-15.3146
-16.7007
-17.9788
-19.1486
-20.2196
-21.199
-22.0892
-22.8924
-23.6081
-24.234
-24.7669
-25.2027
-25.538
-25.7731
-25.9146
-25.975
-25.9692
-25.9004
-25.7648
-25.5583
-25.277
-24.9173
-24.4746
-23.9435
-23.3167
-22.5842
-21.732
-20.7386
-19.5785
-18.3143
2.72627
4.36675
6.20533
8.17574
10.0723
11.9461
13.7262
15.2811
16.5674
17.6261
18.473
19.1276
19.636
20.0326
20.3416
20.5868
20.7849
20.9476
21.0847
21.2035
21.3087
21.4036
21.4899
21.5652
21.6217
21.6537
21.6598
21.64
21.5933
21.5187
21.4146
21.2795
21.1108
20.9054
20.6585
20.363
20.0082
19.5785
19.0931
0.961203
-0.705863
-2.57135
-4.48459
-6.28482
-8.10777
-9.85899
-11.487
-13.0196
-14.4317
-15.7246
-16.9143
-18.0011
-18.9941
-19.9002
-20.7219
-21.4615
-22.1188
-22.692
-23.1783
-23.5745
-23.8776
-24.0885
-24.2139
-24.2655
-24.2576
-24.1931
-24.0691
-23.8821
-23.6291
-23.3072
-22.9127
-22.441
-21.8858
-21.2382
-20.4854
-19.6071
-18.5791
-17.457
2.56672
4.1237
5.8708
7.74526
9.55081
11.3373
13.0359
14.5224
15.7528
16.7683
17.5828
18.2131
18.7032
19.0861
19.3849
19.6223
19.8144
19.9724
20.106
20.2221
20.3255
20.4196
20.5063
20.5834
20.6435
20.6808
20.694
20.6829
20.647
20.585
20.4958
20.3777
20.2287
20.0457
19.8243
19.5578
19.2363
18.8447
18.4013
0.900057
-0.678271
-2.44249
-4.24881
-5.9456
-7.661
-9.30559
-10.8316
-12.2653
-13.5837
-14.7884
-15.8948
-16.9036
-17.8236
-18.6613
-19.4192
-20.0997
-20.7031
-21.2278
-21.6716
-22.0317
-22.3059
-22.4952
-22.6065
-22.6508
-22.6415
-22.5815
-22.4683
-22.2992
-22.0719
-21.784
-21.4327
-21.0139
-20.5224
-19.9501
-19.2854
-18.5095
-17.5994
-16.6048
2.42203
3.89895
5.55827
7.34034
9.05816
10.7601
12.3797
13.7996
14.9747
15.9482
16.7311
17.3375
17.8092
18.1783
18.4668
18.6963
18.8821
19.0353
19.1651
19.2782
19.3794
19.472
19.5583
19.6364
19.6991
19.7405
19.7593
19.7556
19.7286
19.6775
19.6012
19.4982
19.3666
19.2037
19.0053
18.7653
18.4744
18.1182
17.714
0.848849
-0.644643
-2.3122
-4.01646
-5.61464
-7.2276
-8.77072
-10.1999
-11.5396
-12.7694
-13.8906
-14.9182
-15.8538
-16.7053
-17.4789
-18.1772
-18.8029
-19.3564
-19.8365
-20.2414
-20.5688
-20.8169
-20.9871
-21.0861
-21.1243
-21.1142
-21.0586
-20.9557
-20.8031
-20.5992
-20.342
-20.0293
-19.6578
-19.223
-18.7176
-18.1311
-17.4462
-16.6413
-15.7608
2.29089
3.69104
5.26612
6.95918
8.59232
10.2124
11.755
13.1102
14.2309
15.1639
15.9162
16.4986
16.952
17.3074
17.5855
17.8069
17.9865
18.1346
18.2604
18.3702
18.4688
18.5597
18.6451
18.7235
18.7878
18.8322
18.8556
18.8579
18.8386
18.7968
18.7317
18.6419
18.5258
18.3808
18.2033
17.9875
17.7246
17.4011
17.0334
0.806357
-0.606054
-2.1814
-3.78827
-5.29247
-6.80768
-8.25413
-9.59124
-10.8414
-11.9872
-13.0292
-13.9824
-14.8493
-15.6368
-16.3501
-16.9926
-17.5672
-18.0745
-18.5135
-18.8826
-19.1802
-19.4048
-19.5581
-19.6464
-19.6796
-19.6693
-19.6184
-19.5251
-19.3879
-19.2052
-18.9758
-18.6979
-18.3687
-17.9842
-17.5383
-17.0213
-16.4173
-15.7062
-14.9277
2.17198
3.4987
4.99319
6.60043
8.15188
9.69259
11.1598
12.4518
13.5183
14.4132
15.1363
15.6948
16.1298
16.4714
16.7392
16.9526
17.1257
17.2688
17.3903
17.4968
17.5926
17.6814
17.7655
17.8436
17.9088
17.9556
17.9825
17.9898
17.977
17.9433
17.8879
17.8098
17.7075
17.5786
17.4199
17.226
16.9887
16.6954
16.3614
0.771387
-0.563921
-2.05144
-3.56561
-4.98009
-6.40229
-7.7564
-9.00557
-10.17
-11.2363
-12.202
-13.0844
-13.8874
-14.6149
-15.2715
-15.8616
-16.3887
-16.8531
-17.2541
-17.5904
-17.8609
-18.0643
-18.2026
-18.2816
-18.3108
-18.3008
-18.2544
-18.1704
-18.0473
-17.8842
-17.68
-17.4334
-17.142
-16.8027
-16.4097
-15.9545
-15.4225
-14.7951
-14.1079
2.06409
3.3208
4.73835
6.26336
7.73641
9.20037
10.594
11.8236
12.8332
13.6924
14.3884
14.9234
15.34
15.6684
15.9262
16.1316
16.2984
16.4363
16.5536
16.6566
16.7495
16.836
16.9185
16.9959
17.0615
17.1099
17.1398
17.1512
17.1439
17.1172
17.0704
17.0026
16.9125
16.7981
16.6563
16.4822
16.2684
16.0027
15.6999
0.743058
-0.518916
-1.92292
-3.34897
-4.67817
-6.012
-7.278
-8.44342
-9.52586
-10.5172
-11.4077
-12.2215
-12.9648
-13.6363
-14.2391
-14.7798
-15.2626
-15.6874
-16.0533
-16.3597
-16.6055
-16.79
-16.9151
-16.9862
-17.0123
-17.0031
-16.9614
-16.8861
-16.7763
-16.6311
-16.4499
-16.2316
-15.9743
-15.6753
-15.3295
-14.9294
-14.4615
-13.9088
-13.3034
1.9662
3.15607
4.50035
5.94637
7.34434
8.73432
10.0574
11.2258
12.1742
12.9995
13.6703
14.1819
14.5804
14.8959
15.144
15.3417
15.5023
15.6353
15.7485
15.8479
15.938
16.0221
16.1029
16.1793
16.245
16.2947
16.3269
16.3419
16.3393
16.3188
16.2797
16.221
16.1419
16.0404
15.9139
15.7579
15.5654
15.3249
15.0508
0.721467
-0.470199
-1.79417
-3.13608
-4.38404
-5.63368
-6.81629
-7.90252
-8.9074
-9.82725
-10.6454
-11.396
-12.0841
-12.7014
-13.252
-13.7457
-14.1866
-14.5741
-14.907
-15.1856
-15.4088
-15.5763
-15.6898
-15.7542
-15.7779
-15.77
-15.733
-15.6663
-15.5688
-15.4403
-15.2802
-15.0876
-14.8611
-14.5982
-14.2948
-13.9439
-13.5333
-13.0474
-12.515
1.87779
3.0034
4.27626
5.64527
6.97008
8.28734
9.54263
10.6523
11.5455
12.3412
12.9857
13.4717
13.8517
14.1544
14.3926
14.5824
14.7367
14.8645
14.9736
15.0696
15.1568
15.2385
15.3175
15.3929
15.4584
15.509
15.5432
15.5612
15.5629
15.5478
15.5155
15.4651
15.3958
15.3061
15.1934
15.0537
14.8807
14.6633
14.4154
0.706221
-0.417932
-1.66451
-2.92563
-4.09531
-5.26384
-6.36625
-7.37746
-8.30877
-9.15999
-9.90836
-10.6087
-11.2497
-11.8121
-12.3096
-12.7582
-13.1598
-13.5116
-13.8132
-14.0655
-14.2678
-14.4196
-14.5226
-14.5814
-14.6035
-14.5974
-14.5654
-14.5069
-14.4212
-14.3083
-14.1676
-13.9983
-13.7997
-13.5695
-13.3039
-12.9969
-12.6377
-12.2116
-11.7449
1.79836
2.86179
4.06475
5.35743
6.6094
7.85279
9.04033
10.0889
10.9394
11.7214
12.3379
12.793
13.1536
13.4442
13.6726
13.8543
14.0021
14.125
14.2299
14.3224
14.4066
14.4859
14.5629
14.6371
14.7023
14.7535
14.7894
14.8101
14.8155
14.8053
14.7791
14.7362
14.6758
14.5966
14.4965
14.3717
14.2163
14.02
13.7962
0.695394
-0.375886
-1.56232
-2.75498
-3.85461
-4.94468
-5.95889
-6.87894
-7.70703
-8.46492
-9.08343
-9.77094
-10.4207
-10.9616
-11.4351
-11.869
-12.26
-12.6011
-12.8928
-13.1372
-13.3337
-13.4816
-13.5822
-13.6402
-13.6633
-13.6599
-13.6327
-13.5807
-13.504
-13.4031
-13.2744
-13.121
-12.9417
-12.7342
-12.495
-12.2185
-11.8951
-11.5115
-11.0915
1.73787
2.7513
3.89956
5.12405
6.30545
7.46542
8.55642
9.48869
10.2406
11.0948
11.7268
12.1708
12.5297
12.8237
13.054
13.2359
13.3839
13.5071
13.6124
13.7052
13.7898
13.8696
13.9474
14.0228
14.0897
14.1428
14.1808
14.2041
14.2126
14.206
14.1841
14.1462
14.0918
14.0196
13.9278
13.8127
13.6691
13.4869
13.2793
0.687547
-0.340164
-1.47524
-2.60784
-3.64203
-4.65368
-5.57589
-6.39359
-7.09976
-7.74374
-8.19092
-8.90151
-9.59744
-10.1402
-10.6092
-11.0486
-11.4477
-11.7949
-12.0915
-12.3404
-12.5412
-12.693
-12.7976
-12.859
-12.8858
-12.8864
-12.8641
-12.8174
-12.748
-12.6565
-12.5346
-12.3915
-12.2257
-12.0338
-11.8125
-11.5574
-11.2592
-10.9053
-10.5181
1.68884
2.66055
3.75984
4.92053
6.03044
7.09765
8.07355
8.86796
9.49623
10.4643
11.1434
11.592
11.9601
12.2675
12.5075
12.6956
12.8484
12.9757
13.0843
13.1801
13.2673
13.3498
13.4305
13.5089
13.579
13.635
13.6758
13.7018
13.713
13.7092
13.6903
13.6558
13.6053
13.5377
13.4512
13.3426
13.2066
13.0336
12.8366
0.681379
-0.302326
-1.38556
-2.4577
-3.42659
-4.36014
-5.1926
-5.9105
-6.50181
-7.03499
-7.32291
-8.04262
-8.77508
-9.31718
-9.77783
-10.2179
-10.622
-10.9734
-11.2733
-11.5256
-11.7302
-11.8858
-11.9941
-12.0591
-12.0896
-12.0945
-12.0777
-12.037
-11.9753
-11.8942
-11.7799
-11.648
-11.4965
-11.3209
-11.118
-10.8843
-10.6113
-10.2874
-9.93542
1.64083
2.57059
3.6202
4.71681
5.75624
6.73039
7.5954
8.26032
8.76715
9.82544
10.5535
11.0073
11.3809
11.6993
11.9486
12.1428
12.3
12.4309
12.5428
12.6413
12.7311
12.8161
12.8996
12.9811
13.0543
13.1134
13.1571
13.1859
13.1999
13.1992
13.1836
13.1527
13.1062
13.0433
12.9623
12.8601
12.7319
12.5682
12.3819
0.676613
-0.263074
-1.29435
-2.30636
-3.21055
-4.06693
-4.81245
-5.43298
-5.91723
-6.33846
-6.48524
-7.19804
-7.95286
-8.4927
-8.94295
-9.3791
-9.78466
-10.1381
-10.4398
-10.6943
-10.902
-11.061
-11.173
-11.2416
-11.276
-11.285
-11.2734
-11.2382
-11.1839
-11.1122
-11.0049
-10.8831
-10.745
-10.5848
-10.3996
-10.1867
-9.93833
-9.64252
-9.31875
1.59396
2.482
3.48167
4.51461
5.48499
6.36586
7.1255
7.66548
8.05816
9.17892
9.95516
10.4178
10.7944
11.121
11.3787
11.5788
11.7403
11.8747
11.9896
12.0908
12.183
12.2705
12.3566
12.4412
12.5176
12.5797
12.6264
12.6581
12.6753
12.6778
12.6656
12.6386
12.5965
12.5387
12.4634
12.3681
12.2478
12.0934
11.9178
0.673276
-0.222802
-1.20248
-2.15523
-2.99594
-3.77673
-4.43853
-4.96429
-5.34924
-5.65587
-5.68132
-6.37155
-7.13215
-7.66624
-8.10458
-8.53291
-8.93607
-9.28942
-9.59142
-9.84711
-10.0569
-10.2193
-10.3351
-10.4083
-10.448
-10.4633
-10.4593
-10.4324
-10.3885
-10.3295
-10.2328
-10.1242
-10.0019
-9.85905
-9.69284
-9.50111
-9.27763
-9.01269
-8.73166
1.54871
2.39551
3.34541
4.31567
5.21876
6.0061
6.66621
7.08131
7.36831
8.52579
9.3461
9.82178
10.2017
10.5349
10.7995
11.0045
11.1695
11.3073
11.4253
11.5294
11.6243
11.7145
11.8033
11.8911
11.971
12.0365
12.0865
12.1216
12.1421
12.148
12.1394
12.1164
12.0787
12.0259
11.9566
11.8682
11.7561
11.6115
11.4471
0.671222
-0.182204
-1.11144
-2.00631
-2.78543
-3.49286
-4.07472
-4.50883
-4.80182
-4.99028
-4.91307
-5.56548
-6.31414
-6.83746
-7.26243
-7.67953
-8.07645
-8.42715
-8.7282
-8.9843
-9.19596
-9.36118
-9.47992
-9.55584
-9.59774
-9.61534
-9.61441
-9.59097
-9.55206
-9.49958
-9.40805
-9.30776
-9.19695
-9.06804
-8.91865
-8.74699
-8.54614
-8.30295
-8.02825
1.50563
2.31231
3.21299
4.12243
4.95967
5.65325
6.21949
6.50579
6.69338
7.86678
8.72486
9.21598
9.60046
9.94124
10.2142
10.4244
10.5919
10.7312
10.8511
10.9573
11.0547
11.1474
11.2394
11.3305
11.4142
11.4837
11.5377
11.5771
11.6021
11.6128
11.6092
11.5914
11.5592
11.5121
11.449
11.3674
11.2632
11.1274
10.9715
0.670242
-0.142726
-1.02382
-1.86323
-2.58288
-3.21956
-3.72487
-4.07028
-4.27728
-4.3437
-4.18134
-4.78119
-5.50026
-6.00644
-6.41575
-6.81827
-7.20523
-7.55041
-7.84868
-8.10434
-8.31829
-8.4886
-8.61559
-8.70294
-8.75852
-8.79069
-8.80559
-8.79904
-8.7791
-8.74745
-8.67457
-8.59399
-8.50399
-8.3959
-8.26732
-8.11779
-7.94465
-7.74452
-7.55315
1.46584
2.23449
3.08742
3.93854
4.70972
5.30735
5.78308
5.93224
6.02334
7.2011
8.09364
8.60018
8.98635
9.33207
9.61521
9.83579
10.0108
10.1542
10.276
10.3833
10.4816
10.5759
10.67
10.7641
10.851
10.9238
10.981
11.0236
11.0522
11.067
11.0683
11.0562
11.0309
10.9917
10.9377
10.8664
10.774
10.653
10.5182
0.669874
-0.106176
-0.942984
-1.73059
-2.39353
-2.96213
-3.39259
-3.65012
-3.77501
-3.71698
-3.48522
-4.01893
-4.69172
-5.173
-5.56292
-5.94736
-6.32095
-6.65821
-6.95186
-7.20441
-7.41574
-7.58264
-7.70363
-7.78073
-7.82392
-7.84533
-7.8512
-7.83676
-7.81029
-7.77281
-7.69579
-7.61583
-7.53124
-7.43338
-7.31979
-7.18884
-7.03123
-6.82626
-6.56021
1.43008
2.16364
2.9716
3.76792
4.47104
4.96955
5.35593
5.35315
5.34145
6.51913
7.45318
7.98547
8.37507
8.71582
8.99518
9.21755
9.40026
9.55462
9.68703
9.80272
9.90722
10.0061
10.1045
10.2035
10.2968
10.3767
10.4409
10.49
10.524
10.5432
10.5476
10.5378
10.5139
10.4763
10.4244
10.3563
10.2674
10.1456
9.99435
0.669719
-0.0726
-0.869126
-1.60981
-2.22056
-2.72609
-3.08423
-3.25602
-3.30312
-3.11815
-2.8241
-3.27785
-3.88969
-4.33721
-4.70242
-5.06348
-5.41842
-5.74543
-6.03792
-6.29769
-6.52454
-6.71655
-6.87399
-6.99928
-7.09374
-7.16148
-7.21122
-7.23995
-7.25971
-7.27061
-7.23503
-7.19198
-7.14112
-7.07281
-6.98557
-6.88215
-6.76938
-6.66082
-6.62489
1.39726
2.09826
2.86474
3.61168
4.24721
4.65316
4.95606
4.77167
4.63275
5.79799
6.77539
7.35575
7.78341
8.14567
8.42384
8.62693
8.78474
8.92013
9.04357
9.15861
9.2674
9.37274
9.47813
9.58369
9.68306
9.77029
9.84476
9.90735
9.95821
9.99727
10.0243
10.0389
10.0404
10.0278
9.99995
9.95543
9.89478
9.82125
9.76894
0.67008
-0.0408448
-0.800397
-1.49911
-2.06436
-2.5164
-2.81116
-2.91038
-2.88882
-2.56504
-2.19856
-2.56018
-3.09594
-3.49825
-3.83454
-4.16882
-4.49514
-4.7929
-5.05584
-5.28457
-5.47641
-5.62407
-5.72079
-5.76664
-5.78252
-5.79019
-5.79136
-5.7769
-5.75185
-5.71608
-5.64754
-5.58411
-5.52316
-5.45612
-5.37964
-5.28872
-5.16267
-4.95782
-4.60232
1.36713
2.03797
2.76697
3.47066
4.04424
4.38095
4.60706
4.18767
3.89635
5.0353
6.01733
6.61351
7.08375
7.51976
7.88331
8.15437
8.34576
8.48059
8.58233
8.66877
8.75148
8.83799
8.93335
9.03577
9.13261
9.21235
9.27252
9.31445
9.33984
9.35017
9.34693
9.33205
9.30762
9.27524
9.23489
9.18224
9.10288
8.96043
8.71035
0.671275
-0.0185788
-0.750945
-1.41523
-1.941
-2.34471
-2.57928
-2.61616
-2.52097
-2.03584
-1.59795
-1.87468
-2.31744
-2.65162
-2.94796
-3.26385
-3.59235
-3.91407
-4.22171
-4.51532
-4.79593
-5.06577
-5.32567
-5.56823
-5.76448
-5.90512
-6.0179
-6.11017
-6.20614
-6.30185
-6.33111
-6.33455
-6.33099
-6.31402
-6.27993
-6.23701
-6.21577
-6.27071
-6.54412
1.34862
1.99927
2.69982
3.36381
3.874
4.14556
4.24318
3.51905
3.11796
4.30026
5.29057
5.8379
6.21541
6.55655
6.88154
7.19529
7.49514
7.76671
7.99808
8.18719
8.34011
8.4668
8.58171
8.70525
8.85134
9.00767
9.15698
9.29382
9.41668
9.5246
9.61547
9.68639
9.73509
9.76044
9.7645
9.7554
9.75894
9.83235
10.0891
0.670575
-0.0278919
-0.760903
-1.40886
-1.89938
-2.2415
-2.38482
-2.31717
-2.07647
-1.41197
-0.976484
-1.2142
-1.57743
-1.82391
-2.01569
-2.20252
-2.38717
-2.56127
-2.7195
-2.85643
-2.95931
-3.00777
-2.98701
-2.90601
-2.83124
-2.79783
-2.78155
-2.74902
-2.69166
-2.65053
-2.58071
-2.52019
-2.47672
-2.43722
-2.39447
-2.3395
-2.22491
-1.9652
-1.36929
1.35724
2.01286
2.70559
3.33314
3.75948
3.89993
3.69325
2.60935
2.19703
3.56631
4.79224
5.58806
6.08959
6.35463
6.41081
6.33756
6.22054
6.12899
6.09219
6.11293
6.1827
6.29263
6.42621
6.54196
6.59423
6.60141
6.59886
6.59199
6.57975
6.56184
6.54215
6.52586
6.51667
6.51569
6.51792
6.50454
6.41986
6.15069
5.51254
0.66334
-0.0678051
-0.826566
-1.47938
-1.94467
-2.21989
-2.25019
-2.03193
-1.56973
-0.73174
-0.311703
-0.503393
-0.839428
-1.1545
-1.47187
-1.80318
-2.1515
-2.51865
-2.90987
-3.33461
-3.80581
-4.33012
-4.88308
-5.40205
-5.77552
-6.00317
-6.22734
-6.40537
-6.7025
-7.13543
-7.01059
-7.03299
-7.16553
-7.26314
-7.31007
-7.35554
-7.47814
-7.78983
-8.50384
1.38087
2.06004
2.76365
3.36663
3.70876
3.67355
3.05857
1.65397
1.00124
2.22176
3.57918
4.9253
6.23725
7.48319
8.54261
9.35481
9.93834
10.3118
10.5247
10.6326
10.6838
10.7176
10.7916
10.9975
11.3703
11.7759
12.11
12.3854
12.6248
12.8324
13.0009
13.1267
13.212
13.264
13.2994
13.3525
13.5098
13.9026
14.7445
119.639
117.573
114.978
111.93
108.269
103.97
99.0585
93.6105
87.7714
81.729
75.6598
69.6871
63.8772
58.2575
52.8373
47.6212
42.6118
37.8114
33.2212
28.8408
24.6674
20.698
16.9277
13.3516
9.96456
6.76181
3.73867
0.890034
-1.78856
-4.30173
-6.65229
-8.84179
-10.8718
-12.7426
-14.4545
-16.0079
-17.4032
-18.6415
-19.7244
-20.6541
-21.4335
-22.0667
-22.5585
-22.9142
-23.1403
-23.2442
-23.2334
-23.1161
-22.901
-22.5971
-22.2132
-21.7584
-21.2414
-20.6709
-20.055
-19.4014
-18.7174
-18.0097
-17.2843
-16.5466
-15.8017
-15.0538
-14.3065
-13.5631
-12.8266
-12.0985
-11.3826
-10.7701
-10.2239
-9.67266
-9.07527
-8.53001
-7.81901
-7.42972
-6.34884
-6.62504
-4.32582
-6.74465
-0.99
-9.00397
119.33
115.711
111.75
107.662
103.493
99.3164
95.1884
91.1386
87.1843
83.3391
79.6141
76.0202
72.5674
69.2639
66.1169
63.1313
60.3102
57.6556
55.1667
52.8412
50.6754
48.6639
46.8
45.0763
43.4846
42.0162
40.6624
39.4144
38.2634
37.2009
36.2192
35.3103
34.4667
33.6814
32.9475
32.2586
31.6082
30.9903
30.399
29.8288
29.2744
28.7308
28.1936
27.6586
27.1221
26.581
26.0329
25.4757
24.9078
24.3284
23.7371
23.134
22.5196
21.8947
21.2606
20.6189
19.9713
19.3196
18.6659
18.0121
17.3604
16.7126
16.0709
15.4369
14.8129
14.2002
13.6021
13.0996
12.6667
12.2222
11.768
11.308
10.839
10.406
9.85972
9.72814
8.49104
10.2712
5.07801
15.1002
48.6892
48.2371
47.9187
47.6308
47.3016
46.9255
46.4754
45.9057
45.1717
44.2421
43.1033
41.7546
40.2023
38.458
36.5375
34.4588
32.2421
29.9084
27.479
24.9756
22.4196
19.832
17.2326
14.6396
12.0702
9.53906
7.05949
4.64432
2.30649
0.0565309
-2.09663
-4.14546
-6.08436
-7.90814
-9.61241
-11.1938
-12.6493
-13.9768
-15.1746
-16.2419
-17.1784
-17.9852
-18.6638
-19.2165
-19.6469
-19.9596
-20.1593
-20.2519
-20.2438
-20.1421
-19.9542
-19.6875
-19.3499
-18.9491
-18.4928
-17.9883
-17.4429
-16.8633
-16.2557
-15.626
-14.9795
-14.321
-13.6549
-12.9849
-12.3145
-11.6461
-10.9833
-10.4128
-9.90138
-9.38599
-8.81937
-8.30874
-7.62274
-7.26655
-6.21062
-6.50132
-4.26748
-6.60842
-1.09202
-8.80682
48.9411
49.1596
49.6937
50.1653
50.5406
50.8114
50.9691
51.0109
50.9377
50.7526
50.459
50.0607
49.5635
48.9733
48.2979
47.546
46.7269
45.8508
44.9291
43.9732
42.9944
42.0035
41.0109
40.0264
39.0583
38.1134
37.1976
36.3154
35.4696
34.6618
33.8926
33.1616
32.4674
31.808
31.1808
30.583
30.0113
29.4623
28.9323
28.4177
27.915
27.4206
26.931
26.4432
25.954
25.4608
24.9614
24.4537
23.9363
23.408
22.8683
22.3168
21.7537
21.1795
20.5952
20.002
19.4011
18.7944
18.1834
17.5702
16.9566
16.3445
15.7361
15.1332
14.5379
13.9516
13.3779
12.8948
12.4779
12.0493
11.6104
11.1655
10.7102
10.293
9.75757
9.64102
8.42692
10.1546
5.16977
14.7454
26.6338
26.2595
25.8926
25.5216
25.1183
24.683
24.2161
23.7168
23.1877
22.6339
22.0605
21.4711
20.8636
20.2302
19.5598
18.8401
18.0599
17.21
16.2823
15.2715
14.1747
12.9917
11.7248
10.379
8.96183
7.48294
5.95397
4.38712
2.79528
1.19162
-0.410257
-1.99656
-3.55448
-5.07159
-6.53633
-7.93839
-9.26846
-10.5184
-11.6811
-12.7505
-13.7221
-14.5923
-15.3585
-16.0193
-16.5746
-17.0252
-17.373
-17.6208
-17.7722
-17.8319
-17.805
-17.697
-17.5143
-17.2632
-16.9502
-16.582
-16.1652
-15.7061
-15.2108
-14.6852
-14.1347
-13.5644
-12.9789
-12.3823
-11.7788
-11.1709
-10.5626
-10.0356
-9.56041
-9.08126
-8.54818
-8.07036
-7.41798
-7.0826
-6.07842
-6.34268
-4.24216
-6.41041
-1.24823
-8.49942
26.9019
27.144
27.4249
27.6978
28.0028
28.3361
28.6928
29.0678
29.4556
29.8498
30.2438
30.6307
31.0035
31.3552
31.6791
31.9686
32.2177
32.4209
32.5738
32.673
32.7163
32.7028
32.6328
32.5083
32.3324
32.1089
31.8426
31.5393
31.2044
30.8439
30.4632
30.0676
29.6615
29.2489
28.8329
28.4157
27.9989
27.5834
27.1694
26.7565
26.3441
25.931
25.5158
25.097
24.673
24.2422
23.8031
23.3544
22.8948
22.4236
21.9401
21.4441
20.9356
20.415
19.883
19.3405
18.7887
18.229
17.663
17.0924
16.519
15.9449
15.372
14.8021
14.2375
13.6796
13.1322
12.6702
12.2711
11.8599
11.4378
11.0097
10.5703
10.1684
9.65078
9.5338
8.38104
9.98432
5.31531
14.3373
27.2336
27.0156
26.7816
26.5299
26.2387
25.8902
25.4702
24.9657
24.3688
23.6806
22.9103
22.074
21.1879
20.264
19.3093
18.3274
17.3209
16.2922
15.2426
14.1728
13.083
11.9724
10.8402
9.68525
8.50679
7.30439
6.07867
4.83086
3.56358
2.28037
0.986248
-0.312374
-1.60839
-2.89372
-4.15952
-5.39685
-6.59657
-7.74987
-8.84827
-9.88387
-10.8497
-11.7398
-12.549
-13.2731
-13.9091
-14.4553
-14.9107
-15.2756
-15.5513
-15.7401
-15.8448
-15.8694
-15.8182
-15.6961
-15.5086
-15.2613
-14.9598
-14.61
-14.2176
-13.7882
-13.3272
-12.8395
-12.3302
-11.8034
-11.2635
-10.7138
-10.1579
-9.67273
-9.23146
-8.78598
-8.28437
-7.83764
-7.21618
-6.90359
-5.94096
-6.19798
-4.18826
-6.26076
-1.31324
-8.3
27.4135
27.5781
27.7239
27.8525
27.9687
28.0678
28.1514
28.2206
28.2765
28.3202
28.3533
28.3772
28.3933
28.403
28.4075
28.4078
28.4045
28.3978
28.3871
28.3719
28.3506
28.3217
28.2831
28.2324
28.1677
28.0866
27.9874
27.8687
27.7296
27.5696
27.3891
27.1888
26.9698
26.7336
26.4817
26.2159
25.9378
25.6486
25.3496
25.0416
24.7249
24.3998
24.066
23.7232
23.3707
23.0079
22.6339
22.248
21.8494
21.4375
21.0119
20.5725
20.1192
19.6524
19.1725
18.6805
18.1774
17.6643
17.1429
16.6146
16.0813
15.5448
15.0071
14.47
13.9359
13.4062
12.8847
12.4433
12.0611
11.6666
11.2609
10.8489
10.4248
10.0377
9.53598
9.42358
8.31251
9.84941
5.35839
14.0762
23.6868
23.4718
23.254
23.0437
22.8292
22.599
22.3444
22.0566
21.7253
21.341
20.8975
20.3938
19.8326
19.2179
18.5521
17.836
17.0694
16.2529
15.3882
14.4774
13.5237
12.5305
11.5016
10.441
9.35289
8.24109
7.10955
5.96201
4.80233
3.6342
2.46138
1.28813
0.118623
-1.04246
-2.1899
-3.31814
-4.4212
-5.49279
-6.52634
-7.51534
-8.45346
-9.33468
-10.1534
-10.9045
-11.584
-12.1882
-12.7147
-13.1618
-13.529
-13.8164
-14.0253
-14.1575
-14.216
-14.204
-14.1255
-13.985
-13.7872
-13.5371
-13.2398
-12.9004
-12.524
-12.1154
-11.6795
-11.2205
-10.743
-10.2506
-9.74676
-9.30305
-8.89558
-8.48364
-8.01358
-7.59832
-7.00698
-6.7202
-5.79287
-6.05644
-4.11192
-6.13275
-1.32942
-8.15206
23.8504
23.9843
24.123
24.2643
24.4046
24.5427
24.6779
24.8087
24.9337
25.0514
25.1603
25.2591
25.3464
25.4213
25.4827
25.5303
25.5636
25.5826
25.5878
25.5796
25.5587
25.5262
25.483
25.4298
25.3676
25.2969
25.2179
25.1308
25.0354
24.9313
24.818
24.6949
24.5613
24.4167
24.2606
24.0927
23.9127
23.7206
23.5163
23.2997
23.0709
22.8298
22.5761
22.3099
22.0305
21.7378
21.4312
21.1102
20.7745
20.4237
20.0574
19.6757
19.2785
18.8663
18.4393
17.9983
17.5444
17.0786
16.6024
16.1171
15.6245
15.1264
14.6247
14.1213
13.6185
13.1177
12.6231
12.2027
11.8378
11.4605
11.0715
10.6761
10.2678
9.89569
9.40986
9.30489
8.22588
9.72366
5.34733
13.8623
18.7741
18.5786
18.3788
18.1864
17.9933
17.7938
17.5831
17.3556
17.1055
16.8267
16.5146
16.1667
15.7839
15.3688
14.9241
14.451
13.9485
13.4145
12.8465
12.2426
11.6011
10.921
10.2015
9.44283
8.64565
7.81146
6.94245
6.04147
5.11207
4.15823
3.18435
2.19531
1.19606
0.191826
-0.811937
-1.80973
-2.79586
-3.76462
-4.71008
-5.62641
-6.50775
-7.34844
-8.14295
-8.88602
-9.57298
-10.1996
-10.7621
-11.2579
-11.6847
-12.0412
-12.3271
-12.5426
-12.6888
-12.7677
-12.7818
-12.7342
-12.6284
-12.4684
-12.2586
-12.0032
-11.7069
-11.3742
-11.0095
-10.6171
-10.2014
-9.7662
-9.31487
-8.91327
-8.54057
-8.16326
-7.72623
-7.3435
-6.78404
-6.52386
-5.63406
-5.90383
-4.0281
-5.99283
-1.34318
-7.98624
18.914
19.0241
19.1445
19.2693
19.3985
19.5326
19.6716
19.8151
19.9628
20.1143
20.2689
20.426
20.5846
20.7435
20.9018
21.0579
21.2103
21.3576
21.4981
21.6302
21.7526
21.8638
21.9628
22.0485
22.1204
22.178
22.2211
22.2497
22.264
22.2643
22.2508
22.2238
22.1837
22.1304
22.064
21.9847
21.8921
21.7861
21.6665
21.533
21.3854
21.2233
21.0464
20.8545
20.6472
20.4242
20.185
19.9295
19.6573
19.3682
19.062
18.7386
18.3983
18.0412
17.6678
17.2788
16.875
16.4575
16.0274
15.5863
15.1357
14.6773
14.2131
13.7448
13.2749
12.8047
12.3384
11.9405
11.5942
11.2353
10.8643
10.4865
10.0954
9.73894
9.27108
9.17216
8.13015
9.57914
5.33276
13.6189
15.6831
15.5227
15.356
15.1917
15.0249
14.8539
14.6772
14.49
14.2869
14.0627
13.8121
13.5307
13.2171
12.8728
12.5011
12.1054
11.6879
11.2492
10.7887
10.3053
9.79802
9.26619
8.70894
8.12549
7.51518
6.87753
6.21227
5.51955
4.79999
4.05468
3.28527
2.49414
1.6841
0.858615
0.021723
-0.822136
-1.66808
-2.51097
-3.34534
-4.16564
-4.96623
-5.74153
-6.48599
-7.19419
-7.86115
-8.48212
-9.05277
-9.5694
-10.0288
-10.4285
-10.7669
-11.0427
-11.2559
-11.4068
-11.4966
-11.527
-11.5005
-11.4198
-11.2884
-11.1097
-10.8876
-10.6261
-10.3292
-10.001
-9.64542
-9.26647
-8.8672
-8.5078
-8.17025
-7.82794
-7.42482
-7.07506
-6.54907
-6.31521
-5.46613
-5.73921
-3.93907
-5.83876
-1.35557
-7.79945
15.804
15.9071
16.0178
16.1313
16.2485
16.3694
16.4937
16.6215
16.7527
16.8871
17.0247
17.1653
17.3088
17.455
17.6036
17.7544
17.9068
18.0605
18.2147
18.3689
18.5221
18.6732
18.8212
18.9648
19.1027
19.2335
19.3559
19.4686
19.5705
19.6606
19.7378
19.8015
19.8511
19.8862
19.9064
19.9116
19.9014
19.8759
19.8347
19.7778
19.705
19.6159
19.5103
19.3881
19.2487
19.092
18.9176
18.7253
18.5149
18.286
18.0387
17.7729
17.4887
17.1863
16.8662
16.529
16.1754
15.8063
15.4228
15.0264
14.6185
14.2007
13.7749
13.3428
12.9069
12.4684
12.0318
11.6575
11.3308
10.9913
10.6394
10.2803
9.90744
9.56731
9.11944
9.02456
8.02583
9.41443
5.31569
13.3525
13.6082
13.4745
13.3339
13.1929
13.0483
12.9003
12.7499
12.5952
12.4325
12.2575
12.0657
11.8521
11.6125
11.3449
11.05
10.73
10.3874
10.024
9.64051
9.23628
8.81061
8.36305
7.89331
7.40129
6.88699
6.35047
5.79188
5.21149
4.6098
3.98738
3.34506
2.68401
2.0056
1.31163
0.604361
-0.113571
-0.839027
-1.56847
-2.29789
-3.02295
-3.73905
-4.44136
-5.12492
-5.78469
-6.41579
-7.01343
-7.57308
-8.09056
-8.5621
-8.98448
-9.35504
-9.6717
-9.93311
-10.1385
-10.2878
-10.3817
-10.4214
-10.4086
-10.3456
-10.2351
-10.0802
-9.88407
-9.65034
-9.38255
-9.08437
-8.75966
-8.41108
-8.09313
-7.79034
-7.48264
-7.11351
-6.79649
-6.30474
-6.09677
-5.28989
-5.56557
-3.84204
-5.6775
-1.35639
-7.60822
13.7132
13.8067
13.9061
14.0086
14.1149
14.2249
14.3385
14.4556
14.5761
14.7
14.827
14.9569
15.0897
15.2249
15.3625
15.502
15.6432
15.7858
15.9295
16.0739
16.2186
16.3632
16.5072
16.6501
16.7913
16.9301
17.0657
17.1973
17.3238
17.4444
17.5578
17.663
17.759
17.8445
17.9187
17.9805
18.0291
18.0638
18.0839
18.0887
18.0778
18.0505
18.0065
17.9453
17.8666
17.7698
17.6546
17.5208
17.368
17.196
17.0046
16.7938
16.5636
16.3142
16.0459
15.7592
15.4548
15.1334
14.7961
14.4442
14.0789
13.7019
13.3147
12.9194
12.518
12.1121
11.7059
11.3559
11.0494
10.73
10.398
10.0582
9.70444
9.38092
8.95452
8.86235
7.91036
9.23493
5.28471
13.0829
11.8372
11.7236
11.6036
11.4818
11.3557
11.2252
11.0921
10.957
10.8188
10.6744
10.5206
10.3539
10.1699
9.96505
9.73716
9.48648
9.21463
8.92355
8.61474
8.28867
7.94472
7.58196
7.19961
6.79716
6.37426
5.93071
5.46643
4.98151
4.4763
3.95128
3.40716
2.84495
2.26579
1.67108
1.06257
0.442206
-0.187748
-0.824689
-1.46569
-2.10751
-2.74661
-3.37919
-4.00118
-4.60834
-5.19634
-5.76082
-6.29745
-6.80212
-7.27086
-7.70014
-8.08676
-8.42798
-8.72166
-8.96616
-9.1605
-9.30428
-9.39767
-9.44147
-9.43697
-9.38596
-9.29067
-9.15367
-8.97783
-8.76624
-8.52207
-8.24902
-7.9492
-7.67147
-7.40268
-7.12889
-6.79355
-6.5088
-6.05168
-5.86922
-5.10518
-5.38376
-3.73562
-5.51096
-1.34344
-7.41731
11.9275
12.0088
12.0953
12.1851
12.2788
12.3762
12.4775
12.5826
12.6916
12.8044
12.9211
13.0415
13.1656
13.2932
13.4241
13.5582
13.6952
13.8348
13.9766
14.1203
14.2655
14.4116
14.5582
14.7048
14.8508
14.9958
15.1389
15.2797
15.4175
15.5516
15.6812
15.8055
15.9237
16.0349
16.1381
16.2324
16.3168
16.3902
16.4518
16.5005
16.5355
16.5559
16.5609
16.5498
16.5218
16.4765
16.4131
16.3312
16.2303
16.1101
15.9703
15.8107
15.6312
15.4319
15.213
14.9748
14.7179
14.4429
14.1507
13.8424
13.5193
13.1827
12.8342
12.4757
12.1092
11.7362
11.3609
11.0357
10.7499
10.4511
10.1395
9.81958
9.4857
9.17909
8.77538
8.68513
7.782
9.042
5.23722
12.812
10.3423
10.2457
10.1435
10.0391
9.92999
9.81569
9.69756
9.57685
9.45411
9.32863
9.19829
9.06032
8.91179
8.74922
8.56909
8.36936
8.14999
7.91232
7.65808
7.38874
7.10496
6.8064
6.49221
6.16166
5.81419
5.44939
5.06693
4.66654
4.24811
3.81163
3.35732
2.88564
2.39719
1.89286
1.37386
0.841585
0.297756
-0.25562
-0.816247
-1.38154
-1.94867
-2.51453
-3.07579
-3.62886
-4.17005
-4.69552
-5.20137
-5.68372
-6.13877
-6.56292
-6.95282
-7.30536
-7.61793
-7.8883
-8.11474
-8.29608
-8.43166
-8.52139
-8.5657
-8.56554
-8.52234
-8.43789
-8.3144
-8.15439
-7.96048
-7.73609
-7.48276
-7.2437
-7.00794
-6.76717
-6.46523
-6.21217
-5.78986
-5.6325
-4.91177
-5.19335
-3.61981
-5.33787
-1.31909
-7.22402
10.42
10.491
10.5664
10.645
10.7271
10.8127
10.9019
10.9948
11.0914
11.1917
11.2959
11.404
11.5158
11.6315
11.751
11.8742
12.0011
12.1314
12.265
12.4017
12.5413
12.6834
12.8276
12.9735
13.1207
13.2686
13.4167
13.5642
13.7106
13.8551
13.9969
14.1354
14.2696
14.3989
14.5222
14.6388
14.7477
14.8479
14.9386
15.0187
15.0873
15.1435
15.1862
15.2145
15.2276
15.2246
15.2047
15.1673
15.1118
15.0374
14.9439
14.8307
14.6978
14.545
14.3723
14.1798
13.9681
13.7375
13.4888
13.2229
12.9409
12.6441
12.3339
12.012
11.6804
11.3404
10.9964
10.6964
10.4317
10.1539
9.8632
9.56368
9.2503
8.96094
8.581
8.49214
7.63983
8.83445
5.17541
12.5346
9.12303
9.04079
8.9536
8.86422
8.77039
8.67148
8.56812
8.46105
8.35113
8.23909
8.12472
8.00645
7.88201
7.74894
7.6042
7.44455
7.26781
7.07366
6.86313
6.63768
6.39876
6.14718
5.88281
5.605
5.31306
5.00656
4.6852
4.34871
3.99691
3.62964
3.24687
2.84875
2.43551
2.00757
1.56558
1.11038
0.643072
0.164998
-0.322184
-0.816568
-1.31598
-1.81798
-2.31986
-2.81865
-3.31123
-3.7943
-4.26439
-4.718
-5.1516
-5.56173
-5.94505
-6.29838
-6.61884
-6.90383
-7.15118
-7.35913
-7.52636
-7.65208
-7.73597
-7.77821
-7.77948
-7.74089
-7.66392
-7.55053
-7.40272
-7.22358
-7.01403
-6.81179
-6.60779
-6.39888
-6.12964
-5.90742
-5.51982
-5.38694
-4.70984
-4.99424
-3.49493
-5.1574
-1.28487
-7.026
9.19021
9.25254
9.31862
9.3876
9.45973
9.53507
9.61371
9.69573
9.7812
9.8702
9.96279
10.059
10.1589
10.2625
10.3698
10.4809
10.5956
10.7139
10.8358
10.9611
11.0898
11.2216
11.3563
11.4937
11.6335
11.7754
11.9188
12.0635
12.2087
12.3541
12.4988
12.6422
12.7835
12.922
13.0567
13.1869
13.3115
13.4297
13.5404
13.6427
13.7357
13.8182
13.8892
13.9479
13.9932
14.0241
14.0398
14.0394
14.0221
13.9871
13.9339
13.8619
13.7707
13.66
13.5296
13.3795
13.21
13.0212
12.8138
12.5885
12.3462
12.088
11.8152
11.5294
11.2323
10.9253
10.6125
10.338
10.0946
9.83816
9.56868
9.28996
8.9976
8.7258
8.37054
8.28276
7.48311
8.61138
5.10052
12.2475
8.10729
8.03689
7.96224
7.88552
7.80482
7.71948
7.62988
7.53626
7.43888
7.33846
7.23584
7.13114
7.02338
6.9107
6.79102
6.66174
6.51988
6.36318
6.19102
6.00408
5.80364
5.591
5.36705
5.13184
4.88481
4.62531
4.35292
4.06736
3.76845
3.45601
3.12995
2.79029
2.43711
2.07064
1.69127
1.29951
0.896076
0.481865
0.058013
-0.374121
-0.812956
-1.25666
-1.70315
-2.15007
-2.59488
-3.03483
-3.46697
-3.88823
-4.29544
-4.68542
-5.055
-5.40108
-5.72072
-6.01117
-6.26998
-6.49502
-6.68452
-6.83713
-6.95194
-7.0285
-7.06681
-7.06731
-7.03087
-6.95886
-6.85265
-6.71495
-6.54605
-6.3784
-6.20457
-6.02602
-5.78842
-5.59591
-5.2426
-5.13335
-4.49988
-4.78679
-3.36129
-4.96959
-1.24116
-6.82322
8.16547
8.22008
8.27788
8.33834
8.40165
8.46787
8.5371
8.60943
8.68494
8.76372
8.84585
8.9314
9.02042
9.11298
9.2091
9.30883
9.41217
9.51911
9.62962
9.74367
9.86118
9.98203
10.1061
10.2333
10.3633
10.4959
10.6309
10.7679
10.9065
11.0464
11.187
11.3278
11.4681
11.6074
11.7449
11.8798
12.0113
12.1385
12.2604
12.3762
12.4847
12.585
12.676
12.7567
12.826
12.883
12.9266
12.9559
12.9699
12.9678
12.9488
12.9122
12.8574
12.7839
12.6915
12.5798
12.4489
12.2989
12.1301
11.943
11.7384
11.5172
11.2805
11.0297
10.7664
10.492
10.2102
9.96094
9.73885
9.50388
9.25586
8.99816
8.72717
8.4732
8.14329
8.05649
7.31107
8.37241
5.01256
11.9492
7.24116
7.18062
7.11644
7.05041
6.98089
6.90723
6.82966
6.74832
6.66317
6.57433
6.48232
6.38795
6.29164
6.19287
6.09019
5.98181
5.86557
5.73876
5.59911
5.44568
5.27892
5.09986
4.90973
4.70947
4.4993
4.27877
4.04723
3.80427
3.54965
3.28314
3.00461
2.71398
2.41121
2.09637
1.76969
1.43146
1.08214
0.722366
0.352924
-0.0252012
-0.410838
-0.802623
-1.19895
-1.59799
-1.99771
-2.39589
-2.79007
-3.17765
-3.55589
-3.92194
-4.27293
-4.60595
-4.91817
-5.20684
-5.4694
-5.70353
-5.90717
-6.07859
-6.21644
-6.31975
-6.38798
-6.42102
-6.41912
-6.38311
-6.31377
-6.21342
-6.08172
-5.9461
-5.80055
-5.65058
-5.44326
-5.27905
-4.95925
-4.87257
-4.28245
-4.57141
-3.21921
-4.7746
-1.18896
-6.61578
7.29162
7.3394
7.38993
7.44285
7.49832
7.55641
7.61722
7.68084
7.74735
7.81686
7.88945
7.96519
8.04416
8.12644
8.21209
8.30117
8.39371
8.48974
8.58928
8.69233
8.79887
8.90885
9.02219
9.13881
9.25857
9.38131
9.50682
9.63488
9.76522
9.89749
10.0313
10.1663
10.3019
10.4377
10.573
10.7072
10.8396
10.9693
11.0957
11.2178
11.3348
11.4455
11.5491
11.6444
11.7305
11.8063
11.8708
11.9229
11.9615
11.9859
11.995
11.988
11.9642
11.9229
11.8637
11.7861
11.6899
11.575
11.4417
11.2901
11.1208
10.9345
10.7322
10.515
10.2844
10.0416
9.79015
9.56588
9.36493
9.15128
8.9247
8.68808
8.43863
8.20267
7.89856
7.81282
7.1229
8.11709
4.91158
11.638
6.49549
6.44325
6.38787
6.33086
6.27084
6.20721
6.14005
6.06942
5.99529
5.91761
5.83639
5.75194
5.66494
5.57599
5.48499
5.39088
5.2921
5.18687
5.07281
4.94763
4.81017
4.66057
4.49971
4.32869
4.14853
3.95959
3.76154
3.55378
3.33591
3.10768
2.8689
2.61947
2.35928
2.08829
1.80657
1.51427
1.21164
0.899085
0.577137
0.246486
-0.0920216
-0.437369
-0.788336
-1.1435
-1.50125
-1.85981
-2.21715
-2.57111
-2.91935
-3.25943
-3.58877
-3.90473
-4.20469
-4.48602
-4.74621
-4.98285
-5.19376
-5.37699
-5.53087
-5.65407
-5.7456
-5.80489
-5.83169
-5.82635
-5.78909
-5.72181
-5.62363
-5.51725
-5.39787
-5.27445
-5.09575
-4.95819
-4.67084
-4.60545
-4.05807
-4.34838
-3.06904
-4.57219
-1.12928
-6.40248
6.53934
6.58115
6.62535
6.67168
6.72028
6.77121
6.82459
6.88048
6.93899
7.0002
7.06421
7.13108
7.20092
7.2738
7.3498
7.42897
7.51139
7.5971
7.68616
7.77858
7.87438
7.97356
8.0761
8.18196
8.29106
8.40332
8.5186
8.63675
8.75757
8.88083
9.00623
9.13345
9.26212
9.39181
9.52204
9.65227
9.78189
9.91027
10.0367
10.1604
10.2806
10.3963
10.5067
10.6108
10.7076
10.7961
10.8752
10.9439
11.0011
11.0459
11.0773
11.0943
11.0961
11.0819
11.051
11.003
10.9374
10.8539
10.7524
10.6332
10.4964
10.3426
10.1725
9.98717
9.78778
9.57539
9.35337
9.15346
8.97322
8.78057
8.57521
8.35956
8.13163
7.91378
7.63568
7.55126
6.91783
7.8446
4.79808
11.3105
5.84769
5.80248
5.75456
5.7052
5.65324
5.59818
5.54003
5.47875
5.41425
5.3465
5.27547
5.20113
5.12356
5.04328
4.96096
4.87681
4.79015
4.69971
4.60399
4.50093
4.38829
4.26467
4.12997
3.98487
3.83039
3.66754
3.49684
3.31809
3.13078
2.93447
2.72892
2.51401
2.2896
2.0556
1.812
1.55883
1.29622
1.02441
0.743731
0.454648
0.15776
-0.146204
-0.456331
-0.771535
-1.09057
-1.41202
-1.73424
-2.05546
-2.37373
-2.68694
-2.99287
-3.28918
-3.57349
-3.84337
-4.09643
-4.33032
-4.54284
-4.73191
-4.89572
-5.03266
-5.14144
-5.22114
-5.27108
-5.29121
-5.28122
-5.24269
-5.17418
-5.09408
-4.99853
-4.89946
-4.74751
-4.63469
-4.37846
-4.33281
-3.82759
-4.11796
-2.9117
-4.36172
-1.06401
-6.18126
5.88586
5.92246
5.96113
6.00169
6.04428
6.08894
6.13578
6.18488
6.23632
6.29018
6.34656
6.40554
6.4672
6.53164
6.59891
6.6691
6.74229
6.81853
6.89789
6.98041
7.06612
7.15506
7.24723
7.34263
7.44123
7.54299
7.64783
7.75566
7.86636
7.97975
8.09564
8.21378
8.3339
8.45567
8.5787
8.70256
8.82676
8.95077
9.07396
9.19571
9.31529
9.4319
9.54474
9.65294
9.75556
9.85164
9.94021
10.0202
10.0907
10.1506
10.1989
10.2346
10.2569
10.2648
10.2576
10.2346
10.1952
10.139
10.0658
9.97548
9.86812
9.74406
9.60381
9.44817
9.27816
9.09467
8.90081
8.72438
8.56422
8.39206
8.20748
8.01251
7.80586
7.60613
7.35403
7.27132
6.69534
7.55374
4.67341
10.9613
5.27963
5.24038
5.19878
5.15591
5.1108
5.06299
5.01251
4.95929
4.90318
4.84407
4.78196
4.71683
4.64861
4.57724
4.50305
4.42665
4.34846
4.26819
4.18484
4.09714
4.00335
3.90141
3.78984
3.6683
3.53725
3.39758
3.25027
3.09592
2.9344
2.76517
2.58782
2.40217
2.2081
2.00552
1.79438
1.57464
1.34633
1.10957
0.86459
0.611689
0.351278
0.08388
-0.189835
-0.469042
-0.752792
-1.03997
-1.32927
-1.61925
-1.9083
-2.19466
-2.47643
-2.75158
-3.018
-3.27349
-3.51585
-3.74286
-3.95237
-4.14234
-4.31084
-4.45614
-4.57675
-4.67147
-4.73932
-4.77992
-4.79255
-4.77839
-4.73565
-4.67873
-4.60456
-4.52742
-4.40014
-4.30996
-4.08332
-4.05552
-3.59194
-3.88008
-2.74854
-4.14198
-0.995203
-5.94844
5.3129
5.34496
5.3788
5.41434
5.45165
5.49083
5.53193
5.57504
5.62023
5.66759
5.71722
5.76917
5.82355
5.88042
5.93986
6.00196
6.0668
6.13443
6.20493
6.27835
6.35476
6.43417
6.51664
6.60218
6.69079
6.78246
6.87715
6.97482
7.0754
7.17876
7.28478
7.39327
7.50405
7.61687
7.73142
7.84736
7.96433
8.08186
8.19947
8.31661
8.43267
8.54697
8.65881
8.7674
8.87191
8.97147
9.06516
9.15202
9.23107
9.30133
9.3618
9.4115
9.44947
9.47479
9.48661
9.48417
9.46677
9.43388
9.38507
9.3201
9.23888
9.14152
9.02839
8.90002
8.75727
8.60086
8.43358
8.2795
8.13855
7.98614
7.82168
7.64688
7.46108
7.27936
7.05299
6.97231
6.45515
7.2421
4.54036
10.5836
4.77426
4.74012
4.70394
4.66664
4.6274
4.58583
4.54192
4.49564
4.44684
4.39537
4.34114
4.28413
4.22432
4.16164
4.09596
4.02738
3.9564
3.88361
3.80906
3.73206
3.65146
3.56578
3.47305
3.37173
3.26145
3.14274
3.01634
2.88308
2.74355
2.59768
2.44487
2.28464
2.11679
1.9413
1.75813
1.56724
1.36861
1.16227
0.94834
0.727041
0.498651
0.263543
0.0222087
-0.22473
-0.476545
-0.732364
-0.991165
-1.25179
-1.5129
-1.77308
-2.0307
-2.28403
-2.53125
-2.77038
-2.99947
-3.21649
-3.41941
-3.60622
-3.77502
-3.92408
-4.05175
-4.15667
-4.23766
-4.29405
-4.32483
-4.33083
-4.30991
-4.27304
-4.21774
-4.16
-4.05518
-3.98515
-3.78688
-3.77387
-3.35285
-3.63383
-2.58259
-3.90889
-0.927762
-5.6978
4.80331
4.83141
4.86107
4.89223
4.92496
4.95934
4.99543
5.0333
5.07303
5.11469
5.15837
5.20413
5.25206
5.30223
5.35472
5.4096
5.46696
5.52686
5.58937
5.65456
5.72248
5.79319
5.86672
5.94313
6.02242
6.10462
6.1897
6.27767
6.36847
6.46205
6.5583
6.65711
6.75835
6.86182
6.96731
7.07456
7.18326
7.29307
7.40358
7.51435
7.62487
7.73458
7.84285
7.94902
8.05236
8.1521
8.24738
8.33736
8.42112
8.49772
8.56621
8.62564
8.67502
8.71347
8.74007
8.75398
8.75448
8.7409
8.71266
8.66944
8.61098
8.53717
8.44823
8.34452
8.22665
8.0952
7.95265
7.8196
7.69684
7.56318
7.41798
7.26264
7.09707
6.93312
6.73213
6.65319
6.19803
6.90516
4.4064
10.1646
4.33008
4.30043
4.269
4.2366
4.20251
4.16642
4.12832
4.08815
4.04581
4.00117
3.95417
3.90475
3.85284
3.79819
3.74016
3.67757
3.60918
3.53461
3.45498
3.37245
3.28943
3.20827
3.13064
3.05589
2.98036
2.89871
2.80578
2.69847
2.57738
2.44629
2.30916
2.16767
2.02118
1.86847
1.70879
1.542
1.36826
1.18769
1.00039
0.806426
0.605958
0.399221
0.186567
-0.0315355
-0.254563
-0.481822
-0.712533
-0.945778
-1.18046
-1.41545
-1.64939
-1.88078
-2.10809
-2.32963
-2.54364
-2.7483
-2.94175
-3.12212
-3.28756
-3.43639
-3.56693
-3.67774
-3.76748
-3.83527
-3.87989
-3.90193
-3.89899
-3.87891
-3.83996
-3.7988
-3.71445
-3.66128
-3.49097
-3.48773
-3.11287
-3.37689
-2.41804
-3.65836
-0.869101
-5.42278
4.35538
4.37989
4.40577
4.43296
4.46154
4.49157
4.52309
4.55619
4.59093
4.62738
4.66561
4.7057
4.7477
4.79171
4.83779
4.88601
4.93644
4.98917
5.04425
5.10176
5.16175
5.22429
5.28943
5.35721
5.42767
5.50085
5.57673
5.65532
5.73663
5.82065
5.90728
5.99645
6.08807
6.18204
6.27817
6.37622
6.47601
6.57729
6.6797
6.78288
6.88642
6.98984
7.09263
7.19425
7.29402
7.39131
7.48534
7.57535
7.66053
7.73999
7.81288
7.87828
7.93521
7.98282
8.02023
8.04652
8.06094
8.0628
8.05135
8.02622
7.98704
7.93348
7.86562
7.78368
7.68806
7.57918
7.4592
7.34558
7.23977
7.12365
6.99662
6.85983
6.71359
6.56687
6.39103
6.31208
5.92594
6.53631
4.28129
9.69498
3.79604
3.77136
3.74516
3.7181
3.68966
3.65955
3.62778
3.59427
3.55894
3.5217
3.48241
3.44092
3.39716
3.35101
3.30254
3.25195
3.19939
3.1448
3.08797
3.0289
2.96777
2.90454
2.83865
2.76942
2.69606
2.61741
2.5325
2.44113
2.34346
2.23927
2.12845
2.0115
1.88901
1.76121
1.62788
1.48874
1.3436
1.1924
1.03513
0.871895
0.702759
0.527862
0.347398
0.16167
-0.0289846
-0.224073
-0.423046
-0.625242
-0.829854
-1.036
-1.24263
-1.44859
-1.65261
-1.85332
-2.04922
-2.23871
-2.42016
-2.59189
-2.75218
-2.89935
-3.03177
-3.14791
-3.24634
-3.32594
-3.38533
-3.42461
-3.44159
-3.43974
-3.41976
-3.39602
-3.33692
-3.29934
-3.16663
-3.16563
-2.85672
-3.08328
-2.25393
-3.36919
-0.829512
-5.11512
3.81721
3.83778
3.85948
3.8823
3.90631
3.93153
3.95802
3.98588
4.01512
4.04584
4.07809
4.11192
4.14739
4.18462
4.22362
4.26446
4.30725
4.35204
4.39888
4.44785
4.49901
4.55244
4.60819
4.66628
4.72679
4.78977
4.85523
4.92319
4.99368
5.06672
5.14227
5.22026
5.3007
5.38354
5.46861
5.55577
5.64492
5.73588
5.82841
5.92221
6.01699
6.11235
6.20797
6.30338
6.39802
6.49141
6.58289
6.67177
6.7574
6.83897
6.91573
6.98687
7.05142
7.10856
7.15752
7.19734
7.22717
7.24633
7.254
7.24962
7.23271
7.20283
7.15985
7.10375
7.0347
6.95305
6.86039
6.77043
6.68543
6.59095
6.48651
6.3729
6.25098
6.12604
5.98334
5.90231
5.61303
6.08436
4.16987
9.11945
3.24215
3.22268
3.20198
3.1806
3.15814
3.13435
3.10925
3.08278
3.05488
3.02546
2.99443
2.96166
2.92718
2.89105
2.85352
2.8151
2.7763
2.73749
2.6983
2.65748
2.61319
2.56386
2.50859
2.44735
2.38075
2.31009
2.23669
2.16111
2.08304
2.00155
1.91528
1.82328
1.72553
1.62273
1.51538
1.40349
1.28674
1.16487
1.03775
0.905411
0.767843
0.625135
0.477341
0.324615
0.167157
0.00523317
-0.160783
-0.330476
-0.503302
-0.678619
-0.855693
-1.0337
-1.21163
-1.38843
-1.56291
-1.73377
-1.89963
-2.05901
-2.21041
-2.35227
-2.48302
-2.60117
-2.70521
-2.79393
-2.86576
-2.9205
-2.95584
-2.97195
-2.96981
-2.96491
-2.92862
-2.91222
-2.80922
-2.82724
-2.56054
-2.79306
-2.0331
-3.11895
-0.710505
-4.91927
3.25899
3.27543
3.29276
3.31101
3.33022
3.35041
3.37164
3.39399
3.41746
3.44215
3.46808
3.4953
3.52389
3.55393
3.58542
3.61845
3.65311
3.68942
3.72749
3.76734
3.80903
3.85267
3.8983
3.94593
3.99566
4.04755
4.10164
4.15797
4.21655
4.27743
4.34063
4.40612
4.47394
4.54408
4.61643
4.69096
4.76759
4.84622
4.92669
5.00883
5.09244
5.17727
5.26307
5.34946
5.43611
5.52262
5.60847
5.6931
5.77603
5.85658
5.93408
6.00787
6.07712
6.14105
6.19893
6.24989
6.29309
6.32778
6.35314
6.3685
6.37327
6.36694
6.34916
6.31967
6.27844
6.22563
6.16248
6.09842
6.03633
5.96605
5.88702
5.79986
5.70564
5.60776
5.4995
5.4325
5.21715
5.63662
3.90189
8.74927
2.76951
2.75391
2.73733
2.72019
2.70217
2.6831
2.66295
2.64171
2.61933
2.59572
2.57082
2.54455
2.51686
2.48767
2.45687
2.42444
2.39029
2.35441
2.31684
2.27755
2.23632
2.19279
2.14674
2.0984
2.04827
1.99677
1.94374
1.88852
1.83008
1.76726
1.69943
1.62653
1.54863
1.46592
1.37881
1.28772
1.19278
1.09378
0.990475
0.882713
0.770445
0.653714
0.532537
0.406998
0.277189
0.143259
0.00543771
-0.136012
-0.280716
-0.428248
-0.578076
-0.729611
-0.882112
-1.03477
-1.18667
-1.33679
-1.48401
-1.62712
-1.76484
-1.89582
-2.01867
-2.13201
-2.23442
-2.32468
-2.40126
-2.46376
-2.50985
-2.53761
-2.5478
-2.55643
-2.53736
-2.53758
-2.45836
-2.49336
-2.2609
-2.50386
-1.79899
-2.87499
-0.568089
-4.73517
2.78311
2.79643
2.81047
2.82525
2.84081
2.85719
2.87443
2.89254
2.91161
2.93167
2.95273
2.97485
2.99812
3.02256
3.0482
3.07513
3.10339
3.13304
3.16415
3.19674
3.23086
3.26661
3.30402
3.34315
3.38408
3.4268
3.47141
3.51796
3.56646
3.61695
3.66948
3.72404
3.7807
3.83944
3.90021
3.96302
4.02785
4.09459
4.16318
4.23353
4.3055
4.37894
4.45364
4.52935
4.60588
4.68289
4.75999
4.83679
4.91289
4.9878
5.06091
5.13172
5.19956
5.26375
5.32364
5.37847
5.42748
5.46997
5.50515
5.53236
5.55101
5.56046
5.56029
5.55015
5.52984
5.49938
5.45973
5.41682
5.37381
5.32402
5.26692
5.20306
5.13357
5.06085
4.98387
4.93335
4.78393
5.17552
3.58933
8.38634
2.33833
2.32582
2.31253
2.29878
2.28431
2.26901
2.25284
2.23578
2.21781
2.19886
2.17887
2.15778
2.13556
2.11212
2.08739
2.06134
2.03388
2.00496
1.97455
1.94263
1.90924
1.87433
1.83771
1.79905
1.75816
1.71531
1.67098
1.62541
1.57836
1.52915
1.47682
1.42053
1.35989
1.29486
1.2255
1.15205
1.07498
0.994603
0.910897
0.823632
0.732598
0.637726
0.539012
0.436514
0.33029
0.220421
0.107042
-0.00968373
-0.129507
-0.252144
-0.377203
-0.50428
-0.632826
-0.762227
-0.891815
-1.02077
-1.14822
-1.27321
-1.39469
-1.51154
-1.62256
-1.72657
-1.8223
-1.90865
-1.98416
-2.04841
-2.09912
-2.13318
-2.15107
-2.16847
-2.16187
-2.17397
-2.11417
-2.16154
-1.96049
-2.20866
-1.55985
-2.61743
-0.421668
-4.51334
2.34929
2.36001
2.37135
2.38327
2.39583
2.40907
2.423
2.43764
2.45305
2.46927
2.48632
2.50424
2.5231
2.54291
2.56372
2.58559
2.60856
2.63266
2.65797
2.6845
2.71233
2.7415
2.77206
2.80407
2.83757
2.8726
2.90922
2.94748
2.98741
3.02905
3.07245
3.11761
3.1646
3.2134
3.26401
3.31646
3.37071
3.42674
3.4845
3.54394
3.60497
3.66748
3.73134
3.7964
3.86247
3.92936
3.99676
4.06439
4.13191
4.19899
4.26514
4.32994
4.3929
4.45343
4.51101
4.565
4.61471
4.65959
4.69891
4.73205
4.75846
4.77752
4.78877
4.79186
4.78648
4.77257
4.75085
4.72461
4.69695
4.664
4.62527
4.58134
4.53331
4.48324
4.43422
4.40022
4.31228
4.67681
3.25103
7.92703
1.93451
1.92466
1.91421
1.90337
1.89198
1.87992
1.86719
1.85376
1.83961
1.82469
1.80896
1.79236
1.77485
1.75639
1.73692
1.7164
1.69477
1.67196
1.64795
1.62267
1.59611
1.56827
1.53917
1.50871
1.47661
1.44259
1.40657
1.36886
1.32998
1.29011
1.24894
1.2058
1.1598
1.11029
1.057
0.999893
0.939124
0.875066
0.808155
0.738543
0.666074
0.59053
0.511766
0.429767
0.344567
0.256225
0.164817
0.0704374
-0.0267621
-0.126585
-0.228774
-0.333029
-0.438971
-0.546141
-0.654037
-0.762047
-0.869492
-0.975627
-1.07961
-1.18055
-1.27744
-1.36932
-1.45508
-1.53379
-1.60412
-1.66572
-1.71641
-1.75261
-1.77445
-1.79677
-1.79852
-1.81852
-1.77394
-1.82982
-1.65616
-1.90585
-1.31028
-2.34387
-0.26286
-4.25504
1.94316
1.95165
1.96062
1.97006
1.98001
1.99049
2.00152
2.01312
2.02534
2.0382
2.05174
2.06598
2.08095
2.0967
2.11325
2.13067
2.14896
2.16816
2.18833
2.20952
2.23176
2.25508
2.27954
2.30518
2.33205
2.36018
2.38961
2.42041
2.45259
2.48622
2.52132
2.5579
2.59603
2.63572
2.67696
2.71978
2.76421
2.8102
2.85775
2.90683
2.95736
3.00933
3.06261
3.11712
3.17271
3.22924
3.28654
3.34436
3.40245
3.46056
3.51834
3.57544
3.63152
3.68605
3.73864
3.78879
3.83593
3.87957
3.91912
3.95403
3.98379
4.00788
4.02583
4.03733
4.04206
4.03992
4.0314
4.01785
4.0022
3.98265
3.95886
3.93144
3.90141
3.87091
3.8456
3.82686
3.79286
4.12975
2.86262
7.38084
1.56306
1.55547
1.5474
1.53903
1.53023
1.52092
1.51109
1.50071
1.48978
1.47825
1.46608
1.45325
1.43971
1.42542
1.41036
1.3945
1.37776
1.36009
1.34147
1.32185
1.30119
1.27945
1.25666
1.23281
1.20787
1.18173
1.1541
1.12466
1.09349
1.06099
1.02761
0.993431
0.958083
0.920908
0.881139
0.838272
0.792139
0.742784
0.690504
0.635744
0.578804
0.519667
0.458131
0.394046
0.327368
0.258128
0.186383
0.112181
0.035597
-0.0432479
-0.124206
-0.207051
-0.291542
-0.377349
-0.46411
-0.551388
-0.638669
-0.725388
-0.810911
-0.894537
-0.975488
-1.05297
-1.1261
-1.1941
-1.25585
-1.31109
-1.35784
-1.39262
-1.41511
-1.43889
-1.44525
-1.46947
-1.43597
-1.49678
-1.34596
-1.5941
-1.04586
-2.05185
-0.0822456
-3.95619
1.56974
1.57629
1.5832
1.59048
1.59814
1.60622
1.61473
1.62367
1.63309
1.64301
1.65344
1.66442
1.67597
1.68811
1.70088
1.71431
1.72842
1.74324
1.75882
1.77518
1.79235
1.81037
1.82928
1.8491
1.86989
1.89167
1.91446
1.93833
1.9633
1.98942
2.01669
2.04516
2.07488
2.10586
2.13808
2.17161
2.20646
2.24262
2.28008
2.31886
2.35888
2.40016
2.44264
2.48623
2.53087
2.57644
2.62286
2.66993
2.71749
2.76536
2.81325
2.86094
2.90816
2.95451
2.99969
3.04331
3.08494
3.12413
3.16045
3.19346
3.22272
3.24777
3.26824
3.28382
3.29425
3.29943
3.29968
3.29508
3.28814
3.27852
3.26604
3.25137
3.23545
3.22072
3.21402
3.20767
3.21827
3.52657
2.40507
6.7465
1.17346
1.16789
1.16196
1.1558
1.14933
1.1425
1.13528
1.12766
1.11964
1.11118
1.10226
1.09285
1.08293
1.07248
1.06147
1.04986
1.03762
1.02471
1.01112
0.996791
0.981691
0.965796
0.949087
0.931556
0.913224
0.894101
0.874137
0.853151
0.830832
0.806969
0.781743
0.755649
0.729081
0.702062
0.674225
0.644939
0.613592
0.579799
0.543408
0.504528
0.4635
0.420647
0.376003
0.329345
0.280465
0.229324
0.176002
0.120614
0.0632635
0.00404243
-0.0569405
-0.119533
-0.183545
-0.248748
-0.314873
-0.381606
-0.448581
-0.515382
-0.58155
-0.646582
-0.709899
-0.770906
-0.828934
-0.88342
-0.933449
-0.978882
-1.01803
-1.04801
-1.06804
-1.09003
-1.09745
-1.1223
-1.09586
-1.15791
-1.0252
-1.26799
-0.761697
-1.73123
0.123068
-3.57329
1.1784
1.18324
1.18836
1.19375
1.19944
1.20544
1.21177
1.21842
1.22544
1.23283
1.24061
1.2488
1.25744
1.26653
1.2761
1.28617
1.29676
1.3079
1.31963
1.33196
1.3449
1.35851
1.37281
1.38781
1.40356
1.42007
1.43738
1.45552
1.47452
1.4944
1.51519
1.5369
1.55958
1.58323
1.60786
1.63352
1.6602
1.68789
1.7166
1.74635
1.77709
1.80881
1.84148
1.87505
1.90948
1.94468
1.9806
2.01711
2.0541
2.09143
2.12893
2.16643
2.20373
2.24057
2.27672
2.31191
2.34582
2.37815
2.40853
2.43669
2.46223
2.48482
2.50424
2.52015
2.53237
2.54087
2.54582
2.54657
2.54525
2.54231
2.53765
2.53199
2.52595
2.52228
2.52753
2.52737
2.56946
2.84638
1.84571
5.96133
0.861333
0.857512
0.853452
0.849238
0.844804
0.840106
0.83514
0.829908
0.824382
0.818529
0.812361
0.805851
0.79897
0.791712
0.784058
0.775964
0.767417
0.758405
0.748891
0.738843
0.72824
0.717054
0.705252
0.692814
0.679745
0.666045
0.651738
0.636837
0.621234
0.604669
0.58682
0.567616
0.547387
0.526613
0.505486
0.483754
0.460825
0.436085
0.409239
0.380316
0.349542
0.317308
0.284116
0.250261
0.21565
0.179981
0.143013
0.104676
0.0650136
0.0240927
-0.0180192
-0.0612492
-0.105498
-0.150635
-0.196494
-0.242883
-0.28956
-0.33625
-0.382642
-0.428406
-0.473137
-0.51644
-0.557847
-0.597
-0.633204
-0.666468
-0.695407
-0.718231
-0.733453
-0.751112
-0.756666
-0.779215
-0.756193
-0.816484
-0.696946
-0.93085
-0.460886
-1.37807
0.345473
-3.05512
0.864683
0.867909
0.871335
0.874936
0.878723
0.882708
0.886893
0.891298
0.895938
0.900813
0.905928
0.9113
0.916952
0.922894
0.929132
0.935672
0.942539
0.949762
0.957335
0.965275
0.973594
0.982325
0.991495
1.00109
1.01114
1.02167
1.0327
1.04424
1.05632
1.06896
1.08216
1.09597
1.11039
1.12544
1.14113
1.15749
1.17456
1.19231
1.21075
1.22992
1.24978
1.27035
1.2916
1.31354
1.33613
1.35933
1.38309
1.40737
1.4321
1.45716
1.48247
1.50791
1.53334
1.55862
1.58359
1.60804
1.63176
1.65457
1.67623
1.69652
1.71521
1.73204
1.7469
1.75952
1.76982
1.7778
1.78356
1.78655
1.78765
1.7877
1.7868
1.78565
1.78473
1.78727
1.79892
1.79986
1.85908
2.10229
1.19757
4.95663
0.361095
0.35871
0.356158
0.353503
0.350711
0.347759
0.344645
0.341362
0.337895
0.33423
0.330367
0.326293
0.321985
0.317435
0.312636
0.307559
0.302187
0.296509
0.290498
0.284129
0.277382
0.270228
0.262634
0.254566
0.245995
0.236887
0.227192
0.216831
0.205651
0.193486
0.180274
0.166331
0.152849
0.14228
0.13795
0.142726
0.157363
0.179494
0.203649
0.222808
0.231109
0.226143
0.209534
0.185566
0.158746
0.131912
0.105899
0.0803979
0.0549198
0.0292456
0.00339271
-0.0225559
-0.0485504
-0.0745612
-0.100551
-0.126471
-0.152247
-0.177782
-0.20296
-0.227652
-0.251686
-0.274891
-0.297044
-0.31801
-0.337354
-0.355258
-0.370639
-0.383181
-0.390903
-0.40149
-0.402276
-0.419467
-0.397069
-0.450774
-0.345119
-0.553177
-0.147039
-0.921814
0.50158
-2.13723
0.363233
0.365345
0.367593
0.369963
0.37247
0.375115
0.377896
0.380844
0.383967
0.38726
0.390727
0.394383
0.39825
0.40233
0.406626
0.411151
0.415924
0.420964
0.426257
0.431823
0.437688
0.443856
0.450333
0.457129
0.464259
0.471729
0.479557
0.487742
0.496293
0.50523
0.514542
0.524246
0.534333
0.544803
0.55566
0.566906
0.578542
0.590538
0.60291
0.615639
0.628697
0.642075
0.655771
0.669757
0.683996
0.698479
0.713155
0.727994
0.742958
0.757988
0.773052
0.788074
0.803002
0.817759
0.832288
0.846494
0.860287
0.873615
0.886333
0.898339
0.909497
0.9197
0.928875
0.936851
0.943598
0.949133
0.953553
0.956167
0.95811
0.959968
0.961881
0.96407
0.965862
0.969035
0.976605
0.962643
1.00153
1.2004
0.391628
3.39637
0.315433
0.315247
0.315068
0.314874
0.314655
0.314414
0.314153
0.313865
0.313547
0.313205
0.312841
0.312449
0.312028
0.311576
0.311103
0.310608
0.310093
0.309564
0.309027
0.308495
0.307984
0.307505
0.30708
0.306707
0.306361
0.305998
0.305602
0.30537
0.305943
0.308591
0.315059
0.326654
0.34264
0.358711
0.366842
0.357443
0.323245
0.263274
0.184874
0.102389
0.0321649
-0.014109
-0.0340186
-0.0340307
-0.0245313
-0.014118
-0.00684468
-0.00303549
-0.00158947
-0.00161225
-0.00279395
-0.00511941
-0.00856262
-0.0130117
-0.0183047
-0.0242833
-0.0308005
-0.0377136
-0.044882
-0.0521782
-0.0594769
-0.0666762
-0.0736528
-0.0803893
-0.0866588
-0.0927654
-0.0980544
-0.103396
-0.10568
-0.110489
-0.108469
-0.119382
-0.102213
-0.140027
-0.0686428
-0.204338
0.0466539
-0.39599
0.405954
-0.922963
0.31558
0.315691
0.315799
0.315894
0.31598
0.316056
0.316107
0.316142
0.316158
0.316149
0.316109
0.316036
0.315932
0.315787
0.315599
0.315362
0.315074
0.314736
0.314331
0.313863
0.313334
0.312731
0.31205
0.311294
0.31046
0.309544
0.308552
0.307476
0.306322
0.305099
0.303806
0.302453
0.30104
0.299584
0.298098
0.296589
0.295074
0.293565
0.292092
0.290662
0.289285
0.287983
0.286782
0.285688
0.284718
0.283893
0.283214
0.282696
0.282343
0.282167
0.282172
0.282335
0.282649
0.283071
0.28357
0.284092
0.284599
0.285078
0.28547
0.285762
0.285942
0.286018
0.286001
0.285887
0.285777
0.285632
0.285618
0.287079
0.286342
0.284215
0.280971
0.277371
0.274327
0.275764
0.286647
0.290185
0.325226
0.432201
0.00819139
1.4218
)
;

boundaryField
{
    inlet
    {
        type            freestreamPressure;
        freestreamValue uniform 0;
        supersonic      0;
        value           nonuniform List<scalar> 
134
(
0.66011
-0.067475
-0.822542
-1.47218
-1.9352
-2.20908
-2.23923
-2.02204
-1.56209
-0.728177
-0.134246
-0.21693
-0.362045
-0.498427
-0.636137
-0.780235
-0.932102
-1.09257
-1.26397
-1.45045
1.37414
-1.65767
-1.88855
-2.13237
-2.3616
-2.52724
-2.60761
-2.74959
-2.75313
-2.8073
-3.35095
-3.08134
-3.09297
-3.153
-3.19762
-3.21987
-3.24147
-3.29715
-3.43654
-3.60552
2.05001
2.75019
3.35024
3.6907
3.65567
3.04368
1.64592
-3.97542
-3.88861
-3.75302
-3.66519
-3.60017
-3.52725
-3.44506
-3.36091
-3.27691
-3.19184
-3.10467
-3.01537
-2.92399
-2.82998
-2.73244
-2.62973
-2.51908
-2.39763
-2.26164
-2.17507
-2.09364
-1.99545
-1.88108
-1.74871
-1.57912
-1.3497
-0.943826
-0.407348
0.569796
1.26346
2.03383
2.79663
3.53921
4.24383
4.84242
5.30079
5.62959
5.83943
5.95839
6.01786
6.04523
6.06271
6.10274
6.21719
6.42597
6.65316
6.84
6.99365
7.127
7.24241
7.33584
7.40521
7.4518
7.47962
7.49814
7.52664
7.61385
7.83368
8.30726
8.5075
8.30786
8.07812
7.93119
7.81078
7.67374
7.52372
7.37187
7.21935
7.06312
6.90142
6.73348
6.55829
6.37391
6.17738
5.96484
5.72907
5.46476
5.14078
4.93269
4.72881
4.47072
4.16371
3.80704
3.36524
2.79938
1.91914
0.804053
)
;
    }
    outlet
    {
        type            freestreamPressure;
        freestreamValue uniform 0;
        supersonic      0;
        value           nonuniform List<scalar> 
160
(
0.000915331
0.000915831
0.00091472
0.000916227
0.00091412
0.000916625
0.000913472
0.000916989
0.000912745
0.000917334
0.000911952
0.000917654
0.000911093
0.000917912
0.000910151
0.000918129
0.000909117
0.000918299
0.000908005
0.000918405
0.00090682
0.000918432
0.000905551
0.000918372
0.000904186
0.000918231
0.000902725
0.000917987
0.000901192
0.000917629
0.000899587
0.000917142
0.000897913
0.000916521
0.000896189
0.00091577
0.000894427
0.000914844
0.000892668
0.000913751
0.000890951
0.000912501
0.000889317
0.000911055
0.00088783
0.000909406
0.000886501
0.000907561
0.00088527
0.000905517
0.000883999
0.000903259
0.000882589
0.000900808
0.000881482
0.000898147
0.000882336
0.000895288
0.000888647
0.000892264
0.000905424
0.000889075
0.000936692
0.000885747
0.000980977
0.000882288
0.00102687
0.000878749
0.00105215
0.00087517
0.00102908
0.000871577
0.000934994
0.00086802
0.000764614
0.000864541
0.000537978
0.000861231
0.000297727
0.000858116
9.32452e-05
0.00085523
-4.07311e-05
0.000852647
-9.78118e-05
0.000850448
-9.75496e-05
0.00084866
-7.01961e-05
0.000847343
-4.03704e-05
0.000846569
-1.95706e-05
0.000846353
-8.68027e-06
0.000846749
-4.54586e-06
0.000847787
-4.61149e-06
0.000849515
-7.99237e-06
0.000851966
-1.4647e-05
0.00085509
-2.4504e-05
0.000858877
-3.72484e-05
0.000863229
-5.24235e-05
0.000868067
-6.95854e-05
0.000873252
-8.83248e-05
0.000878684
-0.000108246
0.000884356
-0.000128961
0.000890097
-0.000150123
0.000895893
-0.00017139
0.000901731
-0.000192489
0.000907648
-0.000213086
0.000913716
-0.000233147
0.000919935
-0.000252043
0.00092666
-0.000270652
0.000933814
-0.000287136
0.00094197
-0.000303778
0.000954311
-0.000311595
0.000958721
-0.000326793
0.000959269
-0.000322592
0.000956811
-0.000355876
0.000953946
-0.000307877
0.00095389
-0.000420354
0.000970496
-0.000211277
0.00102228
-0.000612673
0.00105178
0.000150108
0.00119754
-0.00114793
0.00162176
0.00145278
3.24936e-05
-0.00231159
0.00518498
)
;
    }
    walls
    {
        type            zeroGradient;
    }
    frontAndBack
    {
        type            empty;
    }
}


// ************************************************************************* //
