/*--------------------------------*- C++ -*----------------------------------*\
  =========                 |
  \\      /  F ield         | OpenFOAM: The Open Source CFD Toolbox
   \\    /   O peration     | Website:  https://openfoam.org
    \\  /    A nd           | Version:  7
     \\/     M anipulation  |
\*---------------------------------------------------------------------------*/
FoamFile
{
    version     2.0;
    format      ascii;
    class       volScalarField;
    location    "300";
    object      nuTilda;
}
// * * * * * * * * * * * * * * * * * * * * * * * * * * * * * * * * * * * * * //

dimensions      [0 2 -1 0 0 0 0];

internalField   nonuniform List<scalar> 
10720
(
0.0918216
0.0963485
0.101435
0.106953
0.113218
0.120239
0.128156
0.136829
0.146209
0.155966
0.165621
0.174753
0.182538
0.188536
0.192671
0.195117
0.196082
0.195845
0.194526
0.192318
0.189202
0.185259
0.18053
0.175236
0.169782
0.164445
0.15922
0.153972
0.148605
0.143115
0.137499
0.131727
0.125766
0.119571
0.112968
0.105851
0.0971505
0.0874657
0.0650864
0.0874854
0.0827975
0.077682
0.0713591
0.0637985
0.0543581
0.0430621
0.0369965
0.0346864
0.0393134
0.0460916
0.0517664
0.0565589
0.0609598
0.065241
0.0694886
0.0736819
0.077765
0.0816835
0.0854221
0.0889942
0.0924276
0.0957515
0.098964
0.101877
0.10427
0.106116
0.107467
0.108379
0.108878
0.109026
0.108951
0.108651
0.10807
0.107118
0.105776
0.103594
0.101032
0.0912386
0.100289
0.0998796
0.0991837
0.0982222
0.0971913
0.0960192
0.0947877
0.0936074
0.0925981
0.092681
0.0938157
0.0957316
0.0985193
0.102273
0.106982
0.112488
0.118708
0.125387
0.132376
0.139317
0.146076
0.152225
0.157458
0.161174
0.162904
0.16275
0.16114
0.158404
0.154872
0.150804
0.146396
0.141784
0.13707
0.13235
0.127729
0.12334
0.119348
0.116309
0.110541
0.100707
0.100803
0.101049
0.10081
0.100334
0.0995363
0.0981743
0.0958945
0.0929677
0.0893234
0.0852521
0.0811099
0.0770366
0.0730725
0.0693512
0.0659402
0.0628923
0.0602289
0.0579659
0.0560895
0.0545891
0.053443
0.0526271
0.0521039
0.0518474
0.0518181
0.0519505
0.0521773
0.0524433
0.0529219
0.0546321
0.0575759
0.0610335
0.064381
0.067302
0.0698549
0.071994
0.0759215
0.0792758
0.121575
0.121409
0.121034
0.120453
0.119778
0.118904
0.117827
0.116607
0.115194
0.113617
0.111944
0.110339
0.108936
0.107829
0.107008
0.106317
0.105785
0.105457
0.10529
0.104675
0.10456
0.105144
0.106622
0.108207
0.113736
0.120589
0.127299
0.13318
0.137967
0.141567
0.144014
0.145435
0.146012
0.145933
0.145383
0.144446
0.143413
0.14152
0.140575
0.121735
0.121677
0.121665
0.121398
0.120936
0.120251
0.119268
0.117952
0.116301
0.11429
0.111918
0.109249
0.10633
0.103173
0.0998748
0.0964775
0.0930446
0.0896217
0.0862616
0.0829786
0.079801
0.0767253
0.0737615
0.0708184
0.0678474
0.0649108
0.062049
0.0593033
0.0567028
0.0542895
0.0520669
0.0506627
0.0507749
0.0520433
0.0539802
0.0563919
0.0591392
0.0622589
0.0672901
0.128697
0.128593
0.128388
0.12808
0.127706
0.127226
0.126632
0.125946
0.125135
0.124207
0.123161
0.121985
0.120679
0.119254
0.117751
0.116119
0.114264
0.112226
0.110007
0.107583
0.105019
0.102496
0.100217
0.098189
0.0969772
0.096847
0.0976692
0.101386
0.10731
0.114164
0.121258
0.128155
0.134557
0.140307
0.145405
0.149889
0.154057
0.157059
0.15967
0.128773
0.128765
0.128748
0.128607
0.128369
0.128004
0.127473
0.126751
0.125832
0.124696
0.123339
0.121773
0.120004
0.118022
0.11586
0.11353
0.111059
0.108476
0.105814
0.10309
0.100332
0.0975491
0.0947366
0.0918117
0.0887098
0.0854772
0.0821439
0.0787465
0.0753178
0.0718915
0.0684908
0.0651518
0.0620021
0.059218
0.0567361
0.0558736
0.0564691
0.0575336
0.0606758
0.132287
0.132219
0.132083
0.131886
0.131649
0.131343
0.130967
0.13053
0.130014
0.129423
0.128752
0.12799
0.127131
0.126168
0.125087
0.123878
0.122511
0.120955
0.119161
0.117114
0.114773
0.112153
0.10929
0.106292
0.103315
0.100861
0.0987737
0.0968132
0.0958499
0.0960213
0.0992923
0.105096
0.112428
0.120813
0.129863
0.139313
0.149121
0.15924
0.168425
0.132336
0.132327
0.132316
0.132222
0.132072
0.131836
0.131494
0.131036
0.130462
0.129761
0.128928
0.127965
0.12687
0.125631
0.12426
0.122752
0.121116
0.119356
0.11749
0.115519
0.113458
0.111308
0.109061
0.10665
0.104016
0.101183
0.0981657
0.094985
0.0916618
0.0882193
0.084682
0.0810716
0.0774116
0.0737466
0.0700837
0.0665544
0.0634317
0.0604299
0.0596037
0.134341
0.134292
0.134203
0.134071
0.133908
0.133698
0.133443
0.133144
0.132793
0.132389
0.13193
0.131408
0.130819
0.130154
0.129404
0.128557
0.127597
0.126507
0.125252
0.123807
0.122129
0.120187
0.117945
0.115413
0.112679
0.10985
0.106992
0.104041
0.101203
0.0986443
0.096587
0.0958169
0.096673
0.101684
0.109505
0.119904
0.132714
0.149
0.166887
0.134371
0.134364
0.134354
0.134288
0.134187
0.134023
0.133784
0.13347
0.133081
0.132612
0.132057
0.13142
0.130699
0.129883
0.128978
0.127977
0.126881
0.125688
0.124405
0.123027
0.121558
0.119993
0.11832
0.116486
0.11444
0.112185
0.109722
0.107054
0.104189
0.101135
0.0979039
0.094513
0.0909755
0.0873073
0.0835193
0.0795687
0.0754829
0.0708622
0.0646009
0.135653
0.135618
0.135553
0.135457
0.135339
0.135188
0.135003
0.134788
0.134536
0.134247
0.133919
0.133545
0.133123
0.132647
0.132108
0.131498
0.130805
0.130016
0.129109
0.128066
0.126857
0.125458
0.123836
0.121974
0.119894
0.117605
0.115101
0.112392
0.109494
0.106467
0.10331
0.100351
0.097621
0.0962186
0.0969323
0.10272
0.113133
0.130754
0.156143
0.135673
0.135666
0.135655
0.135606
0.135532
0.135412
0.135236
0.135007
0.134726
0.134392
0.134
0.133553
0.13305
0.132485
0.131858
0.131165
0.130404
0.129573
0.128672
0.127697
0.126648
0.125516
0.12429
0.12293
0.121391
0.119668
0.117752
0.115636
0.113315
0.110784
0.108042
0.105094
0.101942
0.0985886
0.095035
0.0912371
0.0871007
0.0825071
0.0737903
0.136553
0.136527
0.136478
0.136406
0.136317
0.136203
0.136064
0.135902
0.135713
0.135496
0.135251
0.134972
0.134656
0.1343
0.133896
0.133438
0.132917
0.132324
0.131643
0.130861
0.129958
0.128919
0.127721
0.12635
0.124809
0.123091
0.121163
0.119004
0.116592
0.113922
0.110987
0.107837
0.10448
0.101142
0.0981227
0.0967111
0.100151
0.112094
0.139474
0.136567
0.13656
0.136549
0.136509
0.136453
0.136362
0.136226
0.136051
0.135839
0.135589
0.135299
0.134972
0.134606
0.134197
0.133746
0.133247
0.132699
0.1321
0.131449
0.130741
0.129975
0.129143
0.128235
0.12722
0.126065
0.124761
0.123296
0.121657
0.119833
0.117811
0.115581
0.113136
0.110468
0.107567
0.10442
0.10099
0.0971152
0.0929266
0.0839303
0.137205
0.137185
0.137147
0.13709
0.13702
0.136931
0.136822
0.136697
0.136551
0.136384
0.136195
0.135981
0.13574
0.135468
0.13516
0.134811
0.134414
0.133962
0.133443
0.132847
0.132157
0.13136
0.130443
0.129396
0.128223
0.126914
0.125438
0.123768
0.121878
0.119737
0.117315
0.114583
0.111532
0.108157
0.104475
0.100651
0.0978571
0.10039
0.122299
0.137215
0.137207
0.137196
0.137162
0.137119
0.137046
0.136939
0.1368
0.136635
0.136441
0.136219
0.13597
0.135694
0.135388
0.135052
0.134682
0.134276
0.133832
0.133348
0.132821
0.132247
0.131623
0.130937
0.130168
0.12929
0.128295
0.12717
0.125905
0.124484
0.122893
0.121116
0.119139
0.116948
0.114526
0.111847
0.108874
0.105416
0.10171
0.0933369
0.137696
0.137679
0.137649
0.137603
0.137546
0.137475
0.137388
0.137288
0.137171
0.137039
0.136889
0.13672
0.13653
0.136316
0.136073
0.135799
0.135487
0.135131
0.134724
0.134259
0.133722
0.133104
0.132393
0.13158
0.130669
0.129651
0.128502
0.127202
0.125722
0.124033
0.122099
0.119885
0.117345
0.114421
0.111072
0.107122
0.102832
0.0979597
0.109756
0.137703
0.137695
0.137683
0.137654
0.137619
0.13756
0.137473
0.13736
0.137227
0.137073
0.136898
0.136704
0.136489
0.136254
0.135996
0.135714
0.135405
0.135068
0.134701
0.134299
0.133862
0.133383
0.132855
0.132262
0.131583
0.130812
0.12994
0.128954
0.127842
0.12659
0.125182
0.123601
0.121829
0.119846
0.11762
0.115116
0.112132
0.108933
0.101507
0.138077
0.138063
0.138038
0.137999
0.137953
0.137894
0.137823
0.137741
0.137646
0.137539
0.137419
0.137283
0.13713
0.136959
0.136765
0.136546
0.136298
0.136015
0.135692
0.135322
0.134895
0.134404
0.13384
0.133197
0.132477
0.131671
0.130762
0.129732
0.12856
0.127219
0.125679
0.123901
0.12184
0.119434
0.116612
0.113153
0.109109
0.102598
0.104424
0.138083
0.138075
0.138063
0.138036
0.138007
0.137959
0.137886
0.137792
0.137683
0.137558
0.137417
0.137261
0.137091
0.136905
0.136703
0.136483
0.136243
0.135982
0.135697
0.135386
0.135045
0.134672
0.13426
0.133794
0.133262
0.132656
0.131969
0.131192
0.130313
0.129321
0.1282
0.126935
0.125509
0.123899
0.122073
0.119997
0.117478
0.114776
0.108386
0.138381
0.138368
0.138347
0.138314
0.138275
0.138225
0.138166
0.138098
0.138019
0.137931
0.137832
0.13772
0.137595
0.137455
0.137297
0.137119
0.136918
0.136688
0.136426
0.136127
0.135783
0.135388
0.134936
0.134421
0.133844
0.133198
0.132468
0.131641
0.1307
0.129623
0.128385
0.126954
0.125288
0.123327
0.121004
0.118113
0.114656
0.108908
0.104404
0.138385
0.138378
0.138365
0.138341
0.138317
0.138276
0.138214
0.138135
0.138044
0.13794
0.137824
0.137697
0.137559
0.137409
0.137248
0.137073
0.136883
0.136677
0.136452
0.136207
0.135938
0.135643
0.135315
0.134945
0.134521
0.134039
0.133491
0.13287
0.132168
0.131373
0.130474
0.129457
0.128305
0.126999
0.125507
0.123799
0.121701
0.119452
0.114072
0.138627
0.138616
0.138597
0.138569
0.138536
0.138493
0.138443
0.138385
0.138319
0.138245
0.138162
0.13807
0.137966
0.13785
0.13772
0.137573
0.137406
0.137218
0.137003
0.136758
0.136476
0.136154
0.135785
0.135367
0.134899
0.134375
0.133783
0.133111
0.132346
0.131471
0.130465
0.129302
0.127947
0.126349
0.124447
0.122066
0.11916
0.114575
0.10767
0.138631
0.138624
0.138612
0.138589
0.138568
0.138533
0.13848
0.138412
0.138335
0.138247
0.13815
0.138045
0.137931
0.137809
0.137678
0.137537
0.137384
0.137219
0.137039
0.136842
0.136627
0.13639
0.136127
0.135829
0.135487
0.135098
0.134657
0.134156
0.133588
0.132945
0.132217
0.131392
0.130456
0.129391
0.12817
0.126767
0.125029
0.123169
0.11871
0.138831
0.13882
0.138804
0.138779
0.13875
0.138713
0.13867
0.138621
0.138564
0.138502
0.138432
0.138353
0.138266
0.138169
0.13806
0.137937
0.137798
0.137641
0.137463
0.137259
0.137026
0.13676
0.136456
0.136112
0.135728
0.135299
0.134813
0.134263
0.133635
0.132917
0.132091
0.131136
0.130025
0.128714
0.127151
0.125202
0.122745
0.119244
0.112113
0.138835
0.138828
0.138816
0.138794
0.138775
0.138745
0.138699
0.13864
0.138574
0.138499
0.138417
0.138328
0.138233
0.138132
0.138024
0.137909
0.137784
0.13765
0.137504
0.137345
0.13717
0.136978
0.136764
0.136521
0.136242
0.135926
0.135566
0.135157
0.134694
0.134169
0.133574
0.132899
0.132132
0.131259
0.130255
0.129099
0.12766
0.126121
0.122463
0.139001
0.138991
0.138976
0.138955
0.138929
0.138896
0.138859
0.138816
0.138768
0.138714
0.138654
0.138588
0.138514
0.138431
0.138339
0.138235
0.138118
0.137986
0.137836
0.137665
0.13747
0.137248
0.136995
0.13671
0.136391
0.136035
0.135634
0.135178
0.134659
0.134065
0.133382
0.132591
0.131671
0.130587
0.129292
0.127692
0.125617
0.122931
0.116527
0.139005
0.138999
0.138987
0.138966
0.138949
0.138922
0.138882
0.138831
0.138773
0.138708
0.138638
0.138563
0.138483
0.138397
0.138307
0.138212
0.138109
0.137999
0.137879
0.137749
0.137606
0.137448
0.137272
0.137072
0.136843
0.136583
0.136287
0.135951
0.13557
0.135137
0.134647
0.13409
0.133457
0.132736
0.131905
0.130948
0.129753
0.128475
0.12549
0.139145
0.139136
0.139122
0.139103
0.13908
0.139051
0.139018
0.138981
0.13894
0.138893
0.138842
0.138784
0.138721
0.13865
0.138571
0.138483
0.138383
0.138271
0.138144
0.137999
0.137834
0.137647
0.137434
0.137195
0.136929
0.136632
0.136296
0.135916
0.135483
0.134988
0.134418
0.13376
0.132993
0.132089
0.131009
0.129686
0.127935
0.125821
0.12042
0.139149
0.139144
0.139132
0.139113
0.139097
0.139073
0.139037
0.138992
0.138941
0.138885
0.138824
0.138759
0.138691
0.138619
0.138543
0.138463
0.138377
0.138285
0.138186
0.138078
0.13796
0.13783
0.137684
0.137518
0.137328
0.137112
0.136867
0.136588
0.136272
0.135913
0.135506
0.135044
0.134517
0.133917
0.133226
0.132428
0.131433
0.130367
0.127933
0.139269
0.139261
0.139247
0.13923
0.139209
0.139184
0.139155
0.139122
0.139086
0.139045
0.139
0.138951
0.138896
0.138835
0.138767
0.138691
0.138605
0.138509
0.1384
0.138277
0.138136
0.137977
0.137797
0.137595
0.137371
0.137121
0.136839
0.136519
0.136155
0.135739
0.135261
0.134709
0.134065
0.133308
0.132401
0.131297
0.129822
0.128109
0.123676
0.139273
0.139268
0.139257
0.139238
0.139224
0.139202
0.13917
0.13913
0.139085
0.139035
0.138982
0.138926
0.138867
0.138805
0.138741
0.138673
0.138601
0.138524
0.138441
0.138351
0.138253
0.138144
0.138022
0.137884
0.137725
0.137544
0.137339
0.137107
0.136843
0.136543
0.136203
0.135816
0.135376
0.134873
0.134295
0.133626
0.132794
0.131898
0.129911
0.139375
0.139368
0.139355
0.139339
0.139321
0.139298
0.139272
0.139244
0.139211
0.139176
0.139137
0.139093
0.139045
0.138992
0.138933
0.138867
0.138794
0.13871
0.138617
0.13851
0.13839
0.138254
0.1381
0.137928
0.137738
0.137526
0.137287
0.137016
0.136709
0.136357
0.135954
0.135487
0.134944
0.134306
0.133541
0.132614
0.13137
0.12995
0.126344
0.13938
0.139376
0.139365
0.139347
0.139333
0.139313
0.139284
0.139249
0.139209
0.139165
0.139118
0.139069
0.139018
0.138965
0.138909
0.138852
0.138791
0.138726
0.138656
0.13858
0.138497
0.138406
0.138303
0.138187
0.138053
0.137901
0.137728
0.137533
0.137311
0.137059
0.136773
0.136448
0.136078
0.135655
0.135167
0.134605
0.133905
0.133149
0.131524
0.139468
0.139461
0.139449
0.139434
0.139417
0.139397
0.139374
0.139349
0.13932
0.139289
0.139254
0.139216
0.139174
0.139128
0.139076
0.139019
0.138954
0.138882
0.138801
0.138709
0.138605
0.138488
0.138356
0.138209
0.138046
0.137865
0.137662
0.137431
0.137169
0.136871
0.136528
0.136132
0.135671
0.13513
0.134483
0.133699
0.132649
0.131453
0.12852
0.139473
0.139469
0.139459
0.139442
0.139429
0.13941
0.139384
0.139352
0.139316
0.139277
0.139236
0.139193
0.139148
0.139102
0.139054
0.139004
0.138952
0.138897
0.138838
0.138773
0.138703
0.138626
0.138539
0.13844
0.138327
0.138198
0.138052
0.137887
0.1377
0.137487
0.137245
0.13697
0.136657
0.136299
0.135887
0.13541
0.13482
0.134179
0.132845
0.13955
0.139543
0.139531
0.139518
0.139502
0.139484
0.139464
0.139441
0.139416
0.139388
0.139357
0.139323
0.139286
0.139246
0.1392
0.13915
0.139094
0.139031
0.13896
0.13888
0.138789
0.138688
0.138574
0.138447
0.138307
0.138152
0.137978
0.13778
0.137556
0.137301
0.137008
0.13667
0.136278
0.135817
0.135266
0.1346
0.133713
0.132698
0.1303
0.139554
0.139552
0.139542
0.139525
0.139512
0.139496
0.139472
0.139443
0.139411
0.139376
0.139339
0.1393
0.139261
0.139221
0.139179
0.139136
0.139091
0.139044
0.138993
0.138939
0.138879
0.138813
0.138739
0.138655
0.138558
0.138448
0.138324
0.138184
0.138024
0.137844
0.137639
0.137405
0.137139
0.136835
0.136485
0.13608
0.135579
0.135034
0.133936
0.139622
0.139614
0.139603
0.139591
0.139577
0.139561
0.139542
0.139522
0.139499
0.139475
0.139447
0.139417
0.139385
0.139349
0.139309
0.139264
0.139215
0.13916
0.139098
0.139028
0.138949
0.13886
0.138761
0.138652
0.138531
0.138397
0.138246
0.138077
0.137884
0.137665
0.137413
0.137124
0.136788
0.136394
0.135923
0.135355
0.134602
0.133736
0.131778
0.139626
0.139624
0.139615
0.139598
0.139586
0.139571
0.139549
0.139523
0.139494
0.139462
0.139429
0.139395
0.13936
0.139324
0.139288
0.139251
0.139212
0.139171
0.139128
0.139081
0.139029
0.138973
0.13891
0.138837
0.138755
0.138661
0.138555
0.138434
0.138298
0.138144
0.137969
0.13777
0.137544
0.137284
0.136985
0.136639
0.136213
0.135747
0.134841
0.139686
0.139678
0.139668
0.139656
0.139644
0.139629
0.139612
0.139594
0.139574
0.139551
0.139527
0.139501
0.139472
0.13944
0.139404
0.139365
0.139322
0.139273
0.139219
0.139157
0.139088
0.139011
0.138924
0.138829
0.138724
0.138608
0.138477
0.13833
0.138164
0.137974
0.137758
0.137509
0.137219
0.136881
0.136477
0.13599
0.135351
0.134605
0.13303
0.13969
0.139688
0.13968
0.139664
0.139652
0.139637
0.139617
0.139593
0.139567
0.139539
0.139509
0.139478
0.139447
0.139416
0.139384
0.139351
0.139317
0.139282
0.139244
0.139204
0.139159
0.139111
0.139056
0.138994
0.138923
0.138842
0.138751
0.138648
0.138531
0.138399
0.138249
0.138079
0.137885
0.137663
0.137407
0.13711
0.136747
0.136347
0.135595
0.139742
0.139735
0.139725
0.139715
0.139703
0.13969
0.139674
0.139658
0.13964
0.13962
0.139598
0.139575
0.139549
0.139521
0.13949
0.139456
0.139417
0.139374
0.139326
0.139272
0.139211
0.139143
0.139067
0.138983
0.138892
0.138791
0.138677
0.13855
0.138405
0.138241
0.138053
0.137837
0.137588
0.137296
0.136948
0.136529
0.135985
0.135336
0.134082
0.139747
0.139746
0.139738
0.139722
0.13971
0.139697
0.139678
0.139657
0.139633
0.139607
0.13958
0.139552
0.139525
0.139497
0.139468
0.13944
0.13941
0.139379
0.139346
0.139311
0.139272
0.13923
0.139183
0.139129
0.139068
0.138998
0.138919
0.138831
0.13873
0.138617
0.138488
0.138341
0.138175
0.137984
0.137764
0.13751
0.137198
0.136854
0.136228
0.139793
0.139786
0.139776
0.139767
0.139756
0.139744
0.13973
0.139715
0.139699
0.139681
0.139663
0.139642
0.139619
0.139594
0.139567
0.139536
0.139502
0.139464
0.139422
0.139374
0.13932
0.13926
0.139193
0.13912
0.139039
0.138951
0.138852
0.13874
0.138614
0.138471
0.138308
0.138121
0.137904
0.137651
0.137351
0.136989
0.136525
0.135958
0.134955
0.139798
0.139797
0.139789
0.139774
0.139763
0.13975
0.139733
0.139713
0.139691
0.139668
0.139643
0.139618
0.139593
0.139568
0.139543
0.139518
0.139491
0.139464
0.139435
0.139405
0.139371
0.139335
0.139294
0.139247
0.139193
0.139133
0.139065
0.138988
0.138901
0.138803
0.138692
0.138566
0.138423
0.138258
0.138069
0.13785
0.137582
0.137285
0.136762
0.139839
0.139832
0.139822
0.139814
0.139804
0.139792
0.13978
0.139767
0.139753
0.139737
0.139721
0.139703
0.139683
0.139661
0.139637
0.13961
0.139579
0.139546
0.139508
0.139465
0.139417
0.139364
0.139305
0.13924
0.13917
0.139092
0.139005
0.138908
0.138797
0.138672
0.13853
0.138366
0.138178
0.137958
0.137698
0.137384
0.136986
0.13649
0.135681
0.139843
0.139843
0.139836
0.139821
0.13981
0.139798
0.139782
0.139764
0.139744
0.139722
0.1397
0.139677
0.139655
0.139632
0.13961
0.139587
0.139564
0.13954
0.139514
0.139487
0.139458
0.139426
0.139391
0.13935
0.139303
0.13925
0.139191
0.139125
0.13905
0.138965
0.138869
0.13876
0.138635
0.138494
0.13833
0.138141
0.13791
0.137653
0.137213
0.13988
0.139873
0.139864
0.139856
0.139847
0.139837
0.139826
0.139814
0.139802
0.139789
0.139774
0.139758
0.139741
0.139722
0.1397
0.139676
0.139649
0.139619
0.139585
0.139547
0.139505
0.139457
0.139405
0.139348
0.139286
0.139217
0.139141
0.139055
0.138958
0.138848
0.138724
0.138581
0.138416
0.138224
0.137998
0.137725
0.137384
0.13695
0.136288
0.139884
0.139885
0.139878
0.139863
0.139852
0.139841
0.139826
0.139809
0.139791
0.139771
0.139751
0.13973
0.139709
0.139689
0.139669
0.139649
0.139628
0.139607
0.139584
0.139561
0.139535
0.139507
0.139476
0.13944
0.139399
0.139353
0.139302
0.139244
0.139179
0.139105
0.139021
0.138927
0.138819
0.138697
0.138555
0.138391
0.138192
0.13797
0.137598
0.139917
0.13991
0.139902
0.139894
0.139886
0.139877
0.139867
0.139858
0.139847
0.139836
0.139823
0.13981
0.139794
0.139777
0.139758
0.139736
0.139712
0.139685
0.139655
0.139621
0.139583
0.139541
0.139495
0.139444
0.139389
0.139329
0.139261
0.139186
0.1391
0.139004
0.138894
0.138769
0.138625
0.138457
0.138259
0.138021
0.137728
0.137349
0.136802
0.139922
0.139923
0.139916
0.139901
0.139891
0.13988
0.139866
0.139851
0.139834
0.139815
0.139796
0.139777
0.139759
0.13974
0.139722
0.139704
0.139685
0.139666
0.139647
0.139626
0.139603
0.139579
0.139551
0.13952
0.139484
0.139444
0.139399
0.139348
0.139291
0.139227
0.139155
0.139073
0.138979
0.138873
0.13875
0.138608
0.138436
0.138242
0.137928
0.13995
0.139944
0.139936
0.139929
0.139921
0.139913
0.139906
0.139898
0.139889
0.13988
0.139869
0.139857
0.139843
0.139828
0.13981
0.139791
0.139769
0.139745
0.139718
0.139688
0.139654
0.139616
0.139575
0.13953
0.139481
0.139428
0.139368
0.139301
0.139226
0.139141
0.139045
0.138935
0.138808
0.138661
0.138488
0.138279
0.138031
0.137699
0.137243
0.139955
0.139957
0.13995
0.139936
0.139925
0.139915
0.139903
0.139888
0.139872
0.139855
0.139838
0.13982
0.139803
0.139786
0.13977
0.139753
0.139737
0.13972
0.139702
0.139684
0.139664
0.139642
0.139618
0.139591
0.139559
0.139524
0.139484
0.13944
0.13939
0.139334
0.139271
0.1392
0.139119
0.139026
0.138919
0.138796
0.138647
0.138479
0.138211
0.139981
0.139974
0.139967
0.13996
0.139954
0.139947
0.139941
0.139935
0.139928
0.13992
0.139911
0.1399
0.139888
0.139874
0.139858
0.139841
0.139821
0.1398
0.139775
0.139748
0.139718
0.139684
0.139647
0.139607
0.139564
0.139517
0.139464
0.139405
0.139338
0.139263
0.139178
0.139081
0.13897
0.13884
0.13869
0.138505
0.138302
0.13801
0.137625
0.139986
0.139988
0.139982
0.139967
0.139957
0.139947
0.139936
0.139922
0.139907
0.139891
0.139875
0.139859
0.139843
0.139827
0.139813
0.139798
0.139783
0.139768
0.139752
0.139736
0.139719
0.139699
0.139678
0.139654
0.139626
0.139595
0.13956
0.139522
0.139478
0.139429
0.139374
0.139312
0.139241
0.13916
0.139067
0.13896
0.138831
0.138684
0.138456
0.140008
0.140002
0.139995
0.139989
0.139984
0.139979
0.139975
0.13997
0.139964
0.139957
0.139949
0.139939
0.139928
0.139916
0.139902
0.139887
0.139869
0.13985
0.139828
0.139804
0.139776
0.139746
0.139713
0.139677
0.139639
0.139597
0.13955
0.139497
0.139438
0.139372
0.139297
0.139211
0.139113
0.138999
0.138867
0.138703
0.138538
0.138285
0.13796
0.140014
0.140016
0.14001
0.139996
0.139986
0.139976
0.139966
0.139953
0.139939
0.139924
0.139908
0.139893
0.139879
0.139865
0.139851
0.139838
0.139825
0.139811
0.139798
0.139783
0.139768
0.139751
0.139732
0.13971
0.139686
0.139659
0.139628
0.139594
0.139556
0.139513
0.139465
0.13941
0.139348
0.139278
0.139197
0.139103
0.138991
0.138863
0.138669
0.140034
0.140028
0.140021
0.140016
0.140011
0.140009
0.140006
0.140002
0.139998
0.139992
0.139984
0.139976
0.139966
0.139955
0.139943
0.139929
0.139914
0.139896
0.139877
0.139855
0.13983
0.139803
0.139774
0.139742
0.139707
0.13967
0.139628
0.139581
0.139529
0.13947
0.139403
0.139327
0.13924
0.13914
0.139025
0.138881
0.138746
0.138527
0.138254
0.140039
0.140042
0.140036
0.140022
0.140012
0.140003
0.139993
0.139981
0.139967
0.139953
0.139939
0.139925
0.139912
0.139899
0.139887
0.139875
0.139863
0.139851
0.139839
0.139826
0.139812
0.139797
0.13978
0.139761
0.13974
0.139716
0.139689
0.139659
0.139625
0.139587
0.139545
0.139497
0.139443
0.139382
0.139311
0.139229
0.139132
0.13902
0.138854
0.140057
0.140051
0.140045
0.14004
0.140038
0.140037
0.140035
0.140033
0.140029
0.140023
0.140017
0.14001
0.140001
0.139992
0.139981
0.139969
0.139955
0.13994
0.139922
0.139902
0.13988
0.139856
0.139829
0.139801
0.13977
0.139736
0.139699
0.139657
0.13961
0.139558
0.139499
0.139431
0.139354
0.139265
0.139167
0.139045
0.138931
0.13874
0.13851
0.140062
0.140066
0.14006
0.140046
0.140036
0.140028
0.140018
0.140006
0.139993
0.13998
0.139966
0.139954
0.139941
0.13993
0.139919
0.139908
0.139897
0.139887
0.139876
0.139864
0.139852
0.139839
0.139824
0.139807
0.139788
0.139767
0.139743
0.139716
0.139687
0.139654
0.139617
0.139575
0.139527
0.139473
0.139411
0.13934
0.139255
0.139158
0.139016
0.140078
0.140072
0.140066
0.140063
0.140063
0.140063
0.140062
0.14006
0.140057
0.140053
0.140048
0.140042
0.140035
0.140026
0.140017
0.140006
0.139994
0.13998
0.139964
0.139946
0.139927
0.139905
0.139881
0.139855
0.139827
0.139797
0.139764
0.139727
0.139685
0.139638
0.139585
0.139525
0.139457
0.139379
0.139296
0.139195
0.139099
0.13893
0.138735
0.140083
0.140087
0.140082
0.140067
0.140057
0.14005
0.140041
0.140029
0.140017
0.140004
0.139992
0.13998
0.139969
0.139958
0.139948
0.139938
0.139929
0.139919
0.13991
0.1399
0.139889
0.139877
0.139864
0.139849
0.139832
0.139813
0.139792
0.139768
0.139742
0.139713
0.13968
0.139643
0.139602
0.139555
0.1395
0.139438
0.139364
0.139279
0.139157
0.140097
0.140092
0.140086
0.140085
0.140086
0.140088
0.140088
0.140086
0.140084
0.140081
0.140077
0.140072
0.140066
0.140059
0.140051
0.140041
0.14003
0.140018
0.140004
0.139988
0.13997
0.13995
0.139928
0.139905
0.13988
0.139853
0.139824
0.13979
0.139753
0.139711
0.139664
0.13961
0.13955
0.139483
0.139414
0.13933
0.13925
0.139101
0.138934
0.140102
0.140107
0.140102
0.140087
0.140078
0.14007
0.140061
0.14005
0.140038
0.140026
0.140015
0.140004
0.139994
0.139984
0.139975
0.139967
0.139958
0.13995
0.139941
0.139932
0.139922
0.139912
0.1399
0.139887
0.139871
0.139854
0.139836
0.139815
0.139792
0.139766
0.139737
0.139705
0.139668
0.139627
0.139579
0.139525
0.13946
0.139386
0.139281
0.140115
0.14011
0.140105
0.140106
0.140109
0.140111
0.140111
0.14011
0.140109
0.140107
0.140104
0.1401
0.140095
0.140089
0.140082
0.140074
0.140064
0.140053
0.14004
0.140026
0.14001
0.139992
0.139973
0.139952
0.139929
0.139905
0.139878
0.139849
0.139815
0.139778
0.139736
0.139688
0.139636
0.13958
0.139522
0.139452
0.139384
0.139255
0.139112
0.140119
0.140125
0.14012
0.140105
0.140096
0.140089
0.14008
0.140069
0.140058
0.140046
0.140036
0.140026
0.140017
0.140008
0.14
0.139992
0.139985
0.139977
0.139969
0.139961
0.139953
0.139943
0.139933
0.139921
0.139907
0.139892
0.139875
0.139857
0.139837
0.139814
0.139789
0.13976
0.139728
0.139692
0.13965
0.139602
0.139546
0.139481
0.139391
0.140131
0.140126
0.140122
0.140126
0.14013
0.140131
0.140133
0.140133
0.140133
0.140132
0.14013
0.140127
0.140123
0.140118
0.140112
0.140105
0.140096
0.140086
0.140075
0.140062
0.140048
0.140032
0.140014
0.139995
0.139975
0.139953
0.139929
0.139902
0.139872
0.139839
0.139801
0.13976
0.139717
0.139671
0.139622
0.139562
0.139505
0.139393
0.139271
0.140135
0.140142
0.140137
0.140121
0.140113
0.140106
0.140097
0.140086
0.140075
0.140065
0.140055
0.140046
0.140038
0.14003
0.140023
0.140016
0.140009
0.140002
0.139995
0.139988
0.13998
0.139972
0.139963
0.139952
0.13994
0.139927
0.139912
0.139896
0.139878
0.139858
0.139836
0.139811
0.139783
0.139752
0.139715
0.139673
0.139624
0.139566
0.139488
0.140147
0.140141
0.140138
0.140145
0.140149
0.14015
0.140153
0.140155
0.140155
0.140156
0.140154
0.140152
0.140149
0.140145
0.14014
0.140134
0.140127
0.140118
0.140109
0.140097
0.140085
0.14007
0.140054
0.140037
0.140019
0.14
0.139978
0.139953
0.139926
0.139896
0.139864
0.13983
0.139794
0.139755
0.139713
0.139662
0.139612
0.139519
0.139414
0.14015
0.140157
0.140152
0.140136
0.140128
0.140122
0.140113
0.140102
0.140092
0.140082
0.140073
0.140065
0.140058
0.140051
0.140044
0.140038
0.140032
0.140025
0.140019
0.140013
0.140006
0.139999
0.139991
0.139981
0.139971
0.13996
0.139948
0.139934
0.139919
0.139902
0.139883
0.139861
0.139837
0.139809
0.139777
0.13974
0.139696
0.139645
0.13958
0.14016
0.140155
0.140154
0.140163
0.140166
0.140168
0.140172
0.140174
0.140175
0.140176
0.140176
0.140175
0.140173
0.14017
0.140166
0.140162
0.140156
0.14015
0.140142
0.140133
0.140123
0.140111
0.140098
0.140083
0.140067
0.140049
0.140029
0.140007
0.139982
0.139956
0.139929
0.139899
0.139868
0.139834
0.139797
0.139753
0.139709
0.139631
0.139543
0.140163
0.140169
0.140165
0.140149
0.140142
0.140136
0.140127
0.140116
0.140106
0.140098
0.14009
0.140083
0.140076
0.14007
0.140064
0.140058
0.140052
0.140047
0.140042
0.140036
0.14003
0.140024
0.140018
0.140011
0.140003
0.139994
0.139984
0.139973
0.13996
0.139946
0.13993
0.139911
0.13989
0.139865
0.139837
0.139804
0.139766
0.139719
0.13967
0.140173
0.140167
0.140168
0.140178
0.14018
0.140182
0.140186
0.140188
0.14019
0.140191
0.140191
0.140191
0.140191
0.140189
0.140188
0.140185
0.140182
0.140178
0.140174
0.140168
0.140162
0.140154
0.140146
0.140136
0.140125
0.140111
0.140094
0.140075
0.140054
0.14003
0.140005
0.139977
0.139947
0.139914
0.139879
0.139838
0.139798
0.139732
0.139658
0.140174
0.140177
0.140174
0.140161
0.140155
0.140149
0.140139
0.140129
0.14012
0.140113
0.140106
0.140099
0.140093
0.140087
0.140082
0.140077
0.140072
0.140068
0.140063
0.140059
0.140054
0.14005
0.140046
0.140041
0.140036
0.140029
0.140021
0.140012
0.140002
0.13999
0.139977
0.139962
0.139943
0.139922
0.139898
0.139869
0.139835
0.139791
0.139754
0.140182
0.140178
0.140181
0.140187
0.14019
0.140192
0.140195
0.140197
0.140199
0.1402
0.140201
0.140202
0.140202
0.140202
0.140201
0.1402
0.140199
0.140197
0.140195
0.140192
0.140188
0.140184
0.140179
0.140174
0.140167
0.140159
0.140149
0.140136
0.140121
0.140103
0.140082
0.140058
0.14003
0.139999
0.139964
0.139925
0.139885
0.139826
0.139761
0.140181
0.140183
0.140179
0.14017
0.140164
0.140158
0.14015
0.14014
0.140133
0.140126
0.14012
0.140114
0.140108
0.140103
0.140099
0.140095
0.140091
0.140087
0.140084
0.140081
0.140078
0.140076
0.140074
0.140071
0.140068
0.140063
0.140056
0.140049
0.140041
0.140032
0.140022
0.14001
0.139996
0.139979
0.139958
0.139933
0.139903
0.139864
0.139834
0.140187
0.140186
0.140188
0.140193
0.140195
0.140198
0.140201
0.140203
0.140205
0.140206
0.140208
0.140209
0.14021
0.14021
0.14021
0.14021
0.14021
0.140209
0.140208
0.140206
0.140205
0.140202
0.1402
0.140196
0.140193
0.140188
0.140183
0.140176
0.140167
0.140157
0.140143
0.140126
0.140105
0.14008
0.14005
0.140013
0.139973
0.139918
0.139858
0.140186
0.140186
0.140183
0.140175
0.140169
0.140164
0.140158
0.14015
0.140144
0.140138
0.140132
0.140127
0.140122
0.140118
0.140114
0.140111
0.140109
0.140106
0.140104
0.140102
0.1401
0.140098
0.140097
0.140095
0.140092
0.140087
0.140083
0.140077
0.140071
0.140065
0.140057
0.140049
0.140039
0.140027
0.140012
0.139992
0.139969
0.139934
0.13991
0.14019
0.14019
0.140193
0.140197
0.140199
0.140202
0.140205
0.140207
0.140209
0.140211
0.140213
0.140214
0.140215
0.140216
0.140217
0.140217
0.140217
0.140217
0.140217
0.140216
0.140216
0.140214
0.140213
0.140211
0.140209
0.140206
0.140203
0.140199
0.140194
0.140189
0.140181
0.140172
0.140159
0.140143
0.140121
0.140093
0.140059
0.140009
0.139953
0.140189
0.140188
0.140185
0.140177
0.140172
0.140167
0.140162
0.140156
0.140151
0.140146
0.140141
0.140137
0.140133
0.140129
0.140126
0.140124
0.140121
0.140119
0.140117
0.140115
0.140114
0.140112
0.14011
0.140108
0.140106
0.140102
0.140099
0.140095
0.14009
0.140085
0.14008
0.140074
0.140067
0.140059
0.140049
0.140036
0.140022
0.139993
0.139975
0.140192
0.140193
0.140195
0.140199
0.140202
0.140205
0.140208
0.14021
0.140212
0.140214
0.140216
0.140218
0.140219
0.14022
0.140221
0.140222
0.140223
0.140223
0.140224
0.140224
0.140223
0.140223
0.140222
0.140222
0.14022
0.140219
0.140217
0.140215
0.140212
0.140208
0.140204
0.140199
0.140193
0.140184
0.140172
0.140153
0.14013
0.140092
0.140044
0.14019
0.140189
0.140186
0.140179
0.140173
0.140169
0.140164
0.140159
0.140154
0.14015
0.140145
0.140141
0.140138
0.140135
0.140132
0.14013
0.140128
0.140126
0.140124
0.140122
0.140121
0.140119
0.140117
0.140116
0.140113
0.140111
0.140108
0.140105
0.140101
0.140098
0.140094
0.14009
0.140085
0.140079
0.140073
0.140064
0.140056
0.140034
0.140023
0.140193
0.140195
0.140197
0.140201
0.140204
0.140207
0.14021
0.140212
0.140215
0.140217
0.140219
0.140221
0.140222
0.140224
0.140225
0.140226
0.140227
0.140228
0.140229
0.140229
0.140229
0.14023
0.14023
0.140229
0.140229
0.140228
0.140227
0.140226
0.140224
0.140222
0.14022
0.140217
0.140213
0.140208
0.140202
0.140193
0.14018
0.140155
0.140122
0.140191
0.14019
0.140186
0.14018
0.140174
0.140169
0.140165
0.14016
0.140155
0.140151
0.140147
0.140143
0.14014
0.140137
0.140134
0.140132
0.14013
0.140129
0.140127
0.140125
0.140124
0.140122
0.140121
0.140119
0.140117
0.140115
0.140113
0.14011
0.140108
0.140105
0.140102
0.140099
0.140096
0.140092
0.140087
0.140081
0.140077
0.140061
0.140056
0.140194
0.140196
0.140198
0.140202
0.140205
0.140208
0.140211
0.140214
0.140216
0.140219
0.140221
0.140223
0.140224
0.140226
0.140228
0.140229
0.14023
0.140231
0.140232
0.140233
0.140234
0.140235
0.140235
0.140235
0.140236
0.140235
0.140235
0.140235
0.140234
0.140233
0.140231
0.14023
0.140227
0.140225
0.140221
0.140217
0.140211
0.140197
0.140179
0.140192
0.14019
0.140186
0.14018
0.140174
0.140169
0.140165
0.14016
0.140155
0.140151
0.140147
0.140143
0.14014
0.140137
0.140134
0.140132
0.14013
0.140129
0.140127
0.140126
0.140124
0.140123
0.140122
0.14012
0.140119
0.140117
0.140115
0.140113
0.140111
0.140109
0.140107
0.140104
0.140102
0.140099
0.140096
0.140092
0.14009
0.140079
0.140077
0.140194
0.140196
0.140199
0.140203
0.140206
0.140209
0.140212
0.140215
0.140217
0.14022
0.140222
0.140224
0.140226
0.140228
0.140229
0.140231
0.140232
0.140234
0.140235
0.140236
0.140237
0.140238
0.140239
0.14024
0.140241
0.140241
0.140241
0.140241
0.140241
0.140241
0.14024
0.14024
0.140238
0.140237
0.140235
0.140232
0.14023
0.140223
0.140216
0.140192
0.14019
0.140186
0.140179
0.140173
0.140169
0.140164
0.140159
0.140154
0.140149
0.140145
0.140141
0.140138
0.140135
0.140133
0.140131
0.140129
0.140127
0.140126
0.140125
0.140123
0.140122
0.140121
0.14012
0.140118
0.140117
0.140115
0.140114
0.140112
0.140111
0.140109
0.140107
0.140106
0.140104
0.140102
0.140099
0.140097
0.14009
0.140091
0.140194
0.140196
0.140199
0.140203
0.140206
0.140209
0.140212
0.140215
0.140218
0.14022
0.140223
0.140225
0.140227
0.140229
0.14023
0.140232
0.140234
0.140235
0.140237
0.140238
0.14024
0.140241
0.140242
0.140243
0.140244
0.140245
0.140246
0.140246
0.140247
0.140247
0.140247
0.140247
0.140247
0.140247
0.140246
0.140244
0.140244
0.140239
0.140239
0.140191
0.140189
0.140185
0.140178
0.140172
0.140167
0.140163
0.140157
0.140152
0.140147
0.140142
0.140138
0.140135
0.140132
0.14013
0.140128
0.140126
0.140125
0.140124
0.140122
0.140121
0.14012
0.140119
0.140118
0.140117
0.140115
0.140114
0.140113
0.140112
0.140111
0.14011
0.140108
0.140107
0.140106
0.140105
0.140103
0.140102
0.140097
0.140099
0.140193
0.140195
0.140199
0.140202
0.140206
0.140209
0.140212
0.140215
0.140218
0.14022
0.140223
0.140225
0.140227
0.140229
0.140231
0.140233
0.140234
0.140236
0.140238
0.14024
0.140241
0.140243
0.140244
0.140246
0.140247
0.140248
0.140249
0.14025
0.140251
0.140252
0.140253
0.140253
0.140254
0.140254
0.140254
0.140254
0.140255
0.140251
0.140255
0.14019
0.140188
0.140183
0.140176
0.140171
0.140166
0.140161
0.140155
0.140149
0.140144
0.140139
0.140135
0.140131
0.140128
0.140126
0.140124
0.140123
0.140122
0.14012
0.140119
0.140118
0.140117
0.140116
0.140115
0.140114
0.140113
0.140112
0.140112
0.140111
0.14011
0.140109
0.140108
0.140108
0.140107
0.140106
0.140105
0.140105
0.140101
0.140104
0.140192
0.140195
0.140198
0.140202
0.140205
0.140209
0.140212
0.140215
0.140218
0.14022
0.140222
0.140225
0.140227
0.140229
0.140231
0.140232
0.140234
0.140236
0.140238
0.14024
0.140242
0.140244
0.140246
0.140247
0.140249
0.14025
0.140252
0.140253
0.140254
0.140256
0.140257
0.140258
0.140259
0.14026
0.140261
0.140262
0.140263
0.140261
0.140266
0.140189
0.140186
0.140182
0.140175
0.140169
0.140164
0.140158
0.140152
0.140146
0.14014
0.140135
0.14013
0.140127
0.140124
0.140122
0.14012
0.140119
0.140118
0.140117
0.140116
0.140115
0.140114
0.140113
0.140112
0.140112
0.140111
0.14011
0.140109
0.140109
0.140108
0.140108
0.140107
0.140107
0.140107
0.140106
0.140106
0.140106
0.140104
0.140107
0.140191
0.140193
0.140197
0.140201
0.140204
0.140208
0.140211
0.140214
0.140217
0.140219
0.140221
0.140224
0.140226
0.140228
0.14023
0.140232
0.140234
0.140236
0.140238
0.14024
0.140242
0.140244
0.140246
0.140248
0.14025
0.140251
0.140253
0.140255
0.140256
0.140258
0.14026
0.140261
0.140263
0.140264
0.140266
0.140267
0.14027
0.140269
0.140275
0.140187
0.140185
0.14018
0.140173
0.140167
0.140161
0.140155
0.140148
0.140141
0.140135
0.14013
0.140126
0.140122
0.14012
0.140118
0.140116
0.140115
0.140114
0.140113
0.140112
0.140111
0.14011
0.14011
0.140109
0.140108
0.140108
0.140107
0.140107
0.140106
0.140106
0.140106
0.140106
0.140105
0.140105
0.140105
0.140105
0.140106
0.140104
0.140107
0.140189
0.140192
0.140195
0.1402
0.140203
0.140206
0.14021
0.140213
0.140215
0.140218
0.14022
0.140222
0.140224
0.140226
0.140228
0.14023
0.140232
0.140234
0.140237
0.140239
0.140241
0.140243
0.140245
0.140247
0.140249
0.140251
0.140253
0.140255
0.140257
0.140259
0.140261
0.140263
0.140265
0.140267
0.14027
0.140272
0.140275
0.140275
0.140281
0.140186
0.140183
0.140178
0.14017
0.140164
0.140159
0.140152
0.140144
0.140137
0.14013
0.140125
0.14012
0.140117
0.140115
0.140113
0.140111
0.14011
0.140109
0.140108
0.140108
0.140107
0.140106
0.140106
0.140105
0.140104
0.140104
0.140103
0.140103
0.140103
0.140103
0.140102
0.140102
0.140102
0.140103
0.140103
0.140103
0.140104
0.140103
0.140106
0.140187
0.14019
0.140194
0.140198
0.140202
0.140205
0.140208
0.140211
0.140214
0.140216
0.140218
0.14022
0.140222
0.140224
0.140226
0.140228
0.14023
0.140232
0.140235
0.140237
0.140239
0.140242
0.140244
0.140246
0.140249
0.140251
0.140253
0.140255
0.140257
0.14026
0.140262
0.140264
0.140267
0.140269
0.140272
0.140274
0.140278
0.140279
0.140286
0.140184
0.140181
0.140175
0.140168
0.140162
0.140156
0.140148
0.14014
0.140132
0.140125
0.140119
0.140115
0.140112
0.14011
0.140108
0.140106
0.140105
0.140104
0.140104
0.140103
0.140102
0.140102
0.140101
0.1401
0.1401
0.140099
0.140099
0.140098
0.140098
0.140098
0.140098
0.140098
0.140098
0.140098
0.140098
0.140099
0.1401
0.1401
0.140103
0.140185
0.140188
0.140192
0.140196
0.1402
0.140203
0.140206
0.140209
0.140211
0.140213
0.140216
0.140218
0.14022
0.140221
0.140223
0.140225
0.140228
0.14023
0.140232
0.140234
0.140237
0.140239
0.140242
0.140244
0.140247
0.140249
0.140251
0.140254
0.140256
0.140259
0.140261
0.140264
0.140267
0.14027
0.140273
0.140276
0.14028
0.140282
0.140289
0.140181
0.140178
0.140172
0.140165
0.140159
0.140152
0.140144
0.140135
0.140126
0.140119
0.140114
0.14011
0.140107
0.140104
0.140103
0.140101
0.1401
0.140099
0.140098
0.140097
0.140097
0.140096
0.140095
0.140094
0.140094
0.140093
0.140092
0.140092
0.140092
0.140091
0.140091
0.140091
0.140091
0.140091
0.140092
0.140092
0.140093
0.140093
0.140097
0.140182
0.140186
0.14019
0.140194
0.140197
0.140201
0.140204
0.140206
0.140209
0.140211
0.140213
0.140214
0.140216
0.140218
0.14022
0.140222
0.140224
0.140226
0.140229
0.140231
0.140234
0.140236
0.140239
0.140242
0.140244
0.140247
0.140249
0.140252
0.140254
0.140257
0.14026
0.140263
0.140266
0.140269
0.140273
0.140276
0.140281
0.140284
0.14029
0.140179
0.140175
0.14017
0.140162
0.140155
0.140148
0.140139
0.140129
0.140121
0.140113
0.140108
0.140104
0.140101
0.140099
0.140097
0.140095
0.140094
0.140093
0.140092
0.140091
0.14009
0.140089
0.140088
0.140087
0.140086
0.140085
0.140084
0.140083
0.140083
0.140082
0.140082
0.140082
0.140082
0.140082
0.140082
0.140083
0.140084
0.140084
0.140088
0.14018
0.140183
0.140187
0.140192
0.140195
0.140198
0.140201
0.140203
0.140205
0.140207
0.140209
0.140211
0.140212
0.140214
0.140216
0.140218
0.14022
0.140222
0.140224
0.140227
0.14023
0.140232
0.140235
0.140238
0.140241
0.140243
0.140246
0.140249
0.140252
0.140255
0.140258
0.140261
0.140264
0.140268
0.140272
0.140276
0.14028
0.140284
0.140291
0.140176
0.140172
0.140166
0.140158
0.140152
0.140144
0.140134
0.140123
0.140115
0.140107
0.140102
0.140098
0.140095
0.140092
0.14009
0.140088
0.140087
0.140085
0.140084
0.140083
0.140081
0.14008
0.140079
0.140077
0.140076
0.140075
0.140073
0.140072
0.140071
0.140071
0.14007
0.140069
0.140069
0.140069
0.140069
0.140069
0.14007
0.140071
0.140075
0.140177
0.140181
0.140185
0.140189
0.140192
0.140195
0.140198
0.1402
0.140202
0.140203
0.140205
0.140206
0.140208
0.140209
0.140211
0.140213
0.140215
0.140217
0.14022
0.140222
0.140225
0.140228
0.140231
0.140233
0.140236
0.140239
0.140242
0.140245
0.140248
0.140251
0.140254
0.140258
0.140262
0.140265
0.140269
0.140274
0.140279
0.140283
0.14029
0.140173
0.140169
0.140163
0.140155
0.140148
0.140139
0.140128
0.140117
0.140108
0.140101
0.140096
0.140091
0.140088
0.140085
0.140082
0.14008
0.140078
0.140076
0.140074
0.140072
0.140071
0.140069
0.140067
0.140066
0.140064
0.140062
0.14006
0.140058
0.140057
0.140055
0.140054
0.140053
0.140053
0.140052
0.140052
0.140052
0.140053
0.140053
0.140057
0.140174
0.140178
0.140182
0.140186
0.140189
0.140192
0.140194
0.140196
0.140197
0.140199
0.1402
0.140201
0.140203
0.140204
0.140206
0.140207
0.140209
0.140211
0.140214
0.140216
0.140219
0.140222
0.140225
0.140228
0.140231
0.140234
0.140237
0.14024
0.140243
0.140247
0.14025
0.140254
0.140258
0.140262
0.140266
0.140271
0.140276
0.140281
0.140288
0.14017
0.140166
0.140159
0.140151
0.140144
0.140135
0.140123
0.140111
0.140102
0.140095
0.140089
0.140084
0.14008
0.140076
0.140073
0.14007
0.140067
0.140065
0.140062
0.14006
0.140058
0.140056
0.140053
0.140051
0.140048
0.140045
0.140043
0.14004
0.140038
0.140036
0.140034
0.140032
0.140031
0.140029
0.140029
0.140028
0.140029
0.140028
0.140032
0.14017
0.140174
0.140178
0.140182
0.140185
0.140188
0.14019
0.140191
0.140192
0.140193
0.140194
0.140195
0.140197
0.140198
0.140199
0.140201
0.140203
0.140205
0.140207
0.14021
0.140213
0.140216
0.140219
0.140222
0.140225
0.140228
0.140231
0.140234
0.140238
0.140241
0.140245
0.140249
0.140253
0.140257
0.140262
0.140266
0.140272
0.140277
0.140285
0.140166
0.140162
0.140155
0.140147
0.14014
0.140129
0.140116
0.140105
0.140096
0.140088
0.140082
0.140076
0.14007
0.140065
0.140061
0.140057
0.140054
0.140051
0.140048
0.140045
0.140042
0.140039
0.140036
0.140032
0.140028
0.140024
0.14002
0.140017
0.140013
0.140009
0.140006
0.140003
0.14
0.139998
0.139996
0.139995
0.139995
0.139992
0.139996
0.140167
0.140171
0.140175
0.140178
0.140181
0.140183
0.140185
0.140186
0.140187
0.140188
0.140188
0.140189
0.14019
0.140191
0.140192
0.140194
0.140196
0.140198
0.1402
0.140203
0.140206
0.140209
0.140212
0.140215
0.140218
0.140221
0.140224
0.140228
0.140231
0.140235
0.140239
0.140243
0.140247
0.140252
0.140256
0.140261
0.140267
0.140273
0.14028
0.140163
0.140158
0.140151
0.140143
0.140135
0.140124
0.14011
0.140098
0.140089
0.140081
0.140073
0.140066
0.140059
0.140053
0.140048
0.140043
0.140039
0.140035
0.140031
0.140027
0.140024
0.140019
0.140015
0.14001
0.140005
0.139999
0.139994
0.139989
0.139984
0.13998
0.139976
0.139972
0.139968
0.139965
0.139962
0.139958
0.139956
0.139952
0.139954
0.140163
0.140167
0.140171
0.140174
0.140177
0.140178
0.14018
0.14018
0.140181
0.140181
0.140181
0.140182
0.140183
0.140183
0.140185
0.140186
0.140188
0.140189
0.140192
0.140194
0.140197
0.1402
0.140203
0.140206
0.14021
0.140213
0.140216
0.14022
0.140223
0.140227
0.140231
0.140236
0.14024
0.140245
0.14025
0.140255
0.140261
0.140267
0.140275
0.140159
0.140154
0.140147
0.140138
0.14013
0.140118
0.140104
0.140092
0.140082
0.140073
0.140063
0.140055
0.140047
0.140039
0.140033
0.140027
0.140022
0.140017
0.140012
0.140007
0.140003
0.139998
0.139993
0.139989
0.139984
0.13998
0.139977
0.139974
0.139971
0.139968
0.139966
0.139963
0.13996
0.139958
0.139955
0.139952
0.139948
0.139944
0.139942
0.140159
0.140163
0.140166
0.14017
0.140172
0.140173
0.140174
0.140174
0.140174
0.140174
0.140174
0.140174
0.140174
0.140175
0.140176
0.140177
0.140178
0.14018
0.140182
0.140184
0.140186
0.140189
0.140192
0.140196
0.140199
0.140202
0.140206
0.14021
0.140213
0.140218
0.140222
0.140227
0.140231
0.140236
0.140242
0.140247
0.140254
0.14026
0.140268
0.140154
0.14015
0.140142
0.140133
0.140125
0.140111
0.140097
0.140085
0.140074
0.140063
0.140052
0.140042
0.140033
0.140024
0.140017
0.14001
0.140004
0.139999
0.139995
0.139992
0.139989
0.139987
0.139985
0.139983
0.139982
0.13998
0.139979
0.139978
0.139978
0.139977
0.139976
0.139974
0.139973
0.139971
0.139969
0.139966
0.139963
0.139959
0.139953
0.140154
0.140158
0.140162
0.140165
0.140166
0.140167
0.140167
0.140167
0.140167
0.140166
0.140166
0.140166
0.140166
0.140166
0.140166
0.140166
0.140167
0.140168
0.14017
0.140171
0.140174
0.140176
0.140179
0.140183
0.140186
0.140189
0.140193
0.140197
0.140201
0.140205
0.14021
0.140215
0.14022
0.140225
0.140231
0.140237
0.140244
0.140251
0.14026
0.14015
0.140145
0.140138
0.140128
0.140119
0.140105
0.14009
0.140078
0.140066
0.140053
0.14004
0.140029
0.140019
0.14001
0.140003
0.139998
0.139995
0.139994
0.139993
0.139992
0.139992
0.139992
0.139993
0.139994
0.139996
0.139997
0.139999
0.14
0.140001
0.140003
0.140004
0.140005
0.140005
0.140005
0.140005
0.140004
0.140002
0.140001
0.139994
0.140149
0.140153
0.140157
0.140159
0.140161
0.140161
0.140161
0.14016
0.140159
0.140158
0.140157
0.140156
0.140156
0.140155
0.140155
0.140154
0.140154
0.140155
0.140156
0.140157
0.140159
0.140161
0.140164
0.140167
0.14017
0.140174
0.140177
0.140181
0.140185
0.14019
0.140195
0.1402
0.140205
0.140211
0.140217
0.140224
0.140231
0.140239
0.140248
0.140145
0.14014
0.140132
0.140123
0.140113
0.140098
0.140083
0.140071
0.140057
0.140042
0.140028
0.140017
0.140008
0.140002
0.14
0.14
0.140001
0.140002
0.140004
0.140006
0.140009
0.140012
0.140015
0.140019
0.140023
0.140026
0.14003
0.140032
0.140035
0.140037
0.140039
0.140041
0.140042
0.140043
0.140043
0.140044
0.140043
0.140043
0.140039
0.140144
0.140148
0.140151
0.140153
0.140154
0.140154
0.140153
0.140152
0.14015
0.140149
0.140147
0.140146
0.140144
0.140143
0.140142
0.140141
0.14014
0.14014
0.140141
0.140142
0.140143
0.140146
0.140148
0.140151
0.140154
0.140157
0.140161
0.140164
0.140168
0.140173
0.140177
0.140183
0.140188
0.140194
0.1402
0.140207
0.140215
0.140223
0.140233
0.14014
0.140135
0.140127
0.140118
0.140107
0.140091
0.140077
0.140063
0.140047
0.140031
0.140018
0.140009
0.140005
0.140006
0.140009
0.140013
0.140018
0.140022
0.140026
0.14003
0.140033
0.140037
0.14004
0.140044
0.140048
0.140051
0.140054
0.140057
0.14006
0.140062
0.140065
0.140067
0.140068
0.14007
0.140071
0.140072
0.140072
0.140073
0.140072
0.140138
0.140142
0.140145
0.140147
0.140147
0.140146
0.140145
0.140143
0.140141
0.140139
0.140137
0.140134
0.140132
0.140129
0.140127
0.140126
0.140125
0.140125
0.140125
0.140126
0.140128
0.14013
0.140132
0.140135
0.140137
0.14014
0.140144
0.140147
0.140151
0.140155
0.14016
0.140165
0.14017
0.140175
0.140182
0.140188
0.140196
0.140205
0.140215
0.140134
0.140129
0.140122
0.140112
0.140101
0.140084
0.140069
0.140054
0.140036
0.140021
0.140011
0.14001
0.140014
0.14002
0.140027
0.140033
0.140038
0.140042
0.140046
0.14005
0.140054
0.140057
0.140061
0.140065
0.140069
0.140073
0.140077
0.14008
0.140083
0.140086
0.140089
0.140091
0.140094
0.140096
0.140097
0.140099
0.1401
0.140101
0.140101
0.140133
0.140136
0.140139
0.14014
0.14014
0.140138
0.140136
0.140134
0.140131
0.140128
0.140125
0.140121
0.140118
0.140115
0.140113
0.140111
0.14011
0.140109
0.140109
0.14011
0.140111
0.140113
0.140115
0.140118
0.140121
0.140123
0.140126
0.14013
0.140134
0.140138
0.140142
0.140146
0.140151
0.140157
0.140162
0.140169
0.140176
0.140184
0.140194
0.140128
0.140123
0.140116
0.140106
0.140094
0.140077
0.140062
0.140045
0.140027
0.140015
0.140014
0.14002
0.140029
0.140037
0.140044
0.14005
0.140056
0.140061
0.140065
0.140069
0.140073
0.140077
0.140082
0.140086
0.140091
0.140096
0.1401
0.140104
0.140108
0.140112
0.140115
0.140118
0.14012
0.140123
0.140125
0.140127
0.140129
0.140131
0.140131
0.140126
0.140129
0.140132
0.140132
0.140132
0.14013
0.140127
0.140124
0.14012
0.140117
0.140112
0.140108
0.140104
0.140101
0.140098
0.140096
0.140094
0.140093
0.140093
0.140093
0.140094
0.140096
0.140098
0.1401
0.140103
0.140105
0.140109
0.140112
0.140116
0.14012
0.140124
0.140128
0.140133
0.140138
0.140144
0.14015
0.140157
0.140165
0.140174
0.140122
0.140117
0.140109
0.1401
0.140087
0.14007
0.140054
0.140036
0.14002
0.140016
0.140023
0.140033
0.140043
0.140052
0.140061
0.140068
0.140074
0.14008
0.140085
0.14009
0.140094
0.140099
0.140104
0.140109
0.140115
0.14012
0.140125
0.14013
0.140134
0.140138
0.140141
0.140145
0.140148
0.140151
0.140153
0.140156
0.140158
0.14016
0.140161
0.14012
0.140123
0.140125
0.140125
0.140124
0.140121
0.140118
0.140113
0.140109
0.140103
0.140098
0.140093
0.140089
0.140086
0.140083
0.140081
0.140079
0.140078
0.140077
0.140077
0.140078
0.140079
0.140081
0.140083
0.140085
0.140088
0.140091
0.140095
0.140098
0.140102
0.140107
0.140111
0.140116
0.140122
0.140127
0.140133
0.14014
0.140148
0.140157
0.140116
0.140112
0.140104
0.140094
0.140081
0.140063
0.140046
0.140027
0.14002
0.140023
0.140033
0.140045
0.140056
0.140067
0.140076
0.140085
0.140092
0.140098
0.140103
0.140109
0.140114
0.140119
0.140124
0.14013
0.140135
0.140141
0.140146
0.140151
0.140155
0.140159
0.140163
0.140167
0.14017
0.140174
0.140177
0.14018
0.140182
0.140185
0.140187
0.140115
0.140118
0.14012
0.140119
0.140117
0.140113
0.140109
0.140102
0.140097
0.140087
0.140081
0.140077
0.140073
0.140071
0.140068
0.140066
0.140064
0.140063
0.140062
0.140062
0.140063
0.140064
0.140066
0.140067
0.14007
0.140072
0.140075
0.140078
0.140082
0.140085
0.140089
0.140094
0.140099
0.140104
0.14011
0.140116
0.140123
0.140131
0.14014
0.140111
0.140107
0.140099
0.140088
0.140074
0.140056
0.140037
0.140022
0.140023
0.140032
0.140044
0.140057
0.14007
0.140082
0.140092
0.1401
0.140107
0.140114
0.140119
0.140125
0.14013
0.140135
0.14014
0.140145
0.140151
0.140156
0.140161
0.140166
0.14017
0.140175
0.140179
0.140182
0.140186
0.14019
0.140193
0.140196
0.1402
0.140204
0.140206
0.14011
0.140112
0.140113
0.140112
0.140109
0.140104
0.140099
0.140091
0.140084
0.14007
0.140064
0.14006
0.140057
0.140054
0.140052
0.14005
0.140049
0.140048
0.140047
0.140047
0.140048
0.140049
0.14005
0.140052
0.140054
0.140056
0.140058
0.140061
0.140064
0.140067
0.140071
0.140075
0.14008
0.140084
0.14009
0.140096
0.140102
0.14011
0.140119
0.140106
0.140101
0.140093
0.140083
0.140068
0.140049
0.140029
0.140022
0.140028
0.14004
0.140056
0.140071
0.140085
0.140097
0.140107
0.140116
0.140123
0.140129
0.140135
0.14014
0.140144
0.140149
0.140154
0.140159
0.140164
0.14017
0.140174
0.140179
0.140183
0.140187
0.140191
0.140195
0.140198
0.140202
0.140206
0.140209
0.140213
0.140217
0.14022
0.140104
0.140106
0.140106
0.140105
0.140101
0.140095
0.140088
0.140079
0.14007
0.140053
0.140046
0.140043
0.140041
0.140039
0.140037
0.140035
0.140034
0.140033
0.140032
0.140032
0.140032
0.140033
0.140034
0.140035
0.140037
0.140039
0.140041
0.140043
0.140046
0.140049
0.140052
0.140056
0.140059
0.140064
0.140068
0.140073
0.140079
0.140086
0.140095
0.1401
0.140095
0.140087
0.140076
0.140061
0.140042
0.140021
0.140022
0.140034
0.140051
0.14007
0.140086
0.140101
0.140113
0.140123
0.140131
0.140138
0.140143
0.140148
0.140153
0.140157
0.140161
0.140166
0.140171
0.140175
0.14018
0.140185
0.140189
0.140193
0.140197
0.140201
0.140204
0.140208
0.140212
0.140215
0.140219
0.140223
0.140227
0.140231
0.140097
0.140099
0.140099
0.140096
0.140092
0.140085
0.140077
0.140066
0.140054
0.140037
0.140031
0.140028
0.140026
0.140025
0.140023
0.140022
0.14002
0.140019
0.140018
0.140018
0.140017
0.140018
0.140018
0.140019
0.14002
0.140021
0.140022
0.140024
0.140027
0.140029
0.140032
0.140035
0.140038
0.140042
0.140046
0.140051
0.140057
0.140063
0.14007
0.140093
0.140089
0.140081
0.14007
0.140054
0.140034
0.140014
0.140025
0.140043
0.140064
0.140085
0.140102
0.140116
0.140127
0.140136
0.140143
0.140149
0.140154
0.140159
0.140163
0.140167
0.140171
0.140175
0.140179
0.140184
0.140188
0.140193
0.140197
0.140201
0.140205
0.140209
0.140213
0.140217
0.140221
0.140225
0.140229
0.140233
0.140237
0.140241
0.140089
0.140091
0.14009
0.140087
0.140082
0.140074
0.140065
0.140052
0.140039
0.140024
0.140019
0.140018
0.140017
0.140015
0.140014
0.140012
0.140012
0.140012
0.140012
0.140012
0.140012
0.140012
0.140012
0.140012
0.140011
0.140011
0.14001
0.14001
0.14001
0.140009
0.14001
0.140011
0.140012
0.140014
0.140017
0.140021
0.140026
0.140031
0.140038
0.140086
0.140082
0.140074
0.140063
0.140047
0.140027
0.140009
0.14003
0.140053
0.140078
0.140099
0.140115
0.140128
0.140138
0.140146
0.140152
0.140158
0.140162
0.140167
0.140171
0.140174
0.140178
0.140183
0.140187
0.140192
0.140198
0.140203
0.140208
0.140213
0.140217
0.140222
0.140227
0.140232
0.140236
0.140241
0.140246
0.14025
0.140256
0.14026
0.140081
0.140082
0.140081
0.140077
0.140071
0.140063
0.140052
0.140039
0.140024
0.140017
0.140016
0.140017
0.140018
0.14002
0.140022
0.140024
0.140026
0.140028
0.140029
0.140031
0.140031
0.140032
0.140031
0.140031
0.14003
0.140029
0.140027
0.140026
0.140024
0.140022
0.14002
0.140018
0.140015
0.140013
0.140011
0.14001
0.14001
0.140011
0.140014
0.140078
0.140074
0.140066
0.140055
0.14004
0.14002
0.140006
0.140036
0.140064
0.14009
0.14011
0.140124
0.140136
0.140145
0.140153
0.140159
0.140165
0.14017
0.140175
0.140179
0.140184
0.140189
0.140194
0.1402
0.140207
0.140214
0.14022
0.140227
0.140234
0.14024
0.140247
0.140253
0.140259
0.140266
0.140272
0.140278
0.140285
0.140292
0.140298
0.140072
0.140072
0.140071
0.140066
0.14006
0.140051
0.14004
0.140026
0.140013
0.140016
0.140019
0.140023
0.140026
0.14003
0.140033
0.140037
0.14004
0.140042
0.140045
0.140047
0.140048
0.140049
0.14005
0.140051
0.140051
0.140051
0.14005
0.14005
0.140048
0.140048
0.140046
0.140045
0.140043
0.140041
0.140038
0.140035
0.140032
0.140029
0.140027
0.140069
0.140065
0.140058
0.140047
0.140032
0.140013
0.140007
0.140043
0.140072
0.140098
0.140116
0.14013
0.140141
0.140151
0.14016
0.140169
0.140176
0.140183
0.140189
0.140195
0.140201
0.140208
0.140215
0.140223
0.140232
0.140241
0.14025
0.140259
0.140267
0.140276
0.140284
0.140293
0.140301
0.140309
0.140317
0.140325
0.140334
0.140343
0.140352
0.140061
0.140062
0.14006
0.140055
0.140048
0.14004
0.140028
0.140015
0.140006
0.140018
0.140025
0.140031
0.140037
0.140042
0.140047
0.140051
0.140055
0.140058
0.140062
0.140064
0.140067
0.140069
0.14007
0.140071
0.140072
0.140072
0.140073
0.140072
0.140072
0.140072
0.140071
0.14007
0.140068
0.140067
0.140065
0.140062
0.140059
0.140055
0.140049
0.140059
0.140056
0.140049
0.140039
0.140025
0.140008
0.140012
0.140047
0.140075
0.1401
0.140118
0.140134
0.140149
0.140162
0.140175
0.140185
0.140195
0.140204
0.140212
0.140219
0.140227
0.140235
0.140243
0.140252
0.140262
0.140272
0.140281
0.14029
0.140299
0.140308
0.140316
0.140325
0.140333
0.140341
0.140349
0.140358
0.140367
0.140377
0.140386
0.14005
0.14005
0.140048
0.140043
0.140037
0.140028
0.140017
0.140007
0.140005
0.140021
0.140031
0.140039
0.140047
0.140053
0.140059
0.140065
0.14007
0.140074
0.140078
0.140082
0.140085
0.140088
0.14009
0.140092
0.140093
0.140095
0.140096
0.140097
0.140098
0.140099
0.140099
0.1401
0.140101
0.140101
0.140102
0.140102
0.140102
0.140102
0.140101
0.140048
0.140045
0.140039
0.14003
0.140018
0.140004
0.140015
0.140045
0.140073
0.140099
0.140122
0.140143
0.140162
0.140178
0.140192
0.140203
0.140213
0.140221
0.140228
0.140235
0.140242
0.140248
0.140255
0.140262
0.140269
0.140276
0.140283
0.140289
0.140295
0.1403
0.140306
0.140311
0.140316
0.140321
0.140326
0.140331
0.140337
0.140342
0.140349
0.140037
0.140037
0.140035
0.140031
0.140025
0.140018
0.140008
0.140003
0.140008
0.140022
0.140032
0.140042
0.140052
0.14006
0.140068
0.140075
0.140082
0.140088
0.140094
0.140099
0.140104
0.140108
0.140111
0.140114
0.140116
0.140118
0.14012
0.14012
0.140119
0.140121
0.140122
0.140121
0.14012
0.140119
0.140118
0.140116
0.140114
0.140113
0.140113
0.140036
0.140034
0.140029
0.140022
0.140012
0.140003
0.140016
0.140039
0.140066
0.140099
0.140127
0.140149
0.140165
0.140178
0.140187
0.140193
0.140199
0.140203
0.140206
0.14021
0.140213
0.140215
0.140218
0.140222
0.140226
0.14023
0.140235
0.14024
0.140246
0.140251
0.140258
0.140264
0.140271
0.140278
0.140285
0.140292
0.140301
0.140311
0.140318
0.140023
0.140023
0.140021
0.140018
0.140014
0.140009
0.140002
0.140003
0.140009
0.140016
0.140026
0.140037
0.140048
0.140058
0.140067
0.140075
0.140082
0.140088
0.140094
0.1401
0.140106
0.140112
0.140117
0.140123
0.140129
0.140135
0.140141
0.140148
0.140155
0.14016
0.140166
0.140173
0.14018
0.140188
0.140195
0.140203
0.140211
0.140221
0.14023
0.140023
0.140021
0.140018
0.140013
0.140006
0.140003
0.140014
0.140026
0.140058
0.140091
0.140109
0.140117
0.140122
0.140126
0.14013
0.140134
0.140137
0.140141
0.140144
0.140147
0.140151
0.140156
0.140163
0.140174
0.140187
0.140201
0.140218
0.140235
0.140253
0.140272
0.140291
0.140311
0.140331
0.140352
0.140373
0.140395
0.140418
0.140445
0.140469
0.140008
0.140008
0.140007
0.140006
0.140004
0.140002
0.14
0.140002
0.140005
0.140006
0.140015
0.140031
0.140049
0.140068
0.140086
0.140103
0.140119
0.140134
0.140148
0.140162
0.140173
0.140184
0.140193
0.140201
0.140207
0.140212
0.140216
0.14022
0.140221
0.140223
0.140225
0.140225
0.140226
0.140226
0.140225
0.140226
0.140228
0.140232
0.140234
0.140008
0.140007
0.140006
0.140004
0.140002
0.140001
0.140006
0.140009
0.140034
0.140042
0.140031
0.140029
0.140037
0.14005
0.140066
0.140083
0.140099
0.140114
0.140128
0.140141
0.140153
0.140165
0.140178
0.140192
0.140206
0.14022
0.140234
0.140246
0.140258
0.140269
0.140279
0.140288
0.140297
0.140305
0.140312
0.140319
0.140326
0.140333
0.140338
0.119224
0.131005
0.16089
0.180499
0.187556
0.184012
0.171432
0.152284
0.13132
0.114611
0.10594
0.104218
0.106805
0.111081
0.115544
0.119549
0.122925
0.125701
0.127969
0.12983
0.131381
0.132699
0.133808
0.134729
0.135496
0.136137
0.136675
0.137133
0.137531
0.137878
0.138183
0.13845
0.138683
0.138889
0.139073
0.139237
0.139385
0.139518
0.139637
0.139742
0.13984
0.139935
0.140026
0.140107
0.14017
0.14021
0.140235
0.140247
0.140258
0.140268
0.140276
0.140283
0.140289
0.140292
0.140293
0.140293
0.140291
0.140288
0.140284
0.140279
0.140272
0.140264
0.140253
0.140238
0.14022
0.140199
0.140179
0.140161
0.140144
0.140123
0.140099
0.140074
0.140042
0.140015
0.140025
0.140047
0.1401
0.140112
0.140236
0.140236
0.111342
0.0883423
0.0704103
0.0628974
0.0629181
0.0685265
0.0774594
0.086971
0.095721
0.103315
0.10972
0.115029
0.119377
0.122912
0.125776
0.1281
0.129991
0.131537
0.132809
0.133863
0.134743
0.135484
0.136114
0.136651
0.137109
0.137502
0.137839
0.138131
0.138383
0.138603
0.138794
0.138962
0.139109
0.139238
0.139352
0.139455
0.139552
0.139648
0.139737
0.139819
0.139896
0.139962
0.14001
0.140044
0.140066
0.140081
0.14009
0.140096
0.1401
0.140102
0.140103
0.140101
0.140095
0.140086
0.140071
0.140053
0.140028
0.139991
0.139951
0.139942
0.139954
0.139995
0.140041
0.140074
0.140103
0.140134
0.140164
0.140191
0.14021
0.140224
0.140234
0.140245
0.140265
0.140304
0.14036
0.140392
0.140352
0.140325
0.140486
0.140344
0.146612
0.156677
0.172294
0.192471
0.20286
0.200865
0.188103
0.167466
0.143476
0.122426
0.109546
0.105247
0.10664
0.110531
0.114962
0.119048
0.122518
0.125374
0.127704
0.129611
0.131196
0.132538
0.133665
0.1346
0.135364
0.136001
0.136551
0.137023
0.137431
0.137789
0.138102
0.138377
0.138618
0.138831
0.139021
0.13919
0.139342
0.139479
0.139601
0.13971
0.139811
0.13991
0.140009
0.140095
0.140161
0.140206
0.140232
0.140246
0.140257
0.140267
0.140275
0.140283
0.140291
0.140294
0.140295
0.140295
0.140294
0.140291
0.140287
0.140282
0.140276
0.140268
0.140257
0.140242
0.140224
0.140203
0.140182
0.140164
0.140147
0.140126
0.140101
0.140076
0.140044
0.140015
0.140024
0.140047
0.1401
0.140112
0.14024
0.140237
0.125274
0.0960112
0.0737366
0.0656183
0.0671077
0.0736771
0.0824227
0.0912608
0.0992709
0.106191
0.112019
0.116847
0.120805
0.124027
0.126644
0.128772
0.130508
0.13193
0.1331
0.134068
0.134876
0.135559
0.136152
0.136669
0.137114
0.137497
0.137828
0.138115
0.138364
0.138582
0.138774
0.138941
0.139089
0.139219
0.139334
0.139439
0.139539
0.139637
0.139727
0.139812
0.139892
0.139959
0.140007
0.140041
0.140063
0.140078
0.140088
0.140094
0.140098
0.140101
0.140102
0.1401
0.140094
0.140084
0.14007
0.14005
0.140023
0.139984
0.139947
0.13994
0.139955
0.139998
0.140044
0.140076
0.140106
0.140137
0.140168
0.140194
0.140213
0.140227
0.140237
0.140248
0.140269
0.14031
0.140366
0.140396
0.140355
0.140332
0.140496
0.140347
0.155236
0.172057
0.182573
0.196752
0.210875
0.215129
0.206822
0.187614
0.161715
0.13563
0.116486
0.107551
0.106675
0.109808
0.11412
0.118303
0.121916
0.1249
0.127329
0.129311
0.130949
0.132325
0.133475
0.134415
0.135192
0.135846
0.136411
0.136898
0.13732
0.137689
0.138014
0.138298
0.138547
0.138767
0.138962
0.139141
0.139304
0.139448
0.139576
0.13969
0.139793
0.139895
0.139995
0.140085
0.140155
0.140203
0.140232
0.140246
0.140257
0.140268
0.140277
0.140285
0.140293
0.140297
0.140299
0.140299
0.140297
0.140295
0.140291
0.140286
0.140279
0.140271
0.14026
0.140246
0.140228
0.140206
0.140185
0.140167
0.14015
0.140129
0.140104
0.140078
0.140046
0.140015
0.140023
0.140046
0.140099
0.140112
0.140244
0.14024
0.128093
0.0973804
0.0756463
0.0693604
0.0727568
0.0800105
0.0883219
0.0963124
0.103438
0.109561
0.11471
0.118978
0.122483
0.125346
0.12768
0.129586
0.131147
0.132429
0.133488
0.134366
0.135102
0.135727
0.136272
0.136748
0.137165
0.137531
0.137849
0.138126
0.138369
0.138582
0.138769
0.138934
0.13908
0.139209
0.139324
0.13943
0.139534
0.139634
0.139728
0.139816
0.139896
0.139961
0.140008
0.140041
0.140063
0.140077
0.140087
0.140094
0.140098
0.140101
0.140102
0.1401
0.140094
0.140083
0.140068
0.140048
0.140019
0.139978
0.139943
0.139938
0.139956
0.140002
0.140047
0.140079
0.14011
0.140141
0.140171
0.140198
0.140216
0.14023
0.14024
0.140251
0.140273
0.140316
0.140373
0.1404
0.140358
0.14034
0.140507
0.140351
0.15188
0.174943
0.189367
0.19911
0.211266
0.221648
0.222326
0.210435
0.18752
0.158676
0.131809
0.114265
0.107821
0.108787
0.112707
0.117052
0.120917
0.124126
0.126734
0.128849
0.130581
0.132023
0.13322
0.134182
0.134987
0.135668
0.136255
0.136762
0.1372
0.137584
0.13792
0.138215
0.138477
0.13871
0.138917
0.139103
0.139272
0.139423
0.139555
0.139672
0.139778
0.139881
0.139983
0.140075
0.140149
0.1402
0.140231
0.140248
0.140259
0.14027
0.140279
0.140287
0.140295
0.1403
0.140302
0.140302
0.140301
0.140299
0.140295
0.14029
0.140283
0.140275
0.140264
0.14025
0.140232
0.14021
0.140189
0.140171
0.140153
0.140132
0.140107
0.14008
0.140048
0.140016
0.140021
0.140046
0.140098
0.140111
0.140248
0.140243
0.122551
0.0942328
0.0771739
0.0744064
0.0793662
0.0867085
0.0943166
0.101372
0.107587
0.112907
0.11738
0.121095
0.124155
0.126665
0.128722
0.13041
0.131799
0.132946
0.133897
0.13469
0.135358
0.135931
0.13643
0.136867
0.137251
0.13759
0.137891
0.138156
0.138389
0.138594
0.138776
0.138937
0.13908
0.139208
0.139324
0.139434
0.139541
0.139643
0.139738
0.139826
0.139904
0.139967
0.140012
0.140043
0.140064
0.140078
0.140088
0.140094
0.140099
0.140102
0.140103
0.1401
0.140093
0.140082
0.140066
0.140045
0.140015
0.139973
0.139938
0.139936
0.139957
0.140005
0.14005
0.140082
0.140113
0.140144
0.140175
0.140202
0.14022
0.140233
0.140243
0.140255
0.140278
0.140322
0.14038
0.140405
0.140361
0.140348
0.140518
0.140354
0.140412
0.167352
0.188062
0.201093
0.210032
0.220487
0.228695
0.227554
0.213905
0.189043
0.158534
0.131127
0.114278
0.108989
0.110829
0.115093
0.119357
0.122939
0.12583
0.128158
0.130045
0.131597
0.132878
0.133908
0.134742
0.135458
0.136075
0.136608
0.137068
0.13747
0.137824
0.138138
0.138414
0.138659
0.138874
0.139067
0.139241
0.139397
0.139534
0.139655
0.139763
0.139867
0.13997
0.140065
0.140142
0.140197
0.140231
0.140249
0.140261
0.140272
0.140282
0.14029
0.140298
0.140303
0.140306
0.140306
0.140305
0.140303
0.140299
0.140294
0.140287
0.140279
0.140269
0.140254
0.140236
0.140214
0.140192
0.140174
0.140157
0.140135
0.14011
0.140083
0.140051
0.140016
0.14002
0.140045
0.140097
0.140111
0.140253
0.140246
0.112206
0.0898251
0.0797529
0.0806999
0.0865077
0.0934249
0.100145
0.106231
0.111548
0.116093
0.119919
0.123108
0.125748
0.127925
0.129721
0.131204
0.132431
0.13345
0.1343
0.135014
0.135622
0.136148
0.136606
0.137009
0.137363
0.137679
0.137959
0.138207
0.138428
0.138625
0.1388
0.138956
0.139096
0.139223
0.139339
0.13945
0.139557
0.139659
0.139753
0.13984
0.139916
0.139975
0.140017
0.140046
0.140066
0.14008
0.140089
0.140095
0.1401
0.140103
0.140103
0.1401
0.140093
0.140081
0.140065
0.140042
0.14001
0.139967
0.139934
0.139934
0.139959
0.140009
0.140053
0.140086
0.140117
0.140148
0.140179
0.140206
0.140224
0.140237
0.140246
0.140258
0.140283
0.140329
0.140388
0.140409
0.140364
0.140358
0.14053
0.140357
0.12453
0.151751
0.177371
0.196863
0.209304
0.217742
0.226867
0.233846
0.231988
0.21774
0.192006
0.160485
0.132388
0.115407
0.110397
0.112599
0.117035
0.121217
0.124569
0.127204
0.129312
0.131026
0.132429
0.133561
0.134465
0.135212
0.135863
0.136429
0.136918
0.137342
0.137723
0.138057
0.138348
0.138604
0.138829
0.139028
0.139208
0.13937
0.139512
0.139636
0.139747
0.139852
0.139956
0.140054
0.140135
0.140193
0.140231
0.140251
0.140264
0.140275
0.140284
0.140293
0.140301
0.140307
0.14031
0.14031
0.140309
0.140307
0.140303
0.140298
0.140292
0.140284
0.140273
0.140259
0.14024
0.140218
0.140196
0.140178
0.14016
0.140138
0.140113
0.140085
0.140053
0.140017
0.140018
0.140044
0.140096
0.14011
0.140258
0.14025
0.101458
0.087563
0.0843279
0.0878763
0.0937782
0.0999446
0.105697
0.110827
0.115289
0.119102
0.122322
0.125019
0.127264
0.12913
0.130679
0.131968
0.133041
0.13394
0.134695
0.135337
0.135888
0.136369
0.13679
0.137161
0.13749
0.137783
0.138045
0.138278
0.138486
0.138673
0.13884
0.13899
0.139126
0.139249
0.139364
0.139474
0.139579
0.139679
0.139771
0.139856
0.139928
0.139984
0.140023
0.14005
0.140069
0.140082
0.14009
0.140097
0.140101
0.140104
0.140104
0.1401
0.140093
0.14008
0.140063
0.140039
0.140005
0.139961
0.13993
0.139933
0.139961
0.140013
0.140056
0.140089
0.14012
0.140152
0.140184
0.14021
0.140228
0.14024
0.14025
0.140262
0.140288
0.140336
0.140395
0.140413
0.140367
0.140368
0.140542
0.140359
0.10928
0.131965
0.158605
0.183521
0.2027
0.215199
0.223471
0.231531
0.237848
0.236013
0.222004
0.196197
0.164108
0.135128
0.117327
0.111904
0.114088
0.118603
0.122742
0.125923
0.128352
0.130281
0.131849
0.133116
0.134125
0.134936
0.13562
0.136221
0.136744
0.137203
0.13761
0.137966
0.138274
0.138543
0.138778
0.138985
0.139172
0.139339
0.139486
0.139615
0.13973
0.139836
0.139942
0.140041
0.140126
0.140189
0.14023
0.140252
0.140266
0.140277
0.140287
0.140296
0.140305
0.140311
0.140314
0.140314
0.140314
0.140311
0.140308
0.140303
0.140296
0.140288
0.140278
0.140264
0.140245
0.140223
0.1402
0.140181
0.140164
0.140142
0.140116
0.140088
0.140056
0.140019
0.140017
0.140043
0.140095
0.14011
0.140263
0.140255
0.094709
0.0892519
0.0906998
0.0953522
0.100787
0.106049
0.110838
0.115072
0.118745
0.121891
0.124559
0.126806
0.128691
0.130269
0.13159
0.132698
0.133629
0.134414
0.135082
0.135655
0.136154
0.136591
0.136976
0.137318
0.137623
0.137895
0.138139
0.138357
0.138553
0.13873
0.138889
0.139032
0.139162
0.139282
0.139394
0.139502
0.139605
0.139703
0.139793
0.139874
0.139942
0.139993
0.140029
0.140055
0.140072
0.140084
0.140092
0.140098
0.140103
0.140105
0.140105
0.1401
0.140092
0.140079
0.140061
0.140036
0.139999
0.139955
0.139926
0.139932
0.139963
0.140017
0.14006
0.140093
0.140125
0.140157
0.140188
0.140215
0.140232
0.140244
0.140253
0.140266
0.140294
0.140344
0.140403
0.140418
0.14037
0.14038
0.140556
0.140361
0.0998233
0.113901
0.135974
0.162002
0.186745
0.206283
0.219368
0.227796
0.235005
0.241026
0.239729
0.226598
0.201355
0.169072
0.139085
0.119928
0.113511
0.115329
0.119841
0.123984
0.127061
0.12933
0.131108
0.132543
0.133692
0.134603
0.13534
0.135979
0.136541
0.137042
0.137479
0.137859
0.138187
0.138471
0.138719
0.138936
0.13913
0.139304
0.139457
0.139592
0.13971
0.139819
0.139925
0.140027
0.140116
0.140184
0.140228
0.140254
0.140269
0.14028
0.14029
0.140299
0.140308
0.140315
0.140318
0.140319
0.140318
0.140316
0.140312
0.140307
0.140301
0.140293
0.140283
0.140269
0.14025
0.140228
0.140205
0.140186
0.140168
0.140146
0.140119
0.140091
0.140059
0.140021
0.140016
0.140042
0.140095
0.140109
0.140268
0.140261
0.0940453
0.094369
0.0979402
0.102577
0.107246
0.111581
0.115471
0.118895
0.121867
0.124422
0.1266
0.128447
0.13001
0.13133
0.132444
0.133387
0.134187
0.13487
0.135458
0.135968
0.136416
0.136811
0.137163
0.137477
0.137758
0.13801
0.138237
0.138441
0.138625
0.138792
0.138942
0.139078
0.139203
0.139318
0.139428
0.139533
0.139634
0.139728
0.139815
0.139893
0.139956
0.140003
0.140036
0.14006
0.140076
0.140087
0.140095
0.1401
0.140105
0.140107
0.140106
0.140101
0.140092
0.140078
0.140059
0.140032
0.139993
0.139949
0.139922
0.139931
0.139966
0.140022
0.140064
0.140097
0.140129
0.140161
0.140193
0.140219
0.140236
0.140248
0.140257
0.140271
0.1403
0.140353
0.140412
0.140423
0.140374
0.140393
0.140569
0.140363
0.0981707
0.103336
0.116391
0.137318
0.162698
0.187599
0.207966
0.222068
0.230966
0.237527
0.243495
0.243103
0.231346
0.207193
0.175062
0.144043
0.123154
0.115257
0.116406
0.120834
0.125005
0.128032
0.130179
0.131822
0.133136
0.134184
0.135015
0.1357
0.136302
0.136848
0.137323
0.137733
0.138085
0.138388
0.138651
0.13888
0.139083
0.139264
0.139425
0.139565
0.139688
0.1398
0.139908
0.140012
0.140104
0.140177
0.140226
0.140255
0.140271
0.140283
0.140293
0.140303
0.140312
0.140319
0.140322
0.140324
0.140323
0.140321
0.140317
0.140312
0.140306
0.140298
0.140288
0.140274
0.140255
0.140233
0.14021
0.14019
0.140172
0.14015
0.140123
0.140095
0.140062
0.140023
0.140014
0.140041
0.140094
0.140108
0.140274
0.140267
0.0982835
0.101188
0.10512
0.109169
0.112985
0.116454
0.119545
0.122264
0.124631
0.126675
0.12843
0.129931
0.131211
0.132303
0.133235
0.134031
0.134714
0.135305
0.135819
0.136271
0.136672
0.137029
0.137348
0.137635
0.137894
0.138127
0.138337
0.138527
0.1387
0.138856
0.138998
0.139127
0.139246
0.139357
0.139464
0.139567
0.139664
0.139755
0.139839
0.139912
0.13997
0.140013
0.140044
0.140065
0.14008
0.14009
0.140097
0.140103
0.140107
0.140108
0.140106
0.140101
0.140091
0.140076
0.140056
0.140027
0.139987
0.139943
0.139919
0.139931
0.13997
0.140027
0.140068
0.140101
0.140134
0.140166
0.140198
0.140224
0.140241
0.140252
0.140261
0.140276
0.140307
0.140362
0.14042
0.140427
0.140378
0.140407
0.140584
0.140363
0.102239
0.101759
0.105902
0.117361
0.136702
0.16126
0.186424
0.207908
0.22337
0.233043
0.239195
0.245179
0.245901
0.235915
0.213336
0.181746
0.149813
0.126976
0.117223
0.117387
0.121616
0.125835
0.128864
0.130926
0.132447
0.13365
0.134609
0.135378
0.136026
0.136616
0.137135
0.137582
0.137964
0.13829
0.138571
0.138815
0.139029
0.139219
0.139387
0.139535
0.139663
0.139779
0.139888
0.139994
0.140091
0.140168
0.140223
0.140256
0.140274
0.140286
0.140297
0.140306
0.140315
0.140323
0.140327
0.140328
0.140328
0.140326
0.140323
0.140318
0.140312
0.140304
0.140294
0.14028
0.140261
0.140238
0.140215
0.140195
0.140176
0.140154
0.140127
0.140098
0.140065
0.140025
0.140013
0.14004
0.140093
0.140106
0.140279
0.140274
0.1048
0.108175
0.111642
0.114924
0.117931
0.12064
0.12305
0.125174
0.127032
0.128646
0.130044
0.131251
0.13229
0.133186
0.133958
0.134626
0.135208
0.135716
0.136166
0.136565
0.136922
0.137242
0.137531
0.137793
0.138029
0.138244
0.138438
0.138615
0.138776
0.138922
0.139055
0.139178
0.139291
0.139399
0.139502
0.139602
0.139696
0.139784
0.139863
0.139931
0.139985
0.140024
0.140051
0.14007
0.140084
0.140093
0.1401
0.140105
0.140109
0.14011
0.140107
0.140101
0.14009
0.140075
0.140053
0.140022
0.13998
0.139936
0.139916
0.139932
0.139975
0.140032
0.140073
0.140106
0.140139
0.140172
0.140204
0.14023
0.140245
0.140256
0.140265
0.140281
0.140315
0.140371
0.140429
0.140432
0.140382
0.140422
0.140599
0.140363
0.108637
0.10608
0.105047
0.107913
0.117413
0.134759
0.158169
0.183479
0.206187
0.223279
0.23416
0.241003
0.246764
0.248395
0.240263
0.219568
0.18888
0.156237
0.131384
0.119473
0.118363
0.122239
0.126498
0.129575
0.131585
0.133
0.134101
0.134985
0.135703
0.136341
0.136909
0.137401
0.137819
0.138175
0.138478
0.138739
0.138966
0.139166
0.139344
0.1395
0.139635
0.139755
0.139867
0.139975
0.140075
0.140158
0.140219
0.140256
0.140276
0.140289
0.1403
0.14031
0.140319
0.140327
0.140332
0.140334
0.140333
0.140332
0.140328
0.140323
0.140317
0.140309
0.140299
0.140285
0.140267
0.140244
0.14022
0.140199
0.140181
0.140158
0.140131
0.140102
0.140069
0.140028
0.140012
0.140038
0.140092
0.140105
0.140285
0.140281
0.111536
0.114473
0.117239
0.11978
0.122087
0.124159
0.126007
0.127644
0.129084
0.130346
0.131449
0.13241
0.133247
0.133977
0.134615
0.135174
0.135666
0.136104
0.136495
0.136846
0.137163
0.13745
0.137711
0.137948
0.138164
0.13836
0.138539
0.138703
0.138852
0.138989
0.139114
0.13923
0.139339
0.139443
0.139543
0.139639
0.139729
0.139813
0.139888
0.139951
0.139999
0.140034
0.140059
0.140076
0.140088
0.140097
0.140103
0.140108
0.140111
0.140111
0.140108
0.140101
0.14009
0.140073
0.14005
0.140017
0.139973
0.13993
0.139913
0.139934
0.139981
0.140037
0.140077
0.140111
0.140144
0.140177
0.140209
0.140235
0.14025
0.14026
0.14027
0.140287
0.140323
0.140382
0.140438
0.140437
0.140387
0.140439
0.140614
0.140363
0.115057
0.112404
0.109771
0.108185
0.109716
0.117072
0.132064
0.153891
0.179031
0.202903
0.221874
0.234598
0.242488
0.248066
0.250523
0.24429
0.225714
0.196262
0.163183
0.136351
0.122078
0.1194
0.122744
0.127024
0.13018
0.132169
0.133495
0.134503
0.135318
0.136015
0.136638
0.137182
0.137645
0.138037
0.138368
0.13865
0.138894
0.139107
0.139294
0.139459
0.139603
0.139728
0.139843
0.139954
0.140057
0.140146
0.140212
0.140255
0.140279
0.140293
0.140304
0.140314
0.140323
0.140331
0.140337
0.140339
0.140339
0.140337
0.140334
0.140329
0.140323
0.140315
0.140305
0.140292
0.140273
0.14025
0.140226
0.140205
0.140186
0.140163
0.140136
0.140106
0.140073
0.140031
0.140012
0.140037
0.14009
0.140103
0.140291
0.14029
0.117486
0.119768
0.121862
0.123772
0.125504
0.127065
0.128463
0.129709
0.130815
0.131794
0.132657
0.133418
0.134089
0.134682
0.135207
0.135674
0.136091
0.136467
0.136807
0.137115
0.137396
0.137652
0.137886
0.1381
0.138296
0.138476
0.13864
0.138791
0.13893
0.139057
0.139174
0.139284
0.139388
0.139488
0.139585
0.139677
0.139764
0.139843
0.139913
0.13997
0.140013
0.140045
0.140067
0.140082
0.140093
0.140101
0.140107
0.140111
0.140113
0.140113
0.140109
0.140101
0.140089
0.140071
0.140046
0.14001
0.139965
0.139924
0.139911
0.139936
0.139987
0.140043
0.140082
0.140116
0.14015
0.140183
0.140215
0.140241
0.140255
0.140265
0.140275
0.140293
0.140331
0.140393
0.140448
0.140441
0.140392
0.140458
0.14063
0.140361
0.120535
0.118431
0.115958
0.113315
0.111271
0.111557
0.116753
0.129133
0.148901
0.173402
0.198215
0.219175
0.23407
0.243323
0.248868
0.252107
0.247807
0.231562
0.203693
0.170511
0.141847
0.125084
0.120568
0.123184
0.127431
0.130687
0.132688
0.133943
0.134864
0.135627
0.136313
0.136917
0.137435
0.137871
0.138237
0.138545
0.138809
0.139037
0.139237
0.139413
0.139565
0.139698
0.139817
0.13993
0.140037
0.140131
0.140204
0.140253
0.140281
0.140296
0.140308
0.140318
0.140328
0.140336
0.140342
0.140345
0.140345
0.140343
0.14034
0.140336
0.140329
0.140322
0.140312
0.140298
0.14028
0.140257
0.140232
0.14021
0.140191
0.140168
0.140141
0.14011
0.140076
0.140034
0.140012
0.140035
0.140089
0.140101
0.140297
0.140298
0.122356
0.124039
0.125579
0.126986
0.128267
0.129428
0.130476
0.131417
0.13226
0.133014
0.133687
0.134288
0.134825
0.135306
0.135739
0.136129
0.136483
0.136805
0.1371
0.13737
0.137618
0.137846
0.138055
0.138248
0.138426
0.138589
0.13874
0.138879
0.139007
0.139125
0.139235
0.139339
0.139439
0.139535
0.139628
0.139716
0.139798
0.139873
0.139937
0.139989
0.140027
0.140055
0.140074
0.140088
0.140098
0.140105
0.14011
0.140114
0.140116
0.140115
0.14011
0.140101
0.140088
0.140068
0.140041
0.140004
0.139957
0.139917
0.13991
0.13994
0.139995
0.140049
0.140087
0.140121
0.140156
0.140189
0.140222
0.140246
0.14026
0.14027
0.14028
0.1403
0.140341
0.140404
0.140457
0.140446
0.140397
0.140478
0.140646
0.140357
0.124884
0.123367
0.121515
0.119264
0.116702
0.114346
0.113578
0.116744
0.1264
0.143677
0.166967
0.192292
0.215128
0.232357
0.243275
0.249335
0.253198
0.250709
0.23691
0.210943
0.178043
0.147795
0.128514
0.121935
0.123608
0.127739
0.131103
0.133147
0.13435
0.135197
0.135924
0.136592
0.137177
0.137669
0.138079
0.138421
0.13871
0.138957
0.139171
0.139359
0.139522
0.139663
0.139788
0.139904
0.140015
0.140114
0.140194
0.140249
0.140282
0.1403
0.140312
0.140322
0.140332
0.140341
0.140347
0.140351
0.140351
0.14035
0.140347
0.140342
0.140336
0.140328
0.140318
0.140305
0.140287
0.140263
0.140238
0.140216
0.140197
0.140174
0.140146
0.140115
0.140081
0.140037
0.140012
0.140033
0.140088
0.140099
0.140302
0.140308
0.126189
0.127399
0.128511
0.129535
0.130473
0.131329
0.132109
0.132817
0.133458
0.134038
0.134562
0.135037
0.135467
0.135859
0.136216
0.136543
0.136843
0.13712
0.137375
0.137611
0.137829
0.138031
0.138218
0.138392
0.138552
0.1387
0.138838
0.138965
0.139083
0.139193
0.139297
0.139396
0.139491
0.139584
0.139672
0.139756
0.139834
0.139903
0.139961
0.140007
0.140041
0.140065
0.140082
0.140094
0.140103
0.140109
0.140114
0.140117
0.140118
0.140117
0.140111
0.140101
0.140086
0.140065
0.140036
0.139996
0.139949
0.139911
0.13991
0.139944
0.140003
0.140055
0.140093
0.140127
0.140162
0.140196
0.140228
0.140252
0.140265
0.140274
0.140285
0.140307
0.140352
0.140417
0.140467
0.140451
0.140403
0.140501
0.140663
0.140353
0.128222
0.127164
0.125878
0.124283
0.122289
0.119894
0.117404
0.115832
0.117217
0.124197
0.13866
0.160129
0.18537
0.209759
0.229351
0.24235
0.249881
0.254169
0.253185
0.241762
0.217899
0.185637
0.154102
0.132355
0.123536
0.124045
0.127953
0.131429
0.133548
0.134727
0.135523
0.136219
0.136861
0.137419
0.137886
0.138271
0.138592
0.138863
0.139095
0.139296
0.139472
0.139623
0.139755
0.139876
0.139989
0.140094
0.140181
0.140244
0.140282
0.140303
0.140316
0.140327
0.140337
0.140346
0.140353
0.140357
0.140358
0.140356
0.140354
0.140349
0.140343
0.140335
0.140326
0.140312
0.140294
0.140271
0.140245
0.140222
0.140203
0.14018
0.140152
0.140119
0.140085
0.140041
0.140013
0.140031
0.140086
0.140096
0.140308
0.140318
0.12914
0.13
0.130797
0.131535
0.132218
0.132848
0.133428
0.133959
0.134447
0.134894
0.135305
0.135681
0.136028
0.136348
0.136644
0.136919
0.137174
0.137411
0.137632
0.137838
0.13803
0.138208
0.138375
0.13853
0.138675
0.138809
0.138934
0.139051
0.13916
0.139262
0.13936
0.139454
0.139545
0.139633
0.139717
0.139796
0.139869
0.139932
0.139984
0.140024
0.140053
0.140074
0.140089
0.1401
0.140108
0.140114
0.140118
0.140121
0.140121
0.140118
0.140111
0.1401
0.140084
0.140062
0.14003
0.139988
0.139941
0.139906
0.139911
0.139951
0.140011
0.140062
0.140099
0.140134
0.140169
0.140203
0.140235
0.140259
0.140271
0.14028
0.140291
0.140315
0.140363
0.14043
0.140477
0.140455
0.14041
0.140525
0.140679
0.140347
0.130745
0.130014
0.129138
0.128067
0.126723
0.125004
0.122844
0.120383
0.118281
0.118217
0.122723
0.134214
0.153306
0.177766
0.203205
0.225061
0.240599
0.249941
0.254722
0.255124
0.246048
0.224481
0.193212
0.16073
0.136644
0.125466
0.124591
0.128133
0.131673
0.133862
0.135038
0.13581
0.136491
0.137117
0.137652
0.13809
0.13845
0.13875
0.139005
0.139224
0.139413
0.139576
0.139717
0.139843
0.139961
0.14007
0.140164
0.140235
0.140281
0.140306
0.140321
0.140331
0.140342
0.140351
0.140358
0.140363
0.140364
0.140363
0.140361
0.140356
0.14035
0.140343
0.140333
0.14032
0.140302
0.140279
0.140252
0.140229
0.140209
0.140186
0.140157
0.140125
0.14009
0.140046
0.140014
0.140029
0.140085
0.140093
0.140313
0.140329
0.131388
0.131997
0.132566
0.133098
0.133596
0.13406
0.134492
0.134893
0.135266
0.135614
0.135937
0.136238
0.136519
0.136782
0.137029
0.13726
0.137477
0.13768
0.137871
0.138051
0.138219
0.138377
0.138525
0.138663
0.138793
0.138915
0.139028
0.139135
0.139235
0.139331
0.139424
0.139513
0.1396
0.139683
0.139763
0.139836
0.139903
0.13996
0.140005
0.14004
0.140066
0.140084
0.140097
0.140106
0.140113
0.140118
0.140122
0.140124
0.140123
0.140119
0.140112
0.140099
0.140082
0.140057
0.140023
0.139979
0.139932
0.139902
0.139913
0.139959
0.140019
0.140068
0.140106
0.140141
0.140176
0.140211
0.140243
0.140265
0.140277
0.140285
0.140297
0.140324
0.140375
0.140444
0.140487
0.14046
0.140418
0.140552
0.140696
0.140339
0.132641
0.132133
0.131534
0.130816
0.129938
0.128829
0.127386
0.125501
0.123188
0.120847
0.1197
0.122054
0.130601
0.146913
0.169927
0.195845
0.219771
0.237987
0.249348
0.2547
0.256283
0.249452
0.230321
0.200377
0.167296
0.141055
0.1275
0.125192
0.128394
0.132046
0.134299
0.135411
0.13609
0.136722
0.137335
0.137862
0.138283
0.138619
0.138899
0.139139
0.139345
0.139522
0.139674
0.139807
0.13993
0.140044
0.140145
0.140224
0.140277
0.140308
0.140325
0.140336
0.140347
0.140356
0.140364
0.140369
0.140371
0.140371
0.140368
0.140364
0.140358
0.14035
0.140341
0.140328
0.14031
0.140287
0.14026
0.140236
0.140216
0.140192
0.140164
0.14013
0.140095
0.14005
0.140016
0.140028
0.140083
0.14009
0.140318
0.14034
0.133092
0.133524
0.133932
0.134318
0.134683
0.135028
0.135353
0.135659
0.135948
0.13622
0.136478
0.136721
0.13695
0.137168
0.137374
0.137569
0.137754
0.137928
0.138094
0.13825
0.138397
0.138536
0.138668
0.138791
0.138907
0.139017
0.13912
0.139218
0.139311
0.139401
0.139488
0.139573
0.139655
0.139734
0.139808
0.139876
0.139936
0.139986
0.140026
0.140056
0.140077
0.140093
0.140104
0.140112
0.140118
0.140123
0.140126
0.140127
0.140126
0.140121
0.140112
0.140098
0.140079
0.140052
0.140015
0.13997
0.139924
0.139899
0.139917
0.139969
0.140028
0.140076
0.140113
0.140148
0.140184
0.140219
0.14025
0.140272
0.140283
0.140291
0.140304
0.140334
0.140389
0.140459
0.140498
0.140464
0.140427
0.140581
0.140711
0.140329
0.134085
0.133731
0.133319
0.132833
0.132254
0.131547
0.130655
0.129481
0.127901
0.125844
0.123484
0.121624
0.122158
0.12778
0.140787
0.161407
0.186927
0.212615
0.233868
0.248015
0.255461
0.258006
0.253127
0.236557
0.208354
0.174948
0.146276
0.129555
0.125038
0.127686
0.131791
0.13457
0.135886
0.136509
0.137011
0.137545
0.138044
0.138455
0.138779
0.139042
0.139265
0.139458
0.139623
0.139766
0.139895
0.140014
0.140121
0.140209
0.140272
0.140309
0.140329
0.140342
0.140352
0.140362
0.14037
0.140376
0.140379
0.140379
0.140376
0.140372
0.140366
0.140359
0.140349
0.140336
0.140319
0.140296
0.140268
0.140244
0.140223
0.140199
0.140171
0.140137
0.140101
0.140055
0.140018
0.140026
0.140081
0.140088
0.140324
0.140353
0.134403
0.134711
0.135006
0.135288
0.135558
0.135817
0.136064
0.1363
0.136525
0.136741
0.136948
0.137145
0.137334
0.137514
0.137686
0.137851
0.138008
0.138158
0.138301
0.138436
0.138565
0.138688
0.138804
0.138914
0.139018
0.139116
0.13921
0.1393
0.139387
0.139471
0.139553
0.139633
0.13971
0.139784
0.139853
0.139914
0.139968
0.140011
0.140045
0.14007
0.140088
0.140101
0.140111
0.140118
0.140123
0.140127
0.14013
0.14013
0.140128
0.140121
0.140111
0.140096
0.140075
0.140046
0.140006
0.13996
0.139916
0.139897
0.139923
0.139979
0.140037
0.140083
0.14012
0.140156
0.140192
0.140227
0.140258
0.140279
0.140289
0.140297
0.140312
0.140345
0.140404
0.140474
0.140508
0.140468
0.140437
0.140612
0.140726
0.140317
0.1354
0.135166
0.134897
0.134586
0.134221
0.13379
0.13327
0.132622
0.131778
0.130636
0.129087
0.127137
0.125147
0.124194
0.126311
0.133882
0.148484
0.169621
0.194375
0.218394
0.23776
0.250607
0.255988
0.255124
0.244717
0.223002
0.193197
0.162995
0.140384
0.12908
0.127207
0.130046
0.133458
0.135679
0.136762
0.137306
0.137732
0.138159
0.138553
0.138882
0.139146
0.139363
0.139547
0.139705
0.139844
0.13997
0.140086
0.140185
0.140259
0.140307
0.140333
0.140348
0.140359
0.140369
0.140378
0.140384
0.140388
0.140388
0.140386
0.140382
0.140376
0.140369
0.140359
0.140347
0.14033
0.140307
0.140279
0.140254
0.140232
0.140208
0.140179
0.140144
0.140107
0.140061
0.140021
0.140024
0.140079
0.140085
0.140328
0.140365
0.135613
0.135823
0.136026
0.136223
0.136415
0.136601
0.136781
0.136957
0.137126
0.137291
0.13745
0.137604
0.137753
0.137897
0.138036
0.138169
0.138298
0.138421
0.13854
0.138653
0.138762
0.138866
0.138965
0.13906
0.139151
0.139238
0.139322
0.139403
0.139482
0.13956
0.139636
0.139709
0.13978
0.139846
0.139907
0.13996
0.140004
0.14004
0.140067
0.140087
0.140101
0.140112
0.140119
0.140125
0.14013
0.140133
0.140135
0.140134
0.14013
0.140122
0.14011
0.140093
0.140069
0.140037
0.139994
0.139947
0.139908
0.139897
0.139932
0.139992
0.140049
0.140093
0.14013
0.140166
0.140203
0.140237
0.140268
0.140287
0.140296
0.140305
0.140322
0.140359
0.140422
0.140492
0.140519
0.140472
0.14045
0.140649
0.140742
0.140303
0.136546
0.136398
0.136232
0.136044
0.135828
0.135579
0.135289
0.134949
0.134539
0.134021
0.133321
0.132319
0.130882
0.129
0.12705
0.126108
0.128202
0.135621
0.149847
0.170427
0.194609
0.218293
0.237544
0.250287
0.255152
0.252419
0.239463
0.216086
0.186738
0.158966
0.139357
0.130133
0.128994
0.13166
0.134644
0.136542
0.137448
0.137898
0.138255
0.138612
0.138942
0.139216
0.139436
0.139617
0.139772
0.13991
0.140036
0.140147
0.140237
0.140299
0.140336
0.140355
0.140367
0.140377
0.140387
0.140394
0.140399
0.1404
0.140399
0.140395
0.140389
0.140381
0.140372
0.14036
0.140343
0.14032
0.140291
0.140265
0.140243
0.140218
0.140189
0.140153
0.140115
0.140068
0.140024
0.140022
0.140076
0.140082
0.140332
0.140379
0.136682
0.136818
0.136952
0.137084
0.137214
0.137343
0.13747
0.137594
0.137717
0.137837
0.137955
0.13807
0.138183
0.138293
0.1384
0.138504
0.138605
0.138703
0.138797
0.138889
0.138977
0.139063
0.139145
0.139225
0.139303
0.139378
0.139452
0.139525
0.139596
0.139666
0.139734
0.139799
0.13986
0.139916
0.139966
0.140009
0.140043
0.14007
0.14009
0.140105
0.140115
0.140123
0.14013
0.140134
0.140138
0.14014
0.14014
0.140137
0.140131
0.140122
0.140107
0.140087
0.14006
0.140023
0.139978
0.139932
0.1399
0.139902
0.139947
0.140009
0.140062
0.140105
0.140142
0.140179
0.140216
0.14025
0.14028
0.140297
0.140305
0.140314
0.140334
0.140377
0.140445
0.140513
0.14053
0.140476
0.140469
0.140692
0.140756
0.140284
0.137362
0.137264
0.137156
0.137034
0.136898
0.136744
0.13657
0.136371
0.136143
0.135879
0.13556
0.13514
0.134523
0.133554
0.132094
0.130139
0.128141
0.127251
0.129562
0.137333
0.151904
0.172665
0.196843
0.220375
0.239293
0.250997
0.254289
0.248729
0.23262
0.207384
0.178543
0.153357
0.137047
0.130405
0.130551
0.133354
0.135939
0.137409
0.138055
0.138393
0.138696
0.139006
0.139283
0.139507
0.139687
0.13984
0.139976
0.1401
0.140205
0.140284
0.140334
0.140361
0.140376
0.140386
0.140396
0.140405
0.14041
0.140412
0.140411
0.140408
0.140402
0.140395
0.140385
0.140373
0.140357
0.140334
0.140305
0.140278
0.140254
0.140229
0.140199
0.140163
0.140124
0.140076
0.140029
0.14002
0.140073
0.14008
0.140336
0.140393
0.137454
0.137546
0.137638
0.137731
0.137823
0.137915
0.138006
0.138097
0.138187
0.138277
0.138365
0.138452
0.138539
0.138623
0.138706
0.138788
0.138868
0.138946
0.139022
0.139096
0.139169
0.13924
0.13931
0.139378
0.139445
0.139512
0.139577
0.139642
0.139706
0.139767
0.139827
0.139882
0.139934
0.139979
0.140018
0.14005
0.140076
0.140095
0.14011
0.14012
0.140129
0.140135
0.140139
0.140143
0.140145
0.140146
0.140145
0.14014
0.140132
0.14012
0.140103
0.14008
0.140048
0.140007
0.139961
0.139918
0.139895
0.139911
0.139966
0.140026
0.140077
0.140118
0.140155
0.140193
0.14023
0.140264
0.140291
0.140307
0.140314
0.140325
0.140348
0.140397
0.140469
0.140535
0.140541
0.140481
0.140495
0.140737
0.140767
0.140262
0.137962
0.137894
0.137818
0.137735
0.137643
0.13754
0.137426
0.137297
0.137153
0.13699
0.136809
0.1366
0.136345
0.135984
0.135404
0.134442
0.132955
0.130968
0.129012
0.12833
0.1311
0.13955
0.154882
0.176278
0.200754
0.223961
0.241809
0.251371
0.252136
0.243198
0.223909
0.197202
0.169406
0.147287
0.134638
0.130773
0.132215
0.135043
0.137124
0.138133
0.138545
0.138806
0.139078
0.139348
0.139576
0.139758
0.13991
0.140044
0.140163
0.140259
0.140325
0.140364
0.140384
0.140396
0.140406
0.140415
0.140422
0.140425
0.140425
0.140422
0.140416
0.140409
0.140399
0.140387
0.140371
0.140348
0.140319
0.140291
0.140266
0.14024
0.14021
0.140173
0.140133
0.140084
0.140034
0.14002
0.14007
0.140077
0.140339
0.140407
0.138027
0.138093
0.13816
0.138227
0.138294
0.138361
0.138429
0.138497
0.138565
0.138633
0.1387
0.138767
0.138834
0.1389
0.138965
0.13903
0.139094
0.139157
0.139219
0.139281
0.139342
0.139402
0.139462
0.139521
0.13958
0.139639
0.139696
0.139753
0.139809
0.139861
0.139911
0.139957
0.139997
0.140033
0.140062
0.140085
0.140103
0.140117
0.140127
0.140135
0.140141
0.140145
0.140149
0.140151
0.140152
0.140151
0.140148
0.140142
0.140131
0.140117
0.140096
0.140069
0.140033
0.13999
0.139943
0.139906
0.139895
0.139926
0.139986
0.140044
0.140091
0.140132
0.140169
0.140208
0.140244
0.140278
0.140304
0.140317
0.140324
0.140336
0.140365
0.14042
0.140495
0.140557
0.14055
0.140486
0.140528
0.140784
0.140773
0.140237
0.138421
0.138371
0.138316
0.138256
0.13819
0.138117
0.138037
0.137947
0.137847
0.137736
0.137613
0.137477
0.137328
0.137162
0.136953
0.136637
0.136081
0.13512
0.133609
0.131609
0.129748
0.129391
0.132873
0.142396
0.158956
0.181347
0.206104
0.228443
0.244339
0.250788
0.248303
0.235564
0.21318
0.185586
0.15971
0.141447
0.132827
0.131731
0.134093
0.136627
0.138097
0.138689
0.13894
0.139163
0.139408
0.139635
0.139821
0.139975
0.140109
0.140222
0.140307
0.140362
0.140391
0.140406
0.140416
0.140426
0.140433
0.140438
0.140438
0.140436
0.140431
0.140423
0.140414
0.140402
0.140386
0.140364
0.140335
0.140306
0.14028
0.140253
0.140222
0.140184
0.140143
0.140093
0.140041
0.140019
0.140067
0.140074
0.140341
0.140421
0.138469
0.138517
0.138567
0.138616
0.138667
0.138718
0.138769
0.138821
0.138873
0.138925
0.138977
0.13903
0.139082
0.139135
0.139187
0.139239
0.139291
0.139343
0.139395
0.139447
0.139499
0.139551
0.139603
0.139655
0.139707
0.139757
0.139807
0.139856
0.139902
0.139945
0.139985
0.14002
0.140051
0.140076
0.140097
0.140113
0.140125
0.140135
0.140142
0.140148
0.140152
0.140155
0.140158
0.140159
0.140159
0.140156
0.14015
0.140141
0.140129
0.140111
0.140087
0.140055
0.140015
0.13997
0.139926
0.139897
0.139901
0.139946
0.140007
0.140062
0.140107
0.140147
0.140185
0.140223
0.14026
0.140292
0.140316
0.140327
0.140334
0.140349
0.140384
0.140445
0.140524
0.140578
0.140558
0.140494
0.140569
0.140834
0.140775
0.140209
0.138782
0.138744
0.138703
0.138658
0.138609
0.138555
0.138496
0.138431
0.138359
0.138279
0.13819
0.138091
0.137982
0.137866
0.137744
0.137612
0.137441
0.137156
0.136611
0.13563
0.134074
0.132058
0.130346
0.130517
0.135067
0.146148
0.164384
0.18792
0.212631
0.233301
0.246201
0.24933
0.242744
0.225689
0.200465
0.172991
0.150266
0.13671
0.132167
0.13327
0.135938
0.137897
0.138791
0.13911
0.139302
0.139513
0.139722
0.139899
0.140046
0.140173
0.140276
0.14035
0.140393
0.140415
0.140427
0.140437
0.140445
0.140451
0.140453
0.140451
0.140446
0.140439
0.140429
0.140417
0.140402
0.14038
0.140351
0.140321
0.140294
0.140266
0.140235
0.140196
0.140154
0.140103
0.140048
0.140019
0.140064
0.14007
0.140342
0.140434
0.138818
0.138854
0.138892
0.13893
0.138968
0.139007
0.139047
0.139087
0.139128
0.139169
0.139211
0.139253
0.139295
0.139337
0.13938
0.139424
0.139467
0.139511
0.139555
0.1396
0.139645
0.13969
0.139735
0.139779
0.139823
0.139866
0.139908
0.139947
0.139984
0.140017
0.140047
0.140072
0.140094
0.140111
0.140125
0.140136
0.140144
0.140151
0.140156
0.14016
0.140163
0.140165
0.140166
0.140166
0.140163
0.140159
0.140151
0.140139
0.140123
0.140102
0.140074
0.140038
0.139995
0.139949
0.139911
0.139894
0.139915
0.139968
0.140028
0.14008
0.140124
0.140163
0.140202
0.14024
0.140277
0.140307
0.140328
0.140338
0.140346
0.140365
0.140406
0.140474
0.140554
0.140598
0.140565
0.140504
0.140618
0.140883
0.140771
0.140175
0.139071
0.139042
0.139011
0.138977
0.138939
0.138899
0.138854
0.138805
0.138752
0.138692
0.138626
0.138553
0.138471
0.138381
0.138283
0.138182
0.138082
0.137979
0.137837
0.137568
0.137012
0.135978
0.134345
0.132322
0.130867
0.131867
0.137971
0.151153
0.171407
0.19595
0.219886
0.238103
0.247027
0.246079
0.234637
0.213227
0.186157
0.160486
0.142373
0.133948
0.132981
0.135234
0.137481
0.138665
0.139094
0.139301
0.139525
0.139764
0.139966
0.140121
0.14024
0.14033
0.140389
0.140422
0.140438
0.140448
0.140457
0.140464
0.140467
0.140466
0.140462
0.140455
0.140445
0.140433
0.140418
0.140397
0.140368
0.140338
0.14031
0.14028
0.140248
0.140209
0.140165
0.140113
0.140056
0.14002
0.14006
0.140067
0.140343
0.140447
0.139099
0.139128
0.139157
0.139187
0.139217
0.139248
0.139279
0.139311
0.139344
0.139377
0.139411
0.139446
0.139481
0.139516
0.139552
0.139589
0.139626
0.139663
0.139701
0.139739
0.139778
0.139816
0.139854
0.139891
0.139927
0.139961
0.139993
0.140023
0.140051
0.140075
0.140095
0.140113
0.140127
0.140138
0.140147
0.140154
0.14016
0.140164
0.140168
0.140171
0.140172
0.140173
0.140173
0.140171
0.140167
0.14016
0.140149
0.140135
0.140115
0.14009
0.140057
0.140017
0.139972
0.139929
0.1399
0.139898
0.139935
0.139993
0.14005
0.140099
0.140141
0.140181
0.14022
0.140259
0.140294
0.140322
0.140341
0.140349
0.140358
0.140382
0.140431
0.140506
0.140585
0.140617
0.140569
0.140517
0.140676
0.140933
0.140759
0.140142
0.139315
0.139292
0.139268
0.139241
0.139212
0.13918
0.139146
0.139109
0.139068
0.139023
0.138973
0.138918
0.138857
0.138789
0.138713
0.138629
0.13854
0.138453
0.138372
0.138292
0.138171
0.137901
0.137303
0.136175
0.134433
0.132447
0.131445
0.133727
0.142011
0.157843
0.180217
0.205256
0.227341
0.24179
0.245749
0.239489
0.222474
0.1973
0.170299
0.148698
0.136675
0.133519
0.135262
0.1378
0.13924
0.139617
0.139607
0.139648
0.139809
0.140006
0.140173
0.140294
0.140375
0.140423
0.140447
0.140461
0.14047
0.140478
0.140483
0.140483
0.14048
0.140473
0.140464
0.140452
0.140437
0.140416
0.140388
0.140357
0.140328
0.140297
0.140264
0.140224
0.140179
0.140126
0.140067
0.140022
0.140056
0.140062
0.140339
0.14046
0.139338
0.13936
0.139383
0.139407
0.139432
0.139457
0.139482
0.139509
0.139535
0.139563
0.139591
0.13962
0.139649
0.139679
0.139709
0.13974
0.139772
0.139803
0.139835
0.139866
0.139898
0.139929
0.139959
0.139988
0.140015
0.140041
0.140064
0.140086
0.140104
0.14012
0.140134
0.140145
0.140154
0.140161
0.140166
0.140171
0.140174
0.140177
0.140179
0.140181
0.140181
0.140181
0.140179
0.140174
0.140168
0.140158
0.140144
0.140126
0.140103
0.140073
0.140036
0.139993
0.139949
0.139913
0.139896
0.139912
0.13996
0.140019
0.140073
0.140119
0.140161
0.140201
0.14024
0.140278
0.140312
0.140338
0.140354
0.140361
0.140374
0.140405
0.140462
0.140542
0.140617
0.140634
0.140573
0.140538
0.140745
0.140979
0.14074
0.140122
0.139503
0.139483
0.139463
0.139441
0.139417
0.139392
0.139364
0.139334
0.139301
0.139265
0.139226
0.139183
0.139136
0.139083
0.139025
0.138959
0.138885
0.138805
0.138722
0.138644
0.13858
0.138518
0.138404
0.138105
0.13742
0.13614
0.134249
0.132373
0.132109
0.136265
0.147477
0.166592
0.191386
0.216845
0.236895
0.247032
0.245887
0.233032
0.209654
0.181004
0.15492
0.137733
0.130966
0.131702
0.135131
0.137997
0.139399
0.139807
0.139886
0.13997
0.140107
0.140248
0.140356
0.140423
0.140457
0.140472
0.140481
0.140488
0.140494
0.140496
0.140493
0.140487
0.140478
0.140466
0.140451
0.140431
0.140404
0.140373
0.140342
0.14031
0.140276
0.140236
0.140189
0.140135
0.140074
0.140024
0.140054
0.140059
0.140343
0.14047
0.139521
0.13954
0.13956
0.13958
0.1396
0.139622
0.139644
0.139666
0.139689
0.139713
0.139737
0.139761
0.139787
0.139812
0.139838
0.139864
0.13989
0.139916
0.139942
0.139968
0.139993
0.140017
0.140039
0.140061
0.140081
0.140099
0.140115
0.140129
0.140141
0.140151
0.140159
0.140166
0.140172
0.140176
0.14018
0.140183
0.140185
0.140187
0.140189
0.140189
0.140189
0.140187
0.140183
0.140177
0.140168
0.140155
0.140139
0.140117
0.140089
0.140055
0.140013
0.139969
0.139927
0.139899
0.139898
0.13993
0.139984
0.140042
0.140093
0.140137
0.140178
0.140218
0.140258
0.140296
0.140328
0.140352
0.140364
0.140372
0.140388
0.140425
0.14049
0.140575
0.140645
0.140647
0.140573
0.140555
0.140809
0.14102
0.140712
0.140099
0.139767
0.139753
0.139738
0.139721
0.139704
0.139685
0.139665
0.139643
0.139619
0.139593
0.139565
0.139535
0.139502
0.139465
0.139425
0.13938
0.13933
0.139274
0.139211
0.139142
0.139072
0.139011
0.138969
0.138938
0.138869
0.138629
0.138015
0.136823
0.135049
0.133376
0.133364
0.137601
0.148222
0.165598
0.187521
0.209563
0.227111
0.23603
0.234744
0.222791
0.202212
0.178365
0.157579
0.144017
0.137913
0.136794
0.137719
0.138804
0.139462
0.139785
0.139976
0.140135
0.140274
0.140381
0.14045
0.140486
0.140504
0.140514
0.140521
0.140524
0.140524
0.140519
0.140511
0.140499
0.140484
0.140465
0.140438
0.140408
0.140377
0.140341
0.140305
0.140263
0.140216
0.140158
0.140096
0.140033
0.140051
0.140053
0.140324
0.140494
0.139781
0.139796
0.13981
0.139825
0.139841
0.139856
0.139872
0.139889
0.139905
0.139922
0.13994
0.139957
0.139975
0.139992
0.14001
0.140027
0.140044
0.14006
0.140077
0.140092
0.140107
0.14012
0.140133
0.140144
0.140154
0.140164
0.140171
0.140178
0.140184
0.140188
0.140192
0.140195
0.140198
0.1402
0.140201
0.140202
0.140203
0.140203
0.140202
0.1402
0.140196
0.14019
0.140182
0.140171
0.140156
0.140138
0.140115
0.140086
0.140052
0.140012
0.139971
0.139934
0.139908
0.139903
0.139926
0.139975
0.140031
0.140084
0.140131
0.140173
0.140215
0.140255
0.140294
0.14033
0.140358
0.140376
0.140386
0.140398
0.140425
0.140477
0.140555
0.140641
0.14069
0.140659
0.140582
0.140638
0.140942
0.141068
0.140676
0.140113
)
;

boundaryField
{
    inlet
    {
        type            freestream;
        freestreamValue uniform 0.14;
        value           nonuniform List<scalar> 
134
(
0.14
0.14
0.14
0.14
0.14
0.14
0.14
0.14
0.14
0.14
0.140015
0.140031
0.140049
0.140068
0.140086
0.140103
0.140119
0.140134
0.140148
0.140162
0.14
0.140173
0.140184
0.140193
0.140201
0.140207
0.140212
0.140216
0.14022
0.140221
0.140223
0.140225
0.140225
0.140226
0.140226
0.140225
0.140226
0.140228
0.140232
0.140234
0.14
0.14
0.14
0.14
0.14
0.14
0.14
0.140236
0.140237
0.14024
0.140243
0.140246
0.14025
0.140255
0.140261
0.140267
0.140274
0.140281
0.14029
0.140298
0.140308
0.140318
0.140329
0.14034
0.140353
0.140365
0.140379
0.140393
0.140407
0.140421
0.140434
0.140447
0.14046
0.14047
0.140494
0.14
0.14
0.14
0.14
0.14
0.14
0.14
0.14
0.14
0.14
0.14
0.14
0.14
0.14
0.14
0.14
0.14
0.14
0.14
0.14
0.14
0.14
0.14
0.14
0.14
0.14
0.14
0.14
0.14
0.14
0.14
0.14
0.14
0.14
0.14
0.14
0.14
0.14
0.14
0.14
0.14
0.14
0.14
0.14
0.14
0.14
0.14
0.14
0.14
0.14
0.14
0.14
0.14
0.14
0.14
0.14
0.14
0.14
0.14
)
;
    }
    outlet
    {
        type            freestream;
        freestreamValue uniform 0.14;
        value           nonuniform List<scalar> 
160
(
0.139767
0.139781
0.139753
0.139796
0.139738
0.13981
0.139721
0.139825
0.139704
0.139841
0.139685
0.139856
0.139665
0.139872
0.139643
0.139889
0.139619
0.139905
0.139593
0.139922
0.139565
0.13994
0.139535
0.139957
0.139502
0.139975
0.139465
0.139992
0.139425
0.14001
0.13938
0.140027
0.13933
0.140044
0.139274
0.14006
0.139211
0.140077
0.139142
0.140092
0.139072
0.140107
0.139011
0.14012
0.138969
0.140133
0.138938
0.140144
0.138869
0.140154
0.138629
0.140164
0.138015
0.140171
0.136823
0.140178
0.135049
0.140184
0.133376
0.140188
0.133364
0.140192
0.137601
0.140195
0.148222
0.140198
0.165598
0.1402
0.187521
0.140201
0.209563
0.140202
0.227111
0.140203
0.23603
0.140203
0.234744
0.140202
0.222791
0.1402
0.202212
0.140196
0.178365
0.14019
0.157579
0.140182
0.144017
0.140171
0.137913
0.140156
0.136794
0.140138
0.137719
0.140115
0.138804
0.140086
0.139462
0.140052
0.139785
0.140012
0.139976
0.139971
0.140135
0.139934
0.140274
0.139908
0.140381
0.139903
0.14045
0.139926
0.140486
0.139975
0.140504
0.140031
0.140514
0.140084
0.140521
0.140131
0.140524
0.140173
0.140524
0.140215
0.140519
0.140255
0.140511
0.140294
0.140499
0.14033
0.140484
0.140358
0.140465
0.140376
0.140438
0.140386
0.140408
0.140398
0.140377
0.140425
0.140341
0.140477
0.140305
0.140555
0.140263
0.140641
0.140216
0.14069
0.140158
0.140659
0.140096
0.140582
0.140033
0.140638
0.140051
0.140942
0.140053
0.141068
0.140324
0.140676
0.140494
0.140113
)
;
    }
    walls
    {
        type            fixedValue;
        value           uniform 0;
    }
    frontAndBack
    {
        type            empty;
    }
}


// ************************************************************************* //
