/*--------------------------------*- C++ -*----------------------------------*\
  =========                 |
  \\      /  F ield         | OpenFOAM: The Open Source CFD Toolbox
   \\    /   O peration     | Website:  https://openfoam.org
    \\  /    A nd           | Version:  7
     \\/     M anipulation  |
\*---------------------------------------------------------------------------*/
FoamFile
{
    version     2.0;
    format      ascii;
    class       volScalarField;
    location    "300";
    object      p;
}
// * * * * * * * * * * * * * * * * * * * * * * * * * * * * * * * * * * * * * //

dimensions      [0 2 -2 0 0 0 0];

internalField   nonuniform List<scalar> 
10720
(
-90.2794
-164.334
-251.735
-337.192
-415.605
-495.542
-565.941
-624.658
-675.569
-715.071
-745.148
-767.103
-781.74
-790.263
-793.116
-789.841
-781.358
-766.331
-745.903
-718.695
-685.742
-646.237
-602.413
-555.175
-508.026
-466.05
-428.235
-390.992
-354.041
-317.604
-281.502
-245.593
-209.774
-173.816
-137.464
-99.6134
-59.9003
-12.3487
35.4477
-15.3172
52.7892
126.292
195.415
254.965
300.96
329.736
340.825
340.199
329.308
309.562
286.492
263.042
240.236
218.763
198.498
179.534
161.464
144.037
126.759
109.585
92.1965
74.6872
57.4547
42.3917
30.5661
20.9291
13.0938
7.06356
2.89539
0.492453
-0.251113
0.585339
3.00533
7.02043
13.0482
21.6428
36.5281
61.6147
23.3364
-33.0401
-95.9934
-162.65
-230.936
-300.673
-368.188
-431.378
-489.622
-541.141
-585.617
-623.048
-653.498
-677.033
-693.577
-702.845
-705.441
-700.935
-689.874
-671.643
-646.799
-615.069
-578.135
-537.143
-495.18
-456.563
-420.833
-385.196
-349.483
-314.011
-278.688
-243.411
-208.103
-172.552
-136.515
-98.9066
-59.3794
-11.918
35.1233
74.1673
122.807
171.555
218.943
261.08
295.361
318.79
330.097
330.643
321.686
305.798
286.362
265.512
244.361
223.669
203.705
184.636
166.31
148.554
131.049
113.705
96.3124
78.9562
62.0439
47.0489
34.8862
24.8365
16.5747
10.1235
5.53798
2.74806
1.65628
2.18089
4.32443
8.10826
13.9538
22.4059
37.202
61.2747
39.8223
-10.6373
-67.2275
-129.516
-193.91
-259.728
-325.378
-388.158
-446.494
-499.398
-545.634
-584.896
-616.998
-641.883
-659.75
-670.799
-675.26
-672.948
-664.056
-648.349
-626.129
-597.45
-563.572
-525.776
-486.617
-449.633
-414.935
-380.361
-345.592
-310.907
-276.245
-241.508
-206.633
-171.428
-135.66
-98.2634
-58.9093
-11.6401
34.8715
85.4629
130.034
174.562
217.025
254.043
284.003
304.862
315.923
317.897
311.633
299.022
282.354
263.475
243.663
223.795
204.335
185.519
167.345
149.694
132.339
115.158
98.012
80.9664
64.3931
49.4609
37.0644
26.7975
18.3491
11.721
6.959
4.00262
2.75461
3.13506
5.14781
8.82254
14.5818
22.9676
37.6407
60.7285
64.825
22.3697
-25.9648
-79.0248
-134.607
-192.634
-251.436
-309.184
-364.542
-416.373
-463.537
-505.366
-541.378
-571.283
-594.863
-612.116
-622.799
-626.643
-623.593
-613.531
-596.629
-573.096
-543.95
-510.519
-475.009
-440.443
-407.405
-374.308
-340.773
-307.087
-273.252
-239.194
-204.869
-170.104
-134.681
-97.564
-58.448
-11.4976
34.4734
102.918
139.659
176.634
212.529
244.221
270.473
289.451
300.39
303.579
299.548
289.749
275.89
259.462
241.635
223.257
204.848
186.715
168.971
151.586
134.43
117.415
100.468
83.6611
67.3449
52.4799
39.9093
29.4318
20.7614
13.8936
8.879
5.66954
4.17942
4.33808
6.15484
9.66697
15.2961
23.5715
38.0463
60.1529
73.0509
35.3212
-7.84572
-55.5492
-105.663
-158.588
-212.925
-267.022
-319.853
-370.258
-417.089
-459.551
-496.973
-528.828
-554.73
-574.444
-587.606
-594.102
-593.798
-586.682
-572.862
-552.622
-526.795
-496.637
-464.05
-431.552
-399.953
-368.139
-335.724
-302.98
-269.958
-236.596
-202.857
-168.579
-133.555
-96.7767
-57.9672
-11.4419
33.8386
106.996
139.561
172.419
204.313
232.493
256.125
273.726
284.556
288.683
286.51
279.137
267.844
253.788
237.969
221.183
203.965
186.676
169.52
152.55
135.724
118.996
102.341
85.8465
69.8391
55.1169
42.4511
31.8027
22.9437
15.8715
10.6406
7.21606
5.52251
5.49522
7.1452
10.5149
16.024
24.1845
38.4311
59.5416
78.3481
44.9049
6.43155
-36.0727
-80.7523
-128.315
-177.458
-226.867
-275.785
-323.155
-367.99
-409.524
-447.015
-479.825
-507.461
-529.517
-545.625
-555.533
-558.967
-555.782
-545.978
-529.79
-507.895
-481.441
-452.084
-421.952
-392.017
-361.606
-330.396
-298.65
-266.473
-233.829
-200.696
-166.929
-132.333
-95.9349
-57.4899
-11.5014
32.974
108.434
137.179
166.378
194.916
220.259
241.795
258.294
268.98
273.789
273.096
267.726
258.669
246.823
233.01
217.934
202.098
185.877
169.52
153.148
136.792
120.455
104.158
88.0074
72.3141
57.758
45.0407
34.2478
25.2193
17.9546
12.511
8.86772
6.96023
6.73161
8.19791
11.4084
16.7802
24.8048
38.7778
58.8769
79.5643
49.3943
14.5886
-23.8932
-64.2682
-107.483
-152.371
-197.785
-243.215
-287.711
-330.42
-370.647
-407.629
-440.686
-469.245
-492.79
-510.842
-523.009
-528.956
-528.496
-521.619
-508.545
-489.845
-466.538
-440.05
-412.151
-383.861
-354.849
-324.86
-294.137
-262.825
-230.919
-198.412
-165.176
-131.035
-95.0526
-57.028
-11.6866
31.8922
106.735
132.609
159.022
184.94
208.04
227.888
243.465
253.962
259.257
259.719
255.984
248.83
238.963
227.043
213.667
199.278
184.235
168.809
153.166
137.392
121.54
105.673
89.9158
74.5684
60.222
47.5161
36.6256
27.459
20.0239
14.3825
10.5298
8.41426
7.98765
9.2714
12.3209
17.5481
25.422
39.0781
58.1648
78.9183
51.5267
19.8546
-15.1355
-51.7525
-91.0757
-132.032
-173.619
-215.504
-256.877
-296.996
-335.279
-371.019
-403.547
-432.257
-456.58
-475.961
-489.976
-498.243
-500.48
-496.578
-486.673
-471.211
-451.061
-427.449
-401.862
-375.319
-347.772
-319.057
-289.406
-259
-227.865
-196.012
-163.333
-129.671
-94.1358
-56.5825
-11.9894
30.6068
103.623
127.094
151.182
174.928
196.173
214.614
229.382
239.65
245.279
246.627
244.204
238.643
230.504
220.317
208.572
195.639
181.844
167.454
152.656
137.573
122.301
106.936
91.6232
76.6532
62.5558
49.9156
38.9697
29.6933
22.1084
16.2832
12.2289
9.90867
9.28317
10.3802
13.2614
18.332
26.0361
39.3312
57.4106
76.9008
51.8218
22.7861
-9.26672
-42.7066
-78.6799
-116.214
-154.404
-193.062
-231.48
-269.036
-305.254
-339.494
-371.126
-399.557
-424.19
-444.435
-459.804
-469.856
-474.234
-472.762
-465.53
-452.89
-435.576
-414.626
-391.274
-366.487
-340.421
-313.004
-284.46
-254.994
-224.665
-193.498
-161.404
-128.249
-93.1915
-56.1505
-12.3947
29.1417
99.5529
121.038
143.193
165.118
184.792
202.045
216.086
226.096
231.944
233.966
232.591
228.347
221.694
213.054
202.826
191.308
178.779
165.484
151.611
137.307
122.695
107.9
93.0824
78.5284
64.7218
52.2019
41.2475
31.8951
24.1853
18.1946
13.9504
11.4314
10.6089
11.5173
14.225
19.1279
26.6433
39.5359
56.6152
74.0939
50.9981
24.2365
-5.27006
-35.9564
-68.9957
-103.483
-138.601
-174.267
-209.856
-244.858
-278.89
-311.383
-341.785
-369.53
-394.019
-414.664
-430.937
-442.376
-448.583
-449.292
-444.522
-434.521
-419.888
-401.491
-380.343
-357.34
-332.784
-306.696
-279.292
-250.801
-221.311
-190.864
-159.388
-126.771
-92.2261
-55.7329
-12.8918
27.5291
94.9909
114.783
135.288
155.653
173.978
190.199
203.582
213.31
219.286
221.816
221.273
218.11
212.717
205.437
196.59
186.412
175.129
162.954
150.061
136.603
122.721
108.557
94.2855
80.187
66.713
54.3661
43.4512
34.0578
26.25
20.1134
15.692
12.9814
11.9644
12.6823
15.2108
19.9344
27.2417
39.6919
55.7804
70.7994
49.4172
24.6286
-2.66599
-30.9534
-61.4217
-93.2186
-125.601
-158.546
-191.51
-224.078
-255.952
-286.63
-315.631
-342.44
-366.491
-387.201
-404.034
-416.489
-424.159
-426.69
-424.043
-416.384
-404.187
-388.163
-369.138
-347.913
-324.88
-300.138
-273.905
-246.42
-217.802
-188.106
-157.282
-125.237
-91.2426
-55.334
-13.4748
25.7934
90.1791
108.515
127.592
146.605
163.755
179.063
191.837
201.276
207.308
210.214
210.327
208.049
203.718
197.618
190.009
181.073
170.987
159.923
148.036
135.471
122.373
108.896
95.217
81.6132
68.5136
56.3905
45.5636
36.1671
28.2901
22.0298
17.4465
14.5531
13.3457
13.8724
16.2165
20.749
27.8287
39.7997
54.9097
67.2391
47.3594
24.305
-1.0435
-27.2242
-55.4196
-84.8219
-114.746
-145.22
-175.761
-206.028
-235.797
-264.635
-292.133
-317.828
-341.195
-361.683
-378.762
-391.911
-400.726
-404.79
-403.999
-398.44
-388.473
-374.667
-357.684
-338.222
-316.718
-293.337
-268.299
-241.851
-214.135
-185.224
-155.084
-123.646
-90.2426
-54.958
-14.1423
23.9502
85.2928
102.358
120.184
138.004
154.119
168.609
180.814
189.961
195.99
199.171
199.802
198.244
194.802
189.716
183.205
175.402
166.442
156.459
145.579
133.932
121.659
108.912
95.8683
82.7982
70.1132
58.2623
47.5713
38.2109
30.2957
23.9357
19.2074
16.142
14.7495
15.085
17.2397
21.5694
28.4019
39.8603
54.006
63.5591
45.0054
23.4889
-0.134491
-24.4503
-50.6252
-77.8912
-105.607
-133.842
-162.166
-190.289
-218.052
-245.083
-271.039
-295.516
-318.039
-338.093
-355.168
-368.741
-378.411
-383.727
-384.515
-380.798
-372.837
-361.075
-346.031
-328.295
-308.315
-286.302
-262.478
-237.094
-210.309
-182.214
-152.793
-121.998
-89.2267
-54.6078
-14.8906
22.008
80.4364
96.3849
113.1
129.857
145.05
158.797
170.47
179.324
185.31
188.684
189.719
188.746
186.046
181.829
176.279
169.496
161.578
152.627
142.737
132.015
120.59
108.606
96.233
83.733
71.5016
59.9682
49.4603
40.1762
32.2552
25.8214
20.9674
17.7423
16.1713
16.3166
18.2776
22.393
28.9591
39.8746
53.073
59.8572
42.485
22.3441
0.262578
-22.389
-46.7573
-72.109
-97.8357
-124.042
-150.338
-176.473
-202.342
-227.628
-252.044
-275.25
-296.819
-316.275
-333.141
-346.907
-357.172
-363.486
-365.602
-363.489
-357.323
-347.436
-334.22
-318.161
-299.688
-279.043
-256.447
-232.149
-206.324
-179.077
-150.408
-120.293
-88.1953
-54.2866
-15.7157
19.9748
75.6837
90.6357
106.359
122.158
136.523
149.589
160.759
169.326
175.235
178.739
180.088
179.59
177.507
174.029
169.314
163.441
156.478
148.496
139.561
129.754
119.185
107.984
96.3111
84.413
72.6706
61.4974
51.2179
42.0505
34.1574
27.6773
22.7184
19.3478
17.6064
17.5635
19.327
23.2169
29.4979
39.8448
52.1142
56.1983
39.8892
20.9864
0.293203
-20.8655
-43.6102
-67.2351
-91.1686
-115.533
-139.969
-164.27
-188.367
-211.991
-234.908
-256.825
-277.37
-296.113
-312.612
-326.383
-337.023
-344.103
-347.313
-346.576
-341.996
-333.809
-322.3
-307.853
-290.86
-271.574
-250.214
-227.022
-202.181
-175.811
-147.929
-118.531
-87.1485
-53.9944
-16.6135
17.86
71.0803
85.1362
99.9622
114.896
128.507
140.944
151.642
159.923
165.733
169.316
170.907
170.792
169.221
166.371
162.38
157.313
151.214
144.13
136.102
127.185
117.467
107.06
96.1066
84.8361
73.6142
62.84
52.8317
43.8215
35.9908
29.4931
24.4519
20.9516
19.0492
18.8214
20.3844
24.0382
30.0161
39.7726
51.134
52.627
37.282
19.5006
0.0652625
-19.7463
-41.0215
-63.0834
-85.3921
-108.08
-130.817
-153.429
-175.877
-197.929
-219.398
-240.04
-259.527
-277.479
-293.489
-307.108
-317.936
-325.575
-329.668
-330.095
-326.901
-320.244
-310.316
-297.405
-281.855
-263.912
-243.788
-221.716
-197.883
-172.418
-145.355
-116.711
-86.0864
-53.7317
-17.5775
15.6726
66.6537
79.8988
93.909
108.052
120.973
132.827
143.079
151.079
156.772
160.395
162.169
162.363
161.217
158.897
155.532
151.171
145.849
139.589
132.411
124.348
115.464
105.849
95.6258
85.0033
74.3297
63.989
54.2915
45.4774
37.7439
31.2585
26.1588
22.5462
20.4938
20.0856
21.4457
24.8536
30.5117
39.6607
50.1365
49.174
34.7063
17.9468
-0.341499
-18.931
-38.8697
-59.5128
-80.3428
-101.502
-122.687
-143.745
-164.657
-185.234
-205.322
-224.718
-243.141
-260.252
-275.688
-289.031
-299.892
-307.906
-312.691
-314.087
-312.09
-306.796
-298.317
-286.858
-272.701
-256.076
-237.182
-216.239
-193.433
-168.899
-142.688
-114.834
-85.009
-53.4969
-18.6007
13.4221
62.4199
74.9275
88.1904
101.606
113.892
125.202
135.031
142.756
148.318
151.952
153.862
154.303
153.509
151.638
148.81
145.069
140.439
134.928
128.539
121.285
113.207
104.373
94.8814
84.9195
74.8156
64.9384
55.5881
47.0073
39.4056
32.9627
27.8298
24.1237
21.9335
21.3507
22.5065
25.6599
30.9828
39.512
49.1259
45.8579
32.1932
16.3727
-0.868299
-18.3399
-37.0614
-56.408
-75.8899
-95.652
-115.413
-135.039
-154.533
-173.73
-192.51
-210.705
-228.073
-244.32
-259.117
-272.086
-282.855
-291.086
-296.393
-298.579
-297.604
-293.51
-286.35
-276.248
-263.427
-248.087
-230.411
-210.6
-188.836
-165.257
-139.927
-112.901
-83.9155
-53.2884
-19.6749
11.1205
58.3871
70.219
82.7944
95.5394
107.237
118.037
127.464
134.92
140.344
143.962
145.97
146.609
146.107
144.615
142.248
139.048
135.03
130.196
124.533
118.037
110.729
102.654
93.8885
84.5926
75.0742
65.6854
56.714
48.4015
40.9652
34.5953
29.455
25.6756
23.3612
22.611
23.5621
26.4535
31.4277
39.3296
48.1078
42.6896
29.7646
14.8076
-1.46774
-17.9169
-35.5205
-53.6803
-71.9264
-90.4101
-108.864
-127.172
-145.352
-163.263
-180.809
-197.855
-214.193
-229.569
-243.689
-256.211
-266.789
-275.101
-280.781
-283.598
-283.479
-280.432
-274.459
-265.616
-254.064
-239.969
-223.491
-204.81
-184.098
-161.495
-137.076
-110.911
-82.8056
-53.1039
-20.791
8.77964
54.5583
65.7675
77.7069
89.8302
100.977
111.3
120.345
127.539
132.818
136.402
138.478
139.274
139.013
137.841
135.87
133.14
129.664
125.436
120.434
114.643
108.063
100.719
92.6635
84.0328
75.1104
66.2293
57.664
49.6515
42.4127
36.1459
31.0247
27.193
24.7692
23.8602
24.6074
27.2308
31.8448
39.1168
47.0868
39.6758
27.435
13.2761
-2.10791
-17.6145
-34.1908
-51.258
-68.3708
-85.6793
-102.931
-120.023
-136.988
-153.7
-170.087
-186.041
-201.384
-215.896
-229.319
-241.343
-251.649
-259.931
-265.854
-269.158
-269.747
-267.602
-262.687
-255.001
-244.646
-231.748
-216.441
-198.882
-179.229
-157.619
-134.137
-108.867
-81.6783
-52.9401
-21.9396
6.4117
50.932
61.5655
72.914
84.4589
95.0913
104.962
113.645
120.583
125.713
129.251
131.37
132.29
132.227
131.327
129.695
127.373
124.373
120.685
116.283
111.14
105.241
98.5939
91.2279
83.2544
74.9312
66.5713
58.4347
50.7502
43.739
37.6047
32.5289
28.667
26.1495
25.0916
25.637
27.9881
32.2329
38.8771
46.0678
36.8184
25.2127
11.7956
-2.76215
-17.3985
-33.0253
-49.0858
-65.1542
-81.3802
-97.5244
-113.497
-129.335
-144.934
-160.236
-175.155
-189.544
-203.209
-215.926
-227.416
-237.388
-245.552
-251.606
-255.27
-256.433
-255.056
-251.074
-244.442
-235.206
-223.451
-209.282
-192.831
-174.238
-153.635
-131.112
-106.769
-80.532
-52.7925
-23.1102
4.0303
47.5062
57.6037
68.4012
79.4054
89.5547
98.9988
107.336
114.027
119.007
122.485
124.628
125.645
125.746
125.074
123.733
121.765
119.183
115.976
112.114
107.563
102.297
96.3073
89.6041
82.2727
74.5457
66.7152
59.0245
51.6922
44.936
38.9621
33.958
30.088
27.4938
26.298
26.6453
28.7217
32.5907
38.614
45.0561
34.1175
23.1035
10.3766
-3.41184
-17.2408
-31.9883
-47.1169
-62.2211
-77.4457
-92.5681
-107.505
-122.302
-136.865
-151.154
-165.1
-178.576
-191.42
-203.434
-214.368
-223.961
-231.936
-238.026
-241.941
-243.556
-242.824
-239.658
-233.977
-225.779
-215.107
-202.037
-186.673
-169.137
-149.55
-128.007
-104.619
-79.3655
-52.6563
-24.2916
1.64966
44.2746
53.8723
64.1539
74.651
84.3456
93.3868
101.394
107.844
112.673
116.084
118.237
119.328
119.564
119.085
117.993
116.333
114.116
111.335
107.957
103.943
99.2606
93.8867
87.8139
81.1047
73.9659
66.6672
59.4344
52.4739
45.9972
40.2096
35.3024
31.447
28.7936
27.472
27.6264
29.4276
32.9172
38.3308
44.0565
31.571
21.1093
9.02802
-4.04247
-17.1222
-31.051
-45.3156
-59.5259
-73.8254
-88.0008
-101.98
-115.811
-129.413
-142.755
-155.786
-168.397
-180.45
-191.772
-202.142
-211.322
-219.053
-225.099
-229.17
-231.135
-230.933
-228.472
-223.64
-216.397
-206.746
-194.73
-180.428
-163.938
-145.372
-124.825
-102.418
-78.1765
-52.5259
-25.4734
-0.716924
41.2307
50.362
60.1593
70.1786
79.4448
88.1038
95.7956
102.012
106.691
110.029
112.178
113.325
113.673
113.358
112.48
111.085
109.189
106.783
103.837
100.309
96.1608
91.3589
85.8813
79.7697
73.2054
66.4352
59.6672
53.0934
46.9169
41.3395
36.5534
32.7346
30.0403
28.606
28.5742
30.1021
33.2117
38.0309
43.0739
29.1753
19.2309
7.75439
-4.64407
-17.0244
-30.1912
-43.6516
-57.0323
-70.4726
-83.7723
-96.8638
-109.8
-122.506
-134.965
-147.137
-158.93
-170.226
-180.873
-190.676
-199.422
-206.87
-212.806
-216.955
-219.175
-219.403
-217.544
-213.467
-207.095
-198.398
-187.387
-174.115
-158.657
-141.113
-121.574
-100.167
-76.9633
-52.3943
-26.6437
-3.05477
38.368
47.0611
56.4034
65.9728
74.8336
83.1289
90.5187
96.5095
101.04
104.302
106.437
107.625
108.064
107.888
107.193
106.029
104.413
102.338
99.7763
96.6856
93.0236
88.7497
83.83
78.2873
72.279
66.0291
59.7273
53.5509
47.6915
42.3452
37.7028
33.9422
31.2251
29.6921
29.4827
30.7414
33.4736
37.7174
42.1126
26.9252
17.4674
6.5589
-5.20945
-16.9352
-29.3905
-42.1005
-54.7087
-67.3512
-79.8371
-92.1047
-104.208
-116.084
-127.72
-139.087
-150.108
-160.682
-170.676
-179.919
-188.218
-195.354
-201.128
-205.287
-207.684
-208.252
-206.901
-203.485
-197.902
-190.091
-180.033
-167.755
-153.311
-136.782
-118.259
-97.8708
-75.7227
-52.2548
-27.7907
-5.34986
35.6791
43.9604
52.8731
62.0168
70.4935
78.4429
85.5441
91.3176
95.7024
98.8835
100.998
102.216
102.729
102.67
102.133
101.169
99.7977
98.0145
95.7931
93.0939
89.8724
86.0825
81.6817
76.677
71.2024
65.4603
59.6215
53.8479
48.3187
43.2215
38.743
35.0611
32.3398
30.7227
30.3457
31.3415
33.7021
37.3929
41.1766
24.816
15.8166
5.44256
-5.73368
-16.8459
-28.635
-40.6437
-52.5313
-64.4306
-76.1592
-87.6615
-98.9915
-110.093
-120.962
-131.575
-141.869
-151.757
-161.124
-169.818
-177.667
-184.47
-190.044
-194.158
-196.663
-197.494
-196.564
-193.724
-188.85
-181.854
-172.695
-161.371
-147.915
-132.393
-114.887
-95.5288
-74.4533
-52.0991
-28.9026
-7.58813
33.1564
41.0492
49.556
58.296
66.4085
74.0288
80.853
86.417
90.659
93.7583
95.8452
97.0829
97.6579
97.6977
97.2965
96.5062
95.3482
93.8211
91.9017
89.5519
86.7275
83.3791
79.4579
74.9576
69.992
64.741
59.3577
53.9881
48.7979
43.9643
39.6679
36.0838
33.3763
31.6903
31.157
31.8989
33.8967
37.0601
40.2695
22.8426
14.275
4.40571
-6.21317
-16.749
-27.9129
-39.2651
-50.4793
-61.6849
-72.7074
-83.4974
-94.1078
-104.489
-114.642
-124.551
-134.161
-143.4
-152.167
-160.327
-167.727
-174.184
-179.528
-183.554
-186.109
-187.135
-186.551
-184.208
-179.965
-173.717
-165.397
-154.984
-142.488
-127.957
-111.466
-93.1461
-73.1518
-51.9199
-29.9693
-9.75628
30.7919
38.3179
46.4403
54.7978
62.5638
69.8707
76.4293
81.7909
85.8934
88.9104
90.9655
92.2148
92.8392
92.9633
92.6794
92.0399
91.0686
89.7665
88.1137
86.0749
83.6069
80.6593
77.1789
73.1493
68.6646
63.8847
58.9451
53.9765
49.13
44.571
40.4719
37.0033
34.327
32.5875
31.9107
32.4098
34.0569
36.7206
39.394
20.9989
12.8398
3.44662
-6.64558
-16.6395
-27.2156
-37.9516
-48.5363
-59.0929
-69.457
-79.5827
-89.5234
-99.2333
-108.718
-117.968
-126.936
-135.562
-143.757
-151.401
-158.359
-164.464
-169.558
-173.46
-176.019
-177.181
-176.876
-174.956
-171.273
-165.705
-158.167
-148.618
-137.048
-123.489
-108.006
-90.7241
-71.8163
-51.71
-30.9787
-11.8414
28.5779
35.757
43.5153
51.5089
58.9452
65.9532
72.257
77.4233
81.3899
84.3245
86.3449
87.5994
88.264
88.4595
88.2766
87.7682
86.9598
85.8553
84.4377
82.6749
80.5257
77.9407
74.8635
71.2696
67.2366
62.9049
58.3941
53.8194
49.3173
45.0405
41.1514
37.8135
35.1848
33.4076
32.6014
32.8707
34.1822
36.3764
38.5524
19.2788
11.5065
2.56404
-7.03042
-16.5137
-26.5368
-36.6934
-46.6873
-56.6367
-66.3856
-75.8906
-85.2065
-94.2911
-103.152
-111.786
-120.153
-128.2
-135.851
-143.001
-149.526
-155.278
-160.108
-163.859
-166.385
-167.634
-167.548
-165.987
-162.796
-157.843
-151.03
-142.296
-131.615
-119.002
-104.514
-88.2671
-70.4442
-51.4595
-31.921
-13.8306
26.5071
33.3572
40.7696
48.4169
55.5392
62.2617
68.3216
73.2993
77.1338
79.9866
81.9697
83.2243
83.9212
84.1777
84.0815
83.6872
83.0213
82.09
80.8797
79.3616
77.4972
75.2382
72.5277
69.3353
65.7235
61.8156
57.7157
53.5246
49.3639
45.3732
41.7034
38.5097
35.9437
34.1441
33.2235
33.2784
34.272
36.0282
37.7459
17.6768
10.2708
1.75577
-7.36787
-16.3689
-25.8702
-35.4818
-44.9204
-54.3005
-63.4732
-72.3989
-81.131
-89.6318
-97.9115
-105.969
-113.772
-121.275
-128.411
-135.087
-141.193
-146.595
-151.155
-154.736
-157.196
-158.493
-158.577
-157.315
-154.553
-150.153
-144.007
-136.038
-126.207
-114.513
-101
-85.779
-69.0333
-51.1627
-32.7855
-15.7125
24.5721
31.1096
38.1934
45.5111
52.3335
58.7832
64.6091
69.4051
73.1114
75.8832
77.8273
79.0781
79.8001
80.1086
80.0879
79.7928
79.2516
78.472
77.4441
76.1424
74.5313
72.5648
70.1866
67.362
64.141
60.6308
56.9215
53.1004
49.2749
45.5707
42.1268
39.0881
36.5987
34.7916
33.7724
33.6297
34.3255
35.6768
36.9751
16.1867
9.12856
1.01891
-7.65836
-16.2037
-25.2125
-34.3102
-43.2269
-52.0724
-60.7055
-69.0888
-77.2754
-85.231
-92.9671
-100.486
-107.76
-114.752
-121.401
-127.626
-133.328
-138.387
-142.674
-146.071
-148.443
-149.753
-149.963
-148.95
-146.561
-142.656
-137.12
-129.867
-120.843
-110.035
-97.475
-83.2634
-67.5825
-50.8118
-33.5638
-17.4778
22.7655
29.0062
35.7771
42.7804
49.3166
55.5053
61.1063
65.7279
69.3099
72.0022
73.9057
75.1492
75.8913
76.2435
76.2881
76.0795
75.6473
75.0009
74.1333
73.0227
71.6366
69.9315
67.8531
65.3639
62.5033
59.3639
56.0233
52.5562
49.0564
45.6361
42.4214
39.5463
37.1456
35.3454
34.2438
33.9219
34.342
35.3222
36.2399
14.803
8.07521
0.350687
-7.90322
-16.0174
-24.5605
-33.1735
-41.599
-49.9423
-58.0686
-65.9442
-73.6203
-81.0662
-88.2941
-95.31
-102.089
-108.6
-114.791
-120.587
-125.902
-130.627
-134.643
-137.846
-140.112
-141.41
-141.71
-140.9
-138.833
-135.369
-130.39
-123.803
-115.542
-105.583
-93.948
-80.7252
-66.0911
-50.4006
-34.2479
-19.1181
21.0806
27.0389
33.5116
40.2146
46.4774
52.4163
57.8016
62.2552
65.7165
68.3309
70.1936
71.4272
72.1846
72.5736
72.6746
72.5417
72.2046
71.6751
70.9485
70.0062
68.8193
67.3473
65.5384
63.3538
60.8236
58.0279
55.0329
51.9017
48.7157
45.5736
42.5887
39.8832
37.5815
35.8016
34.6341
34.1523
34.3206
34.9639
35.539
13.5197
7.10621
-0.25203
-8.10395
-15.8096
-23.912
-32.067
-40.0291
-47.8998
-55.5503
-62.9502
-70.1485
-77.1177
-83.8712
-90.4159
-96.7321
-102.792
-108.55
-113.942
-118.887
-123.288
-127.038
-130.043
-132.191
-133.456
-133.815
-133.17
-131.379
-128.307
-123.835
-117.863
-110.32
-101.172
-90.4294
-78.1695
-64.5575
-49.9239
-34.8306
-20.6252
19.5105
25.2
31.3883
37.8045
43.8058
49.5055
54.6839
58.9751
62.3202
64.8583
66.6798
67.901
68.6696
69.0902
69.2399
69.1727
68.9191
68.4916
67.8889
67.0949
66.0841
64.8194
63.2519
61.3426
59.1141
56.635
53.9617
51.1471
48.2608
45.3887
42.6314
40.0989
37.9048
36.1575
34.9404
34.3188
34.2604
34.601
34.8707
12.3314
6.21715
-0.792525
-8.26236
-15.5805
-23.2658
-30.9875
-38.5127
-45.9378
-53.1412
-60.0944
-66.8451
-73.3679
-79.6776
-85.7823
-91.6651
-97.3023
-102.655
-107.663
-112.257
-116.348
-119.837
-122.643
-124.665
-125.881
-126.276
-125.762
-124.208
-121.483
-117.468
-112.064
-105.194
-96.8151
-86.9294
-75.6014
-62.9834
-49.3768
-35.3061
-21.9936
18.0489
23.4822
29.399
35.5411
41.292
46.7626
51.7419
55.8772
59.1097
61.5731
63.3532
64.5605
65.3369
65.7839
65.9759
65.9661
65.7851
65.4474
64.9531
64.2895
63.4341
62.3532
61.0011
59.3398
57.3856
55.1968
52.821
50.3025
47.7
45.0875
42.5532
40.1951
38.1149
36.4114
35.1606
34.4197
34.1605
34.2323
34.2326
11.2329
5.40354
-1.2741
-8.38057
-15.331
-22.6207
-29.9328
-37.0451
-44.0505
-50.833
-57.3668
-63.6978
-69.803
-75.6973
-81.3902
-86.8674
-92.1086
-97.0792
-101.727
-105.988
-109.782
-113.021
-115.63
-117.522
-118.676
-119.088
-118.678
-117.325
-114.905
-111.303
-106.421
-100.178
-92.5259
-83.458
-73.0267
-61.369
-48.7569
-35.6708
-23.2186
16.6896
21.8783
27.5358
33.4156
38.927
44.1778
48.966
52.9511
56.0747
58.4651
60.2042
61.3958
62.1774
62.6467
62.8751
62.9151
62.7978
62.5385
62.1391
61.59
60.8712
59.9529
58.7928
57.3538
55.6477
53.7236
51.6215
49.378
47.0421
44.6771
42.3592
40.1743
38.2127
36.5629
35.2934
34.4537
34.0197
33.8562
33.6216
10.2187
4.66112
-1.70017
-8.46075
-15.0619
-21.9763
-28.9002
-35.6224
-42.2322
-48.6183
-54.758
-60.6952
-66.4089
-71.9148
-77.2226
-82.3205
-87.1909
-91.8036
-96.1117
-100.058
-103.571
-106.569
-108.986
-110.745
-111.831
-112.243
-111.915
-110.733
-108.581
-105.351
-100.946
-95.2858
-88.3164
-80.0247
-70.4514
-59.7164
-48.0623
-35.921
-24.2971
15.4265
20.3819
25.7914
31.4204
36.7023
41.7422
46.3465
50.1866
53.2051
55.5247
57.2229
58.3978
59.182
59.6694
59.9293
60.0127
59.951
59.7601
59.4439
58.9949
58.3962
57.6213
56.6315
55.3917
53.9088
52.2249
50.3732
48.3834
46.2963
44.1652
42.0551
40.0404
38.2003
36.6126
35.3385
34.4202
33.8373
33.4707
33.034
9.28388
3.98566
-2.07405
-8.5053
-14.7744
-21.3328
-27.8889
-34.2423
-40.4781
-46.4911
-52.2599
-57.8276
-63.1744
-68.3164
-73.2641
-78.0074
-82.531
-86.8086
-90.798
-94.4485
-97.6942
-100.463
-102.693
-104.32
-105.333
-105.735
-105.469
-104.432
-102.516
-99.62
-95.6505
-90.5283
-84.1974
-76.6387
-67.8812
-58.0283
-47.292
-36.0557
-25.2276
14.2542
18.9866
24.159
29.5476
34.6095
39.4469
43.8745
47.5752
50.4918
52.7422
54.3998
55.5573
56.342
56.8443
57.1309
57.252
57.2387
57.1075
56.8639
56.5025
56.0091
55.3604
54.5213
53.4588
52.1763
50.7092
49.0852
47.3282
45.4717
43.5598
41.6476
39.7985
38.0809
36.5623
35.2963
34.3187
33.6123
33.0736
32.4661
8.42373
3.37307
-2.39899
-8.51634
-14.4698
-20.69
-26.8975
-32.9019
-38.7844
-44.4456
-49.8658
-55.0865
-60.0894
-64.8908
-69.5016
-73.913
-78.1126
-82.0767
-85.7676
-89.1394
-92.1337
-94.6838
-96.736
-98.2341
-99.17
-99.5536
-99.3343
-98.4202
-96.712
-94.1152
-90.5419
-85.9154
-80.1791
-73.3083
-65.3227
-56.3083
-46.4471
-36.0743
-26.0096
13.167
17.6864
22.6317
27.7901
32.6411
37.2841
41.5415
45.1078
47.9259
50.1091
51.7263
52.8654
53.6487
54.163
54.4724
54.6261
54.6548
54.5756
54.3952
54.1101
53.7091
53.171
52.4648
51.5597
50.4564
49.1843
47.7663
46.2216
44.5772
42.8693
41.1439
39.4543
37.8587
36.4146
35.1685
34.1498
33.3442
32.6628
31.9136
7.63361
2.81919
-2.67818
-8.49634
-14.1498
-20.0483
-25.9252
-31.5991
-37.1481
-42.4777
-47.5698
-52.4643
-57.1447
-61.6274
-65.9229
-70.0243
-73.9211
-77.592
-81.0037
-84.1145
-86.872
-89.216
-91.0983
-92.4715
-93.3306
-93.6896
-93.5051
-92.6952
-91.1692
-88.8403
-85.6266
-81.4554
-76.2698
-70.0418
-62.7822
-54.5602
-45.5296
-35.9785
-26.6447
12.1598
16.4755
21.2034
26.141
30.7898
35.246
39.3397
42.7761
45.4991
47.6167
49.194
50.3141
51.0941
51.6178
51.9465
52.1281
52.1932
52.1591
52.0337
51.8151
51.4943
51.0532
50.4641
49.6983
48.7544
47.6568
46.4243
45.0721
43.6216
42.1022
40.5518
39.0145
37.5388
36.1733
34.9572
33.9143
33.0324
32.2361
31.3723
6.90904
2.32038
-2.91487
-8.44771
-13.8154
-19.4084
-24.9715
-30.3326
-35.5662
-40.5829
-45.3659
-49.9541
-54.3321
-58.5161
-62.517
-66.3289
-69.9429
-73.3402
-76.4908
-79.3577
-81.8931
-84.0435
-85.7651
-87.0187
-87.8021
-88.1324
-87.9735
-87.2519
-85.8862
-83.7972
-80.9092
-77.154
-72.4766
-66.8463
-60.2657
-52.789
-44.5428
-35.7708
-27.1353
11.2276
15.3485
19.8681
24.5941
29.0487
33.3255
37.2615
40.5726
43.2035
45.257
46.7949
47.8953
48.6705
49.2012
49.5458
49.7514
49.8479
49.8528
49.7749
49.6141
49.3631
49.0067
48.5202
47.8771
47.0746
46.1326
45.0665
43.8877
42.6135
41.2672
39.8794
38.4861
37.1273
35.8429
34.6655
33.6137
32.6769
31.7913
30.8381
6.24581
1.87284
-3.11203
-8.37277
-13.4686
-18.771
-24.0362
-29.1011
-34.0363
-38.7578
-43.2501
-47.5503
-51.6446
-55.5489
-59.2742
-62.8155
-66.1656
-69.3078
-72.2152
-74.8542
-77.1822
-79.151
-80.7218
-81.8616
-82.5717
-82.8714
-82.7307
-82.0843
-80.8598
-78.9851
-76.3916
-73.016
-68.8055
-63.7279
-57.7794
-50.9999
-43.491
-35.4553
-27.4851
10.3658
14.3002
18.6205
23.1433
27.4115
31.5155
35.2996
38.4898
41.0314
43.0225
44.5213
45.6016
46.3706
46.9059
47.2638
47.4896
47.6129
47.6514
47.6146
47.5037
47.3132
47.0304
46.6334
46.0985
45.4209
44.6169
43.699
42.6759
41.561
40.3726
39.1349
37.8769
36.6308
35.4288
34.2972
33.2501
32.2778
31.3266
30.3067
5.63981
1.47309
-3.27264
-8.27379
-13.1107
-18.1369
-23.1191
-27.9033
-32.5567
-36.9994
-41.2178
-45.2474
-49.0756
-52.7179
-56.1855
-59.4745
-62.5783
-65.4827
-68.1635
-70.5904
-72.7251
-74.5242
-75.954
-76.9869
-77.627
-77.8952
-77.7672
-77.1853
-76.0851
-74.4021
-72.0744
-69.0438
-65.2609
-60.6923
-55.329
-49.1986
-42.3796
-35.037
-27.6993
9.56985
13.3258
17.4547
21.7827
25.8718
29.8097
33.4475
36.5209
38.9758
40.9059
42.3661
43.4256
44.1872
44.7253
45.0936
45.3363
45.4825
45.5497
45.5482
45.4802
45.3419
45.1228
44.8039
44.3635
43.7959
43.1139
42.3276
41.4436
40.4719
39.4266
38.3266
37.1948
36.0565
34.9369
33.8569
32.8263
31.8359
30.8402
29.7745
5.08728
1.11763
-3.39945
-8.15304
-12.7431
-17.5067
-22.2205
-26.7386
-31.1252
-35.3048
-39.2652
-43.0404
-46.6189
-50.0161
-53.2429
-56.2962
-59.1708
-61.8539
-64.3238
-66.5535
-68.5084
-70.15
-71.4484
-72.3814
-72.9551
-73.1921
-73.073
-72.5467
-71.5562
-70.0447
-67.9566
-65.2391
-61.8458
-57.7442
-52.9203
-47.3909
-41.2145
-34.5222
-27.784
8.83544
12.4205
16.366
20.507
24.4241
28.2022
31.6987
34.6589
37.0299
38.9005
40.3225
41.3606
42.1136
42.6525
43.0289
43.2856
43.451
43.5426
43.5711
43.54
43.4467
43.2825
43.0313
42.6733
42.2022
41.6276
40.9576
40.1972
39.3535
38.4372
37.4628
36.4478
35.4116
34.3736
33.3494
32.3453
31.352
30.3309
29.238
4.58448
0.803346
-3.49531
-8.01256
-12.3678
-16.8813
-21.3401
-25.606
-29.7403
-33.6717
-37.3891
-40.9251
-44.2695
-47.4371
-50.4389
-53.2723
-55.9335
-58.4107
-60.6848
-62.7314
-64.5196
-66.0153
-67.1919
-68.0323
-68.544
-68.7509
-68.6375
-68.1595
-67.2665
-65.9083
-64.0358
-61.6016
-58.5626
-54.8871
-50.5581
-45.5829
-40.0025
-33.918
-27.746
8.15857
11.5799
15.3495
19.3109
23.0625
26.6867
30.047
32.8981
35.1873
36.9997
38.3837
39.4001
40.1434
40.6814
41.0637
41.3317
41.5131
41.6252
41.6792
41.6794
41.6245
41.5076
41.3149
41.0286
40.6415
40.1611
39.5935
38.9423
38.2126
37.4121
36.5515
35.644
34.7039
33.7456
32.7802
31.8108
30.8278
29.7978
28.694
4.12795
0.527125
-3.56282
-7.85448
-11.9859
-16.2615
-20.4782
-24.5051
-28.4008
-32.0978
-35.5861
-38.8973
-42.0222
-44.975
-47.7667
-50.3952
-52.8577
-55.1437
-57.236
-59.1131
-60.7472
-62.1079
-63.1721
-63.9267
-64.3811
-64.5595
-64.4502
-64.0144
-63.2079
-61.9869
-60.3084
-58.1297
-55.4118
-52.1241
-48.2472
-43.7808
-38.7507
-33.232
-27.5931
7.53539
10.7998
14.4008
18.1896
21.7822
25.2582
28.4869
31.2322
33.4421
35.1976
36.5439
37.5381
38.2705
38.8062
39.1923
39.4692
39.6637
39.7928
39.8682
39.8948
39.8726
39.7961
39.6536
39.4292
39.1154
38.7171
38.2393
37.6843
37.0555
36.3583
35.6004
34.7913
33.9411
33.0599
32.1549
31.2266
30.2649
29.2404
28.1401
3.71437
0.286029
-3.60438
-7.68074
-11.599
-15.6482
-19.6349
-23.4352
-27.1052
-30.5808
-33.8536
-36.9536
-39.8724
-42.6243
-45.2198
-47.6575
-49.9351
-52.0436
-53.9677
-55.6879
-57.1796
-58.416
-59.3769
-60.0529
-60.4545
-60.6065
-60.5
-60.1013
-59.372
-58.2739
-56.7696
-54.8212
-52.3934
-49.4572
-45.9917
-41.9904
-37.4663
-32.4726
-27.3338
6.9622
10.0763
13.5154
17.1386
20.5782
23.9112
27.013
29.6558
31.7886
33.4882
34.7971
35.7688
36.4893
37.0212
37.4093
37.6928
37.8977
38.0408
38.134
38.1829
38.1882
38.1459
38.0464
37.8754
37.6248
37.298
36.8985
36.4278
35.888
35.2827
34.617
33.8973
33.1307
32.3235
31.4795
30.5972
29.6657
28.6587
27.5741
3.3406
0.07728
-3.62244
-7.49326
-11.2083
-15.0423
-18.8105
-22.3961
-25.8523
-29.1192
-32.1889
-35.0903
-37.8161
-40.38
-42.7923
-45.0522
-47.1581
-49.1021
-50.8704
-52.446
-53.8065
-54.9286
-55.7949
-56.3989
-56.7525
-56.8802
-56.7758
-56.4101
-55.7498
-54.7619
-53.414
-51.6727
-49.5063
-46.8877
-43.7951
-40.2172
-36.1569
-31.6482
-26.9769
6.4356
9.40556
12.6893
16.1534
19.4457
22.6411
25.6201
28.1637
30.2214
31.8663
33.138
34.0866
34.7944
35.3211
35.7096
35.9976
36.2106
36.365
36.4728
36.54
36.5684
36.5551
36.4921
36.3667
36.1707
35.9057
35.5743
35.1772
34.7155
34.1914
33.6081
32.9696
32.2801
31.5432
30.7601
29.9271
29.0328
28.0533
26.9945
3.00369
-0.101756
-3.61916
-7.29381
-10.8152
-14.4444
-18.0051
-21.3872
-24.6413
-27.7109
-30.5895
-33.3044
-35.8492
-38.2373
-40.4787
-42.5732
-44.5196
-46.3111
-47.9355
-49.3776
-50.6175
-51.6347
-52.4148
-52.9534
-53.2634
-53.3692
-53.2667
-52.9305
-52.3321
-51.443
-50.2354
-48.68
-46.7486
-44.4161
-41.6605
-38.4669
-34.8297
-30.7675
-26.5316
5.95231
8.78414
11.9188
15.2299
18.3805
21.4431
24.3035
26.7509
28.7353
30.3266
31.5614
32.4866
33.1808
33.7011
34.0884
34.3792
34.5981
34.7613
34.8808
34.9631
35.0106
35.0214
34.9892
34.9029
34.7537
34.5419
34.2693
33.9362
33.5429
33.0904
32.5805
32.0151
31.3965
30.726
30.0025
29.2209
28.3692
27.4249
26.4004
2.70086
-0.25357
-3.59667
-7.08404
-10.421
-13.8552
-17.2189
-20.4081
-23.471
-26.3546
-29.053
-31.5927
-33.9679
-36.1917
-38.2737
-40.2142
-42.0127
-43.6631
-45.1546
-46.4737
-47.6031
-48.5245
-49.2258
-49.7052
-49.9761
-50.0624
-49.9615
-49.652
-49.1093
-48.309
-47.227
-45.8383
-44.1179
-42.0423
-39.5901
-36.744
-33.4917
-29.8392
-26.0071
5.50921
8.20863
11.2001
14.3642
17.3785
20.313
23.0587
25.4126
27.3258
28.8643
30.0624
30.9638
31.6437
32.1564
32.5412
32.833
33.056
33.2259
33.3546
33.449
33.5121
33.543
33.5367
33.4833
33.3739
33.2078
32.9859
32.7082
32.3745
31.9849
31.54
31.0405
30.4867
29.8783
29.2127
28.4834
27.6779
26.7751
25.7914
2.42941
-0.380488
-3.55696
-6.86561
-10.0268
-13.2754
-16.452
-19.4584
-22.3405
-25.0485
-27.5774
-29.9524
-32.1686
-34.2388
-36.1723
-37.9697
-39.6309
-41.1507
-42.5197
-43.7259
-44.7539
-45.5879
-46.2178
-46.6438
-46.8796
-46.9486
-46.8497
-46.5644
-46.0718
-45.3512
-44.382
-43.1425
-41.6108
-39.7656
-37.5861
-35.0531
-32.1496
-28.8717
-25.4128
5.1034
7.67591
10.5299
13.5527
16.4355
19.2466
21.8812
24.1445
25.9882
27.4749
28.6366
29.514
30.1786
30.6828
31.0637
31.3552
31.5805
31.7552
31.8909
31.9949
32.0706
32.1179
32.133
32.1073
32.0318
31.9046
31.7261
31.4963
31.2143
30.8798
30.4923
30.0517
29.5569
29.0065
28.3964
27.7193
26.9625
26.1054
25.1676
2.18689
-0.484747
-3.50188
-6.63994
-9.63362
-12.7058
-15.7046
-18.5377
-21.2489
-23.7911
-26.1604
-28.3808
-30.4482
-32.3747
-34.1697
-35.8341
-37.3681
-38.7673
-40.0234
-41.1258
-42.0612
-42.8155
-43.3808
-43.7587
-43.9633
-44.0172
-43.9206
-43.6575
-43.2101
-42.5611
-41.6929
-40.587
-39.224
-37.5848
-35.6494
-33.3979
-30.8097
-27.8732
-24.758
4.73218
7.18294
9.90491
12.7918
15.5482
18.24
20.7672
22.9425
24.7184
26.1542
27.2796
28.1326
28.7815
29.2761
29.6521
29.9419
30.1681
30.3458
30.4866
30.5979
30.6835
30.7441
30.777
30.7742
30.7272
30.633
30.4918
30.303
30.0658
29.7792
29.4425
29.0543
28.6132
28.1164
27.5591
26.9335
26.2263
25.4178
24.5296
1.97092
-0.568374
-3.43327
-6.40846
-9.24251
-12.1467
-14.9768
-17.6457
-20.195
-22.5809
-24.7999
-26.8751
-28.8031
-30.5955
-32.2615
-33.8022
-35.2184
-36.5062
-37.6584
-38.6657
-39.5163
-40.1982
-40.7052
-41.0401
-41.217
-41.258
-41.1638
-40.9211
-40.5148
-39.9301
-39.1524
-38.1658
-36.9535
-35.4982
-33.7811
-31.7819
-29.4778
-26.8514
-24.0515
4.3929
6.72696
9.32219
12.0783
14.7129
17.2896
19.7129
21.8027
23.5124
24.8981
25.9874
26.8159
27.4484
27.9327
28.3027
28.5897
28.8154
28.9947
29.1389
29.2555
29.3488
29.4199
29.4671
29.4834
29.4602
29.3939
29.2842
29.1306
28.932
28.6872
28.3949
28.0536
27.6608
27.2134
26.706
26.1303
25.473
24.7148
23.8783
1.7793
-0.63336
-3.35267
-6.17242
-8.85443
-11.5989
-14.2686
-16.7818
-19.1782
-21.4165
-23.494
-25.433
-27.2303
-28.8974
-30.4433
-31.8692
-33.1762
-34.3611
-35.4178
-36.3378
-37.1112
-37.7275
-38.1819
-38.4783
-38.6309
-38.6609
-38.5695
-38.3456
-37.9765
-37.4497
-36.7531
-35.873
-34.795
-33.5036
-31.9812
-30.2078
-28.159
-25.8135
-23.3019
4.08317
6.30531
8.77881
11.4093
13.9265
16.392
18.7145
20.7213
22.3664
23.7029
24.7564
25.5601
26.1758
26.649
27.0121
27.2952
27.5193
27.6988
27.845
27.9653
28.0643
28.1435
28.2021
28.234
28.2306
28.1877
28.1046
27.981
27.8156
27.6071
27.3538
27.0539
26.7048
26.3027
25.842
25.3142
24.7061
23.9987
23.2151
1.60997
-0.681519
-3.26167
-5.93308
-8.47016
-11.0626
-13.5801
-15.9458
-18.1975
-20.2964
-22.2408
-24.0517
-25.7267
-27.2768
-28.7108
-30.0301
-31.236
-32.3261
-33.2949
-34.1352
-34.8381
-35.395
-35.802
-36.0642
-36.1955
-36.2161
-36.1279
-35.9214
-35.5861
-35.1115
-34.4874
-33.7024
-32.7441
-31.5986
-30.2495
-28.6777
-26.858
-24.7663
-22.5174
3.8007
5.91546
8.2721
10.7816
13.1857
15.5439
17.7688
19.6949
21.2769
22.565
23.583
24.3618
24.9602
25.4217
25.7771
26.0554
26.277
26.4556
26.6024
26.725
26.8279
26.9133
26.9809
27.0253
27.0382
27.0147
26.9541
26.8559
26.719
26.5418
26.3227
26.0596
25.7496
25.3889
24.9716
24.4894
23.9291
23.2722
22.5417
1.46098
-0.714552
-3.16168
-5.69152
-8.09052
-10.5383
-12.9112
-15.137
-17.2518
-19.2194
-21.0384
-22.729
-24.2894
-25.7303
-27.06
-28.2804
-29.3928
-30.3954
-31.2834
-32.0507
-32.6896
-33.1926
-33.5572
-33.789
-33.9017
-33.9145
-33.8297
-33.6395
-33.3348
-32.9072
-32.3482
-31.6481
-30.7962
-29.7804
-28.5856
-27.1934
-25.5787
-23.7156
-21.7054
3.54332
5.55513
7.79953
10.1927
12.4877
14.7423
16.8726
18.7203
20.2405
21.481
22.4639
23.2177
23.7985
24.2477
24.5948
24.8676
25.0857
25.2625
25.4089
25.5325
25.6379
25.7277
25.8021
25.8565
25.8825
25.8751
25.8334
25.7568
25.6441
25.494
25.3047
25.074
24.7991
24.476
24.099
23.6597
23.1454
22.5379
21.8599
1.33052
-0.73406
-3.05406
-5.44874
-7.71615
-10.0263
-12.2618
-14.3551
-16.3404
-18.1838
-19.8848
-21.4626
-22.9156
-24.2544
-25.487
-26.6155
-27.6414
-28.5633
-29.3771
-30.0777
-30.6583
-31.1127
-31.4393
-31.6441
-31.7407
-31.7471
-31.6661
-31.491
-31.2142
-30.829
-30.3282
-29.7039
-28.9468
-28.0462
-26.9884
-25.7561
-24.3244
-22.6669
-20.873
3.30905
5.22208
7.35871
9.63997
11.8298
13.9842
16.023
17.7943
19.2542
20.4479
21.3961
22.1248
22.6877
23.1243
23.4624
23.729
23.9429
24.1171
24.2622
24.3857
24.4924
24.5851
24.6645
24.7267
24.7633
24.7691
24.743
24.6846
24.5927
24.4659
24.3025
24.1004
23.8569
23.5679
23.228
22.8288
22.3582
21.7986
21.1718
1.21689
-0.74155
-2.94004
-5.20572
-7.34776
-9.52689
-11.632
-13.5996
-15.4623
-17.1886
-18.7783
-20.2499
-21.6024
-22.8458
-23.988
-25.0311
-25.977
-26.8245
-27.5703
-28.2099
-28.7375
-29.148
-29.4406
-29.6216
-29.7042
-29.7055
-29.6284
-29.4674
-29.2162
-28.8692
-28.4206
-27.8638
-27.191
-26.3927
-25.4567
-24.3663
-23.098
-21.625
-20.0264
3.09598
4.91429
6.94743
9.12099
11.2095
13.2671
15.217
16.9141
18.3149
19.4627
20.3765
21.0804
21.6252
22.0486
22.3774
22.6373
22.8463
23.0172
23.1602
23.2828
23.3898
23.4842
23.5671
23.6351
23.6802
23.6967
23.6835
23.6403
23.566
23.4593
23.3185
23.1417
22.926
22.6679
22.3619
22.0001
21.5707
21.0569
20.4795
1.1185
-0.738396
-2.82077
-4.96337
-6.98592
-9.04039
-11.0215
-12.8699
-14.6165
-16.2321
-17.717
-19.0889
-20.3471
-21.5013
-22.5593
-23.5232
-24.3949
-25.1739
-25.8572
-26.441
-26.9205
-27.2914
-27.5536
-27.7136
-27.7843
-27.7815
-27.7085
-27.5607
-27.3328
-27.0203
-26.6185
-26.1221
-25.5243
-24.8169
-23.9887
-23.0245
-21.9017
-20.594
-19.1715
2.90237
4.62982
6.56362
8.63357
10.6242
12.5884
14.4519
16.077
17.4199
18.5226
19.4025
20.0817
20.6082
21.0183
21.3374
21.59
21.7938
21.9608
22.1011
22.2221
22.3285
22.4236
22.5087
22.581
22.6325
22.6577
22.6551
22.6246
22.5653
22.4758
22.3547
22.2
22.0093
21.7789
21.5038
21.1765
20.7858
20.3153
19.7853
1.03386
-0.725921
-2.69731
-4.72248
-6.63114
-8.56695
-10.4302
-12.1654
-13.8022
-15.3132
-16.6993
-17.9773
-19.147
-20.218
-21.1974
-22.0876
-22.8907
-23.6064
-24.2323
-24.7652
-25.201
-25.5362
-25.7713
-25.9129
-25.9732
-25.9675
-25.8987
-25.7632
-25.5566
-25.2753
-24.9157
-24.4731
-23.942
-23.3152
-22.5828
-21.7306
-20.7373
-19.5773
-18.3132
2.72656
4.36691
6.20534
8.17559
10.0719
11.9456
13.7255
15.2802
16.5664
17.625
18.4717
19.1263
19.6346
20.0311
20.3401
20.5852
20.7833
20.946
21.0831
21.2019
21.307
21.4019
21.4882
21.5635
21.6199
21.6519
21.658
21.6382
21.5915
21.5168
21.4127
21.2775
21.1089
20.9035
20.6566
20.361
20.0062
19.5765
19.0912
0.961589
-0.705359
-2.57072
-4.48384
-6.28396
-8.10679
-9.85792
-11.4858
-13.0183
-14.4304
-15.7232
-16.9129
-17.9996
-18.9926
-19.8987
-20.7204
-21.4599
-22.1172
-22.6903
-23.1767
-23.5728
-23.8759
-24.0868
-24.2122
-24.2639
-24.256
-24.1915
-24.0675
-23.8805
-23.6275
-23.3057
-22.9113
-22.4395
-21.8844
-21.2369
-20.4841
-19.6059
-18.578
-17.456
2.56699
4.12385
5.8708
7.7451
9.55049
11.3368
13.0353
14.5216
15.7518
16.7672
17.5816
18.2119
18.7019
19.0847
19.3834
19.6208
19.8128
19.9709
20.1045
20.2205
20.3239
20.4179
20.5046
20.5817
20.6418
20.679
20.6922
20.6812
20.6452
20.5832
20.4939
20.3759
20.2269
20.0439
19.8224
19.5559
19.2344
18.8428
18.3994
0.900418
-0.677798
-2.44189
-4.2481
-5.94479
-7.66008
-9.30458
-10.8305
-12.2641
-13.5825
-14.7871
-15.8934
-16.9022
-17.8222
-18.6598
-19.4177
-20.0982
-20.7016
-21.2263
-21.6701
-22.0301
-22.3043
-22.4937
-22.605
-22.6493
-22.6399
-22.5799
-22.4668
-22.2977
-22.0704
-21.7826
-21.4313
-21.0125
-20.5211
-19.9489
-19.2842
-18.5084
-17.5984
-16.6038
2.42228
3.89908
5.55827
7.34018
9.05785
10.7597
12.3791
13.7988
14.9738
15.9472
16.73
17.3362
17.8079
18.177
18.4654
18.6948
18.8807
19.0339
19.1636
19.2767
19.3778
19.4704
19.5568
19.6349
19.6974
19.7388
19.7576
19.7539
19.7269
19.6758
19.5994
19.4964
19.3648
19.2019
19.0035
18.7635
18.4726
18.1164
17.7122
0.849185
-0.6442
-2.31165
-4.01579
-5.61387
-7.22673
-8.76976
-10.1989
-11.5385
-12.7682
-13.8894
-14.9169
-15.8525
-16.704
-17.4775
-18.1758
-18.8015
-19.355
-19.8351
-20.24
-20.5673
-20.8154
-20.9857
-21.0846
-21.1228
-21.1127
-21.0572
-20.9543
-20.8018
-20.5978
-20.3407
-20.028
-19.6566
-19.2217
-18.7164
-18.13
-17.4451
-16.6403
-15.7598
2.29112
3.69116
5.26611
6.95902
8.59202
10.212
11.7543
13.1094
14.23
15.1629
15.9151
16.4975
16.9508
17.3061
17.5841
17.8055
17.9851
18.1332
18.2589
18.3687
18.4674
18.5582
18.6436
18.722
18.7862
18.8307
18.854
18.8563
18.8369
18.7952
18.73
18.6402
18.5241
18.3791
18.2016
17.9858
17.7229
17.3994
17.0317
0.80667
-0.605639
-2.18087
-3.78764
-5.29175
-6.80686
-8.25322
-9.59026
-10.8404
-11.9861
-13.028
-13.9812
-14.8481
-15.6355
-16.3488
-16.9913
-17.5659
-18.0732
-18.5121
-18.8812
-19.1788
-19.4034
-19.5567
-19.645
-19.6783
-19.668
-19.617
-19.5238
-19.3866
-19.2039
-18.9746
-18.6967
-18.3675
-17.9831
-17.5372
-17.0203
-16.4163
-15.7052
-14.9268
2.17219
3.49881
4.99317
6.60028
8.15158
9.69214
11.1592
12.451
13.5174
14.4122
15.1352
15.6937
16.1286
16.4702
16.738
16.9513
17.1244
17.2674
17.389
17.4954
17.5912
17.68
17.7641
17.8421
17.9073
17.954
17.981
17.9883
17.9754
17.9417
17.8864
17.8082
17.7058
17.577
17.4182
17.2243
16.9871
16.6937
16.3598
0.771679
-0.563533
-2.05094
-3.56501
-4.97941
-6.40152
-7.75555
-9.00465
-10.1691
-11.2353
-12.2009
-13.0833
-13.8862
-14.6138
-15.2703
-15.8604
-16.3874
-16.8518
-17.2528
-17.5892
-17.8596
-18.063
-18.2013
-18.2803
-18.3095
-18.2995
-18.2532
-18.1691
-18.0461
-17.883
-17.6789
-17.4323
-17.1409
-16.8016
-16.4086
-15.9535
-15.4216
-14.7942
-14.107
2.06428
3.3209
4.73833
6.26321
7.73612
9.19994
10.5935
11.8229
12.8323
13.6914
14.3874
14.9223
15.3388
15.6672
15.9249
16.1303
16.2971
16.435
16.5523
16.6552
16.7482
16.8346
16.9171
16.9945
17.0601
17.1085
17.1383
17.1497
17.1424
17.1157
17.0689
17.0011
16.911
16.7965
16.6547
16.4807
16.2669
16.0011
15.6983
0.74333
-0.518552
-1.92246
-3.34842
-4.67753
-6.01127
-7.2772
-8.44255
-9.52494
-10.5163
-11.4066
-12.2204
-12.9637
-13.6352
-14.238
-14.7787
-15.2614
-15.6862
-16.0521
-16.3585
-16.6043
-16.7888
-16.9139
-16.985
-17.011
-17.0019
-16.9602
-16.885
-16.7751
-16.63
-16.4488
-16.2306
-15.9733
-15.6742
-15.3286
-14.9285
-14.4606
-13.9079
-13.3025
1.96638
3.15615
4.50033
5.94622
7.34406
8.7339
10.0569
11.2251
12.1734
12.9986
13.6694
14.1808
14.5793
14.8947
15.1428
15.3405
15.5011
15.634
15.7472
15.8466
15.9367
16.0208
16.1015
16.178
16.2437
16.2933
16.3255
16.3404
16.3379
16.3173
16.2782
16.2196
16.1404
16.0389
15.9124
15.7564
15.5639
15.3234
15.0493
0.721719
-0.469858
-1.79374
-3.13555
-4.38344
-5.63299
-6.81554
-7.9017
-8.90653
-9.82633
-10.6445
-11.395
-12.0831
-12.7003
-13.2509
-13.7446
-14.1855
-14.5729
-14.9059
-15.1845
-15.4077
-15.5752
-15.6886
-15.7531
-15.7768
-15.7688
-15.7319
-15.6652
-15.5678
-15.4393
-15.2792
-15.0866
-14.8601
-14.5973
-14.2939
-13.943
-13.5325
-13.0466
-12.5142
1.87795
3.00348
4.27622
5.64511
6.9698
8.28694
9.54209
10.6516
11.5448
12.3404
12.9847
13.4707
13.8507
14.1533
14.3915
14.5812
14.7355
14.8633
14.9724
15.0684
15.1555
15.2372
15.3162
15.3916
15.4571
15.5076
15.5418
15.5598
15.5615
15.5464
15.5141
15.4637
15.3944
15.3046
15.192
15.0523
14.8793
14.6619
14.414
0.706456
-0.417614
-1.6641
-2.92514
-4.09474
-5.2632
-6.36554
-7.37669
-8.30795
-9.15913
-9.90746
-10.6077
-11.2488
-11.8111
-12.3086
-12.7572
-13.1588
-13.5106
-13.8122
-14.0644
-14.2667
-14.4186
-14.5215
-14.5804
-14.6025
-14.5963
-14.5644
-14.5059
-14.4202
-14.3073
-14.1666
-13.9974
-13.7988
-13.5686
-13.303
-12.9961
-12.6368
-12.2109
-11.7442
1.79851
2.86185
4.06472
5.35728
6.60913
7.8524
9.03981
10.0883
10.9387
11.7205
12.337
12.7921
13.1526
13.4431
13.6715
13.8531
14.001
14.1238
14.2288
14.3212
14.4054
14.4847
14.5617
14.6358
14.701
14.7522
14.7881
14.8088
14.8142
14.804
14.7777
14.7348
14.6745
14.5953
14.4951
14.3703
14.2149
14.0187
13.7949
0.695615
-0.375586
-1.56193
-2.75452
-3.85407
-4.94408
-5.95823
-6.87822
-7.70626
-8.46412
-9.0826
-9.77007
-10.4198
-10.9607
-11.4341
-11.8681
-12.259
-12.6001
-12.8918
-13.1362
-13.3327
-13.4805
-13.5812
-13.6392
-13.6623
-13.6589
-13.6317
-13.5797
-13.503
-13.4022
-13.2735
-13.1201
-12.9408
-12.7334
-12.4941
-12.2177
-11.8943
-11.5107
-11.0908
1.73801
2.75136
3.89952
5.1239
6.30519
7.46505
8.55593
9.4881
10.2399
11.0941
11.7259
12.1699
12.5287
12.8227
13.0529
13.2348
13.3828
13.506
13.6113
13.704
13.7886
13.8684
13.9463
14.0216
14.0885
14.1416
14.1796
14.2029
14.2114
14.2048
14.1828
14.1449
14.0905
14.0183
13.9265
13.8114
13.6677
13.4856
13.278
0.687757
-0.339877
-1.47487
-2.6074
-3.64152
-4.65311
-5.57527
-6.39292
-7.09905
-7.743
-8.19016
-8.90071
-9.5966
-10.1393
-10.6084
-11.0477
-11.4467
-11.794
-12.0906
-12.3394
-12.5402
-12.6921
-12.7966
-12.8581
-12.8849
-12.8854
-12.8632
-12.8165
-12.7471
-12.6556
-12.5337
-12.3906
-12.2248
-12.033
-11.8117
-11.5566
-11.2584
-10.9046
-10.5175
1.68897
2.66061
3.7598
4.92039
6.03019
7.09729
8.07308
8.86739
9.49559
10.4636
11.1426
11.5911
11.9592
12.2665
12.5065
12.6946
12.8474
12.9746
13.0833
13.179
13.2662
13.3487
13.4294
13.5077
13.5778
13.6338
13.6746
13.7006
13.7118
13.708
13.6891
13.6546
13.604
13.5364
13.45
13.3413
13.2054
13.0323
12.8353
0.681579
-0.302053
-1.38521
-2.45728
-3.42611
-4.3596
-5.19201
-5.90987
-6.50115
-7.03431
-7.32223
-8.04189
-8.7743
-9.31638
-9.77701
-10.217
-10.6211
-10.9725
-11.2724
-11.5247
-11.7293
-11.8849
-11.9932
-12.0582
-12.0887
-12.0936
-12.0768
-12.0361
-11.9744
-11.8933
-11.7791
-11.6471
-11.4957
-11.3201
-11.1173
-10.8835
-10.6106
-10.2867
-9.93478
1.64095
2.57064
3.62016
4.71666
5.756
6.73004
7.59496
8.25979
8.76655
9.82472
10.5527
11.0064
11.38
11.6983
11.9476
12.1418
12.299
12.4299
12.5417
12.6402
12.73
12.815
12.8985
12.98
13.0532
13.1122
13.1559
13.1847
13.1988
13.1981
13.1824
13.1514
13.105
13.0421
12.961
12.8589
12.7307
12.5669
12.3807
0.676802
-0.262815
-1.29401
-2.30596
-3.21009
-4.06642
-4.8119
-5.43239
-5.91663
-6.33784
-6.48463
-7.19738
-7.95215
-8.49196
-8.94219
-9.37832
-9.78385
-10.1373
-10.439
-10.6935
-10.9011
-11.0602
-11.1722
-11.2408
-11.2752
-11.2842
-11.2726
-11.2373
-11.183
-11.1114
-11.0041
-10.8823
-10.7443
-10.584
-10.3989
-10.186
-9.93766
-9.64188
-9.31813
1.59408
2.48205
3.48163
4.51447
5.48475
6.36552
7.12508
7.66498
8.0576
9.17825
9.9544
10.4169
10.7935
11.1201
11.3777
11.5778
11.7393
11.8737
11.9886
12.0898
12.182
12.2694
12.3556
12.4401
12.5165
12.5786
12.6252
12.657
12.6741
12.6766
12.6644
12.6374
12.5954
12.5375
12.4623
12.3669
12.2466
12.0922
11.9166
0.673455
-0.222556
-1.20216
-2.15485
-2.9955
-3.77625
-4.43801
-4.96375
-5.34868
-5.65531
-5.68077
-6.37095
-7.13151
-7.66557
-8.10389
-8.53219
-8.93533
-9.28866
-9.59065
-9.84633
-10.0562
-10.2185
-10.3343
-10.4075
-10.4472
-10.4625
-10.4585
-10.4316
-10.3878
-10.3287
-10.232
-10.1235
-10.0012
-9.85835
-9.69216
-9.50045
-9.27698
-9.01207
-8.73107
1.54881
2.39555
3.34536
4.31553
5.21854
6.00578
6.66581
7.08084
7.3678
8.52516
9.34538
9.82101
10.2009
10.5341
10.7986
11.0035
11.1686
11.3063
11.4243
11.5284
11.6233
11.7134
11.8023
11.89
11.9699
12.0355
12.0854
12.1205
12.141
12.1469
12.1383
12.1153
12.0776
12.0248
11.9555
11.8671
11.755
11.6104
11.446
0.671391
-0.181971
-1.11114
-2.00595
-2.78502
-3.49241
-4.07424
-4.50834
-4.80132
-4.98978
-4.91259
-5.56495
-6.31356
-6.83685
-7.2618
-7.67888
-8.07577
-8.42646
-8.72749
-8.98357
-9.19523
-9.36044
-9.47918
-9.5551
-9.597
-9.6146
-9.61368
-9.59024
-9.55134
-9.49887
-9.40736
-9.30708
-9.19628
-9.06739
-8.91801
-8.74637
-8.54553
-8.30237
-8.0277
1.50573
2.31235
3.21294
4.1223
4.95945
5.65295
6.21912
6.50536
6.69291
7.8662
8.72419
9.21525
9.59968
9.94042
10.2133
10.4235
10.591
10.7303
10.8501
10.9563
11.0537
11.1465
11.2384
11.3295
11.4131
11.4826
11.5367
11.576
11.6011
11.6118
11.6082
11.5903
11.5581
11.511
11.4479
11.3663
11.2621
11.1263
10.9704
0.670401
-0.142506
-1.02354
-1.86289
-2.5825
-3.21914
-3.72443
-4.06983
-4.27683
-4.34325
-4.18092
-4.78073
-5.49975
-6.00589
-6.41518
-6.81768
-7.20462
-7.54978
-7.84804
-8.10368
-8.31761
-8.48792
-8.6149
-8.70225
-8.75783
-8.79
-8.8049
-8.79836
-8.77842
-8.74678
-8.67391
-8.59334
-8.50335
-8.39527
-8.26671
-8.11719
-7.94407
-7.74396
-7.5526
1.46594
2.23452
3.08737
3.93841
4.70951
5.30706
5.78273
5.93184
6.02291
7.20056
8.09301
8.5995
8.98562
9.33129
9.61439
9.83495
10.0099
10.1534
10.2751
10.3824
10.4807
10.5749
10.6691
10.7631
10.8501
10.9228
10.98
11.0226
11.0512
11.066
11.0672
11.0552
11.0298
10.9907
10.9367
10.8654
10.7729
10.6519
10.5171
0.670023
-0.105968
-0.942715
-1.73027
-2.39317
-2.96173
-3.39218
-3.64971
-3.7746
-3.71659
-3.48487
-4.01854
-4.69127
-5.17252
-5.56242
-5.94684
-6.32041
-6.65764
-6.95127
-7.20382
-7.41514
-7.58202
-7.70301
-7.78011
-7.8233
-7.84471
-7.85058
-7.83615
-7.80969
-7.77221
-7.6952
-7.61525
-7.53067
-7.43282
-7.31924
-7.18831
-7.03072
-6.82577
-6.55975
1.43017
2.16367
2.97156
3.76779
4.47083
4.96928
5.35561
5.35279
5.34107
6.51864
7.4526
7.98483
8.37438
8.71509
8.99442
9.21676
9.39945
9.55378
9.68618
9.80186
9.90634
10.0052
10.1036
10.2026
10.2958
10.3757
10.4399
10.489
10.523
10.5422
10.5466
10.5368
10.5129
10.4753
10.4234
10.3553
10.2664
10.1446
9.99335
0.66986
-0.0724024
-0.868871
-1.60951
-2.22022
-2.72573
-3.08385
-3.25565
-3.30276
-3.11782
-2.8238
-3.27751
-3.88932
-4.33681
-4.70199
-5.06302
-5.41795
-5.74493
-6.03741
-6.29716
-6.52399
-6.71599
-6.87342
-6.9987
-7.09315
-7.16088
-7.21063
-7.23935
-7.25911
-7.27001
-7.23443
-7.19139
-7.14054
-7.07224
-6.985
-6.8816
-6.76883
-6.66029
-6.62435
1.39734
2.09828
2.86469
3.61155
4.24702
4.65291
4.95575
4.77135
4.63242
5.79756
6.77486
7.35516
7.78277
8.14498
8.42312
8.62619
8.78398
8.91935
9.04277
9.1578
9.26657
9.3719
9.47727
9.58282
9.68217
9.76939
9.84384
9.90642
9.95726
9.99631
10.0233
10.0379
10.0394
10.0268
9.99896
9.95444
9.89378
9.82025
9.76793
0.670214
-0.040657
-0.800155
-1.49882
-2.06404
-2.51605
-2.81081
-2.91004
-2.8885
-2.56476
-2.19832
-2.55992
-3.09564
-3.49792
-3.83419
-4.16844
-4.49474
-4.79248
-5.05541
-5.28412
-5.47595
-5.6236
-5.72031
-5.76616
-5.78205
-5.78972
-5.7909
-5.77644
-5.75139
-5.71562
-5.6471
-5.58367
-5.52273
-5.4557
-5.37922
-5.28832
-5.16229
-4.95746
-4.602
1.3672
2.03799
2.76692
3.47054
4.04406
4.38071
4.60678
4.18739
3.89607
5.03492
6.01686
6.61298
7.08316
7.51912
7.88264
8.15367
8.34503
8.47985
8.58157
8.668
8.7507
8.83719
8.93254
9.03495
9.13177
9.21149
9.27165
9.31357
9.33896
9.34928
9.34603
9.33115
9.30672
9.27434
9.23399
9.18134
9.10198
8.95954
8.70948
0.671403
-0.0183989
-0.750713
-1.41495
-1.9407
-2.34439
-2.57895
-2.61585
-2.52068
-2.03561
-1.59777
-1.87448
-2.3172
-2.65136
-2.94768
-3.26355
-3.59202
-3.91371
-4.22132
-4.51491
-4.7955
-5.06532
-5.32519
-5.56772
-5.76396
-5.90457
-6.01734
-6.10961
-6.20557
-6.30127
-6.33053
-6.33397
-6.3304
-6.31343
-6.27935
-6.23643
-6.21519
-6.27012
-6.54349
1.34869
1.99929
2.69977
3.36369
3.87382
4.14533
4.24291
3.51881
3.11774
4.29994
5.29016
5.83743
6.2149
6.55599
6.88095
7.19466
7.49447
7.76601
7.99735
8.18644
8.33935
8.46602
8.58091
8.70443
8.85051
9.00681
9.15609
9.29291
9.41575
9.52365
9.61451
9.68541
9.7341
9.75944
9.76349
9.75438
9.75791
9.8313
10.088
0.670699
-0.0277152
-0.760674
-1.40859
-1.89908
-2.24119
-2.38452
-2.3169
-2.07624
-1.41181
-0.976374
-1.21406
-1.57726
-1.82372
-2.0155
-2.20231
-2.38695
-2.56104
-2.71926
-2.85618
-2.95906
-3.00752
-2.98676
-2.90577
-2.83101
-2.79761
-2.78133
-2.7488
-2.69146
-2.65032
-2.58052
-2.52
-2.47654
-2.43704
-2.3943
-2.33933
-2.22476
-1.96507
-1.36923
1.35731
2.01287
2.70554
3.33302
3.7593
3.89971
3.69302
2.60917
2.19688
3.56604
4.79187
5.58762
6.0891
6.3541
6.41028
6.33702
6.22001
6.12846
6.09166
6.11239
6.18215
6.29207
6.42564
6.54137
6.59364
6.60081
6.59825
6.59138
6.57914
6.56123
6.54154
6.52525
6.51606
6.51507
6.5173
6.50392
6.41924
6.1501
5.51201
0.663461
-0.0676278
-0.826336
-1.47911
-1.94438
-2.2196
-2.24991
-2.03169
-1.56956
-0.731662
-0.311669
-0.503335
-0.839332
-1.15437
-1.47171
-1.80298
-2.15127
-2.51838
-2.90957
-3.33427
-3.80542
-4.32968
-4.88258
-5.4015
-5.77493
-6.00256
-6.22671
-6.40472
-6.70181
-7.1347
-7.00987
-7.03227
-7.16479
-7.26239
-7.30932
-7.35478
-7.47736
-7.78901
-8.50292
1.38093
2.06004
2.76358
3.36649
3.70857
3.67334
3.05838
1.65386
1.00117
2.2216
3.57892
4.92492
6.23675
7.48257
8.54189
9.35401
9.93748
10.3109
10.5238
10.6316
10.6828
10.7167
10.7906
10.9964
11.3693
11.7747
12.1088
12.3842
12.6236
12.8311
12.9996
13.1254
13.2107
13.2626
13.298
13.3511
13.5084
13.9011
14.7429
119.633
117.567
114.973
111.924
108.264
103.966
99.0545
93.6069
87.7683
81.7264
75.6576
69.6853
63.8758
58.2564
52.8365
47.6207
42.6116
37.8114
33.2214
28.8412
24.668
20.6987
16.9285
13.3526
9.96568
6.76303
3.73999
0.89143
-1.7871
-4.30021
-6.65072
-8.84018
-10.8702
-12.741
-14.4528
-16.0062
-17.4015
-18.6398
-19.7227
-20.6524
-21.4318
-22.0651
-22.5568
-22.9125
-23.1387
-23.2426
-23.2318
-23.1146
-22.8995
-22.5956
-22.2118
-21.757
-21.2401
-20.6696
-20.0538
-19.4002
-18.7163
-18.0086
-17.2832
-16.5457
-15.8008
-15.0529
-14.3057
-13.5623
-12.8258
-12.0978
-11.3819
-10.7694
-10.2232
-9.67203
-9.07468
-8.52943
-7.81848
-7.42918
-6.3484
-6.62449
-4.32553
-6.74399
-0.989983
-9.00301
119.324
115.705
111.744
107.657
103.488
99.3107
95.1827
91.1329
87.1787
83.3336
79.6086
76.0147
72.5619
69.2585
66.1115
63.126
60.305
57.6504
55.1615
52.8362
50.6704
48.6589
46.7951
45.0715
43.4798
42.0115
40.6578
39.4098
38.2589
37.1965
36.2149
35.306
34.4625
33.6772
32.9435
32.2546
31.6043
30.9865
30.3953
29.8252
29.2709
28.7274
28.1903
27.6553
27.1189
26.578
26.0299
25.4728
24.905
24.3257
23.7345
23.1315
22.5171
21.8924
21.2584
20.6168
19.9692
19.3176
18.664
18.0103
17.3586
16.711
16.0693
15.4354
14.8114
14.1988
13.6007
13.0984
12.6654
12.221
11.7669
11.3069
10.8379
10.4049
9.85873
9.72713
8.4902
10.27
5.07753
15.0986
48.6863
48.2342
47.9159
47.6282
47.2991
46.9232
46.4732
45.9037
45.1698
44.2405
43.1019
41.7533
40.2012
38.4571
36.5367
34.4582
32.2416
29.9081
27.4788
24.9756
22.4197
19.8322
17.2329
14.64
12.0707
9.53967
7.06018
4.64509
2.30735
0.0574575
-2.09563
-4.14439
-6.08324
-7.90697
-9.61119
-11.1925
-12.648
-13.9755
-15.1733
-16.2405
-17.1771
-17.9838
-18.6624
-19.2151
-19.6456
-19.9582
-20.1579
-20.2506
-20.2425
-20.1409
-19.9529
-19.6863
-19.3487
-18.948
-18.4917
-17.9873
-17.4419
-16.8623
-16.2547
-15.625
-14.9786
-14.3202
-13.6541
-12.9841
-12.3138
-11.6454
-10.9827
-10.4122
-9.90076
-9.38539
-8.81881
-8.30818
-7.62223
-7.26603
-6.2102
-6.5008
-4.2672
-6.60778
-1.09199
-8.80589
48.938
49.1564
49.6904
50.1619
50.5371
50.8078
50.9655
51.0072
50.9339
50.7488
50.4551
50.0568
49.5596
48.9693
48.2939
47.542
46.7228
45.8467
44.925
43.9691
42.9903
41.9995
41.0069
40.0224
39.0542
38.1094
37.1936
36.3114
35.4656
34.6579
33.8888
33.1578
32.4636
31.8042
31.1772
30.5794
30.0078
29.4588
28.9288
28.4143
27.9117
27.4173
26.9279
26.4401
25.951
25.4579
24.9585
24.451
23.9336
23.4054
22.8657
22.3143
21.7513
21.1772
20.593
19.9999
19.3991
18.7924
18.1815
17.5684
16.9548
16.3429
15.7345
15.1317
14.5364
13.9502
13.3765
12.8935
12.4767
12.0481
11.6092
11.1644
10.7092
10.292
9.7566
9.64003
8.42609
10.1534
5.16928
14.7438
26.6318
26.2575
25.8907
25.5197
25.1164
24.6812
24.2144
23.7151
23.186
22.6323
22.0591
21.4697
20.8623
20.229
19.5587
18.8391
18.059
17.2092
16.2816
15.2709
14.1742
12.9914
11.7245
10.3789
8.96181
7.48302
5.95416
4.38742
2.79566
1.19209
-0.409704
-1.99593
-3.55378
-5.07082
-6.5355
-7.93751
-9.26753
-10.5174
-11.6801
-12.7495
-13.721
-14.5912
-15.3574
-16.0182
-16.5735
-17.0241
-17.3719
-17.6197
-17.7711
-17.8308
-17.8039
-17.696
-17.5133
-17.2622
-16.9492
-16.5811
-16.1643
-15.7052
-15.2099
-14.6843
-14.1339
-13.5636
-12.9782
-12.3816
-11.7781
-11.1703
-10.562
-10.035
-9.55982
-9.08069
-8.54763
-8.06983
-7.41749
-7.0821
-6.07801
-6.34217
-4.24188
-6.4098
-1.24819
-8.49853
26.8999
27.142
27.4228
27.6957
28.0007
28.3339
28.6905
29.0654
29.4531
29.8472
30.2412
30.628
31.0007
31.3524
31.6762
31.9657
32.2147
32.4179
32.5707
32.6698
32.7131
32.6995
32.6295
32.505
32.329
32.1055
31.8393
31.5359
31.201
30.8405
30.4598
30.0642
29.6581
29.2456
28.8295
28.4124
27.9956
27.5802
27.1662
26.7534
26.3411
25.928
25.5129
25.0941
24.6702
24.2395
23.8004
23.3518
22.8923
22.4211
21.9377
21.4418
20.9334
20.4128
19.8809
19.3384
18.7867
18.2271
17.6611
17.0906
16.5174
15.9433
15.3704
14.8006
14.2361
13.6783
13.1309
12.669
12.2699
11.8588
11.4367
11.0086
10.5692
10.1673
9.64982
9.53282
8.38021
9.98324
5.3148
14.3357
27.2314
27.0134
26.7794
26.5277
26.2366
25.8882
25.4683
24.9638
24.3671
23.6789
22.9088
22.0725
21.1866
20.2628
19.3082
18.3263
17.32
16.2914
15.2419
14.1721
13.0824
11.9719
10.8398
9.68494
8.50657
7.30426
6.07862
4.8309
3.5637
2.28057
0.986522
-0.312027
-1.60798
-2.89324
-4.15898
-5.39624
-6.59592
-7.74917
-8.84752
-9.88309
-10.8489
-11.739
-12.5481
-13.2722
-13.9082
-14.4543
-14.9097
-15.2747
-15.5504
-15.7391
-15.8439
-15.8684
-15.8173
-15.6952
-15.5078
-15.2604
-14.959
-14.6092
-14.2168
-13.7874
-13.3264
-12.8388
-12.3295
-11.8027
-11.2629
-10.7131
-10.1573
-9.67216
-9.2309
-8.78544
-8.28385
-7.83713
-7.21572
-6.90311
-5.94057
-6.19749
-4.18798
-6.26017
-1.31319
-8.29913
27.4112
27.5758
27.7215
27.8501
27.9663
28.0654
28.149
28.2182
28.274
28.3177
28.3508
28.3746
28.3907
28.4004
28.4049
28.4052
28.4018
28.395
28.3844
28.3691
28.3478
28.3189
28.2802
28.2295
28.1647
28.0836
27.9844
27.8657
27.7265
27.5666
27.3861
27.1858
26.9668
26.7305
26.4787
26.2129
25.9348
25.6457
25.3467
25.0387
24.722
24.397
24.0632
23.7205
23.3681
23.0053
22.6314
22.2455
21.8469
21.4351
21.0096
20.5702
20.117
19.6502
19.1705
18.6785
18.1755
17.6625
17.1411
16.6129
16.0797
15.5432
15.0055
14.4686
13.9345
13.4048
12.8835
12.4421
12.0599
11.6655
11.2598
10.8479
10.4238
10.0367
9.53504
9.42261
8.31169
9.84834
5.35789
14.0747
23.6847
23.4697
23.2519
23.0416
22.8272
22.597
22.3424
22.0547
21.7235
21.3393
20.8959
20.3923
19.8311
19.2165
18.5508
17.8348
17.0683
16.2519
15.3873
14.4766
13.523
12.5298
11.501
10.4406
9.3525
8.24077
7.10931
5.96185
4.80224
3.63418
2.46144
1.28825
0.118814
-1.04221
-2.18958
-3.31777
-4.42077
-5.49231
-6.52582
-7.51477
-8.45285
-9.33403
-10.1527
-10.9038
-11.5832
-12.1874
-12.7139
-13.161
-13.5282
-13.8156
-14.0245
-14.1567
-14.2152
-14.2032
-14.1247
-13.9842
-13.7865
-13.5364
-13.2391
-12.8997
-12.5233
-12.1147
-11.6788
-11.2199
-10.7424
-10.25
-9.7462
-9.30251
-8.89505
-8.48313
-8.01309
-7.59783
-7.00654
-6.71974
-5.79249
-6.05597
-4.11165
-6.13217
-1.32937
-8.15121
23.8483
23.9821
24.1208
24.2621
24.4024
24.5404
24.6757
24.8064
24.9314
25.0491
25.1579
25.2566
25.344
25.4188
25.4803
25.5278
25.561
25.5801
25.5852
25.577
25.5561
25.5236
25.4803
25.4272
25.3649
25.2942
25.2152
25.1281
25.0327
24.9285
24.8152
24.6921
24.5585
24.4139
24.2578
24.0899
23.91
23.7179
23.5135
23.297
23.0682
22.8271
22.5735
22.3073
22.028
21.7353
21.4287
21.1078
20.7722
20.4214
20.0552
19.6735
19.2764
18.8642
18.4373
17.9964
17.5426
17.0769
16.6006
16.1154
15.6229
15.1248
14.6232
14.1198
13.6171
13.1164
12.6219
12.2015
11.8366
11.4594
11.0704
10.6751
10.2668
9.8947
9.40893
9.30394
8.22507
9.72261
5.34683
13.8608
18.7722
18.5768
18.3769
18.1846
17.9915
17.792
17.5814
17.3539
17.1038
16.8251
16.513
16.1653
15.7825
15.3674
14.9228
14.4498
13.9474
13.4134
12.8455
12.2416
11.6002
10.9202
10.2008
9.44218
8.64508
7.81096
6.94202
6.04111
5.11178
4.15802
3.1842
2.19523
1.19605
0.191872
-0.811831
-1.80956
-2.79564
-3.76435
-4.70976
-5.62604
-6.50734
-7.34799
-8.14245
-8.88549
-9.57242
-10.199
-10.7615
-11.2573
-11.6841
-12.0406
-12.3264
-12.5419
-12.6881
-12.767
-12.7811
-12.7335
-12.6277
-12.4678
-12.2579
-12.0026
-11.7063
-11.3735
-11.0089
-10.6166
-10.2009
-9.76566
-9.31435
-8.91275
-8.54007
-8.16277
-7.72576
-7.34304
-6.78362
-6.52342
-5.6337
-5.90337
-4.02785
-5.99227
-1.34313
-7.98541
18.9121
19.0222
19.1426
19.2673
19.3965
19.5306
19.6696
19.8131
19.9608
20.1122
20.2668
20.4239
20.5824
20.7414
20.8996
21.0557
21.2081
21.3553
21.4958
21.6279
21.7503
21.8615
21.9604
22.0461
22.118
22.1756
22.2186
22.2472
22.2615
22.2618
22.2483
22.2213
22.1811
22.1278
22.0615
21.9821
21.8895
21.7836
21.664
21.5305
21.3829
21.2208
21.044
20.8521
20.6448
20.4218
20.1827
19.9273
19.6551
19.366
19.0598
18.7365
18.3963
18.0392
17.6659
17.2769
16.8732
16.4557
16.0257
15.5847
15.1341
14.6758
14.2116
13.7434
13.2735
12.8034
12.3372
11.9393
11.593
11.2341
10.8632
10.4855
10.0944
9.73797
9.27016
9.17122
8.12935
9.57811
5.33226
13.6174
15.6814
15.521
15.3543
15.19
15.0232
14.8522
14.6755
14.4883
14.2853
14.0612
13.8106
13.5292
13.2157
12.8715
12.4998
12.1042
11.6867
11.2481
10.7877
10.3043
9.7971
9.26534
8.70815
8.12476
7.5145
6.87691
6.21172
5.51906
4.79957
4.05431
3.28497
2.49389
1.68392
0.858491
0.0216571
-0.822145
-1.66803
-2.51087
-3.34519
-4.16544
-4.96599
-5.74124
-6.48566
-7.19383
-7.86074
-8.48168
-9.05231
-9.56891
-10.0283
-10.428
-10.7663
-11.0422
-11.2553
-11.4062
-11.496
-11.5264
-11.4999
-11.4192
-11.2878
-11.1091
-10.887
-10.6255
-10.3287
-10.0004
-9.6449
-9.26596
-8.86671
-8.50731
-8.16978
-7.82749
-7.42438
-7.07462
-6.54867
-6.31478
-5.46578
-5.73877
-3.93882
-5.83822
-1.35552
-7.79864
15.8022
15.9053
16.016
16.1295
16.2467
16.3676
16.4919
16.6197
16.7508
16.8852
17.0228
17.1634
17.3069
17.453
17.6016
17.7524
17.9048
18.0584
18.2127
18.3669
18.52
18.6711
18.8191
18.9626
19.1005
19.2313
19.3536
19.4664
19.5683
19.6583
19.7355
19.7992
19.8488
19.8839
19.9041
19.9093
19.8991
19.8736
19.8324
19.7755
19.7027
19.6136
19.5081
19.3858
19.2465
19.0898
18.9155
18.7232
18.5128
18.284
18.0367
17.7709
17.4868
17.1845
16.8644
16.5272
16.1736
15.8046
15.4212
15.0249
14.617
14.1993
13.7735
13.3415
12.9056
12.4672
12.0306
11.6564
11.3296
10.9902
10.6384
10.2793
9.90646
9.56635
9.11854
9.02363
8.02504
9.41341
5.31519
13.351
13.6066
13.4729
13.3323
13.1912
13.0467
12.8987
12.7483
12.5937
12.431
12.256
12.0642
11.8507
11.6111
11.3436
11.0487
10.7287
10.3862
10.0229
9.63945
9.23527
8.80966
8.36214
7.89246
7.4005
6.88624
6.34978
5.79124
5.21091
4.60928
3.98691
3.34465
2.68365
2.0053
1.31138
0.604162
-0.113716
-0.839121
-1.56851
-2.29789
-3.0229
-3.73895
-4.44121
-5.12473
-5.78447
-6.41552
-7.01313
-7.57274
-8.0902
-8.56171
-8.98407
-9.35461
-9.67125
-9.93264
-10.138
-10.2873
-10.3812
-10.4209
-10.4081
-10.3451
-10.2346
-10.0797
-9.88357
-9.64985
-9.38206
-9.08389
-8.75919
-8.41062
-8.09268
-7.7899
-7.48221
-7.11309
-6.79607
-6.30436
-6.09636
-5.28956
-5.56514
-3.8418
-5.67697
-1.35634
-7.60743
13.7116
13.8051
13.9044
14.0069
14.1132
14.2232
14.3368
14.4538
14.5744
14.6982
14.8252
14.9551
15.0879
15.2231
15.3606
15.5001
15.6413
15.7839
15.9276
16.072
16.2166
16.3612
16.5052
16.6481
16.7893
16.9281
17.0637
17.1952
17.3218
17.4423
17.5557
17.6609
17.7569
17.8424
17.9165
17.9784
18.027
18.0617
18.0818
18.0866
18.0756
18.0484
18.0044
17.9433
17.8645
17.7677
17.6526
17.5188
17.366
17.194
17.0027
16.7919
16.5618
16.3124
16.0441
15.7575
15.4531
15.1318
14.7946
14.4427
14.0774
13.7004
13.3134
12.9181
12.5168
12.1109
11.7047
11.3548
11.0483
10.7289
10.3969
10.0572
9.70347
9.37998
8.95363
8.86145
7.90959
9.23394
5.28421
13.0814
11.8356
11.7221
11.602
11.4803
11.3542
11.2236
11.0906
10.9555
10.8173
10.673
10.5192
10.3525
10.1686
9.96374
9.7359
9.48526
9.21346
8.92242
8.61366
8.28763
7.94373
7.58101
7.19871
6.7963
6.37346
5.92995
5.46573
4.98086
4.4757
3.95072
3.40665
2.8445
2.26538
1.67073
1.06227
0.44195
-0.187956
-0.824848
-1.46581
-2.10757
-2.74663
-3.37916
-4.00112
-4.60824
-5.1962
-5.76064
-6.29724
-6.80187
-7.27058
-7.69983
-8.08643
-8.42762
-8.72129
-8.96577
-9.1601
-9.30386
-9.39724
-9.44103
-9.43653
-9.38551
-9.29023
-9.15322
-8.97739
-8.7658
-8.52164
-8.24859
-7.94878
-7.67105
-7.40227
-7.12848
-6.79316
-6.50842
-6.05132
-5.86884
-5.10486
-5.38335
-3.73538
-5.51045
-1.34338
-7.41655
11.9259
12.0073
12.0937
12.1835
12.2772
12.3746
12.4759
12.5809
12.6899
12.8028
12.9194
13.0398
13.1639
13.2915
13.4224
13.5565
13.6935
13.8331
13.9749
14.1186
14.2637
14.4098
14.5564
14.703
14.849
14.9939
15.137
15.2778
15.4156
15.5497
15.6793
15.8036
15.9218
16.033
16.1362
16.2305
16.3148
16.3883
16.4498
16.4985
16.5335
16.5539
16.5589
16.5478
16.5199
16.4745
16.4112
16.3293
16.2284
16.1083
15.9685
15.8089
15.6295
15.4302
15.2113
14.9732
14.7163
14.4413
14.1492
13.841
13.5179
13.1813
12.8329
12.4744
12.108
11.735
11.3598
11.0346
10.7489
10.4501
10.1385
9.8186
9.48476
9.17817
8.77451
8.68424
7.78124
9.04102
5.23673
12.8106
10.3408
10.2443
10.142
10.0376
9.92855
9.81426
9.69613
9.57543
9.4527
9.32723
9.19691
9.05896
8.91046
8.74793
8.56784
8.36815
8.14882
7.91119
7.65699
7.38769
7.10396
6.80543
6.49129
6.16077
5.81335
5.4486
5.06618
4.66583
4.24744
3.81101
3.35674
2.8851
2.3967
1.89243
1.37347
0.841238
0.297455
-0.255876
-0.816459
-1.38171
-1.94879
-2.51461
-3.07583
-3.62886
-4.17001
-4.69545
-5.20125
-5.68358
-6.1386
-6.56272
-6.95258
-7.3051
-7.61765
-7.88799
-8.11441
-8.29574
-8.4313
-8.52102
-8.56533
-8.56516
-8.52195
-8.4375
-8.31401
-8.154
-7.96009
-7.7357
-7.48237
-7.24332
-7.00757
-6.7668
-6.46487
-6.2118
-5.78952
-5.63213
-4.91147
-5.19296
-3.61958
-5.33738
-1.31904
-7.22328
10.4185
10.4895
10.565
10.6435
10.7256
10.8112
10.9004
10.9932
11.0898
11.1902
11.2944
11.4024
11.5143
11.6299
11.7494
11.8726
11.9994
12.1297
12.2634
12.4001
12.5396
12.6817
12.8259
12.9718
13.119
13.2669
13.4149
13.5625
13.7088
13.8533
13.9951
14.1336
14.2678
14.3971
14.5204
14.637
14.7458
14.8461
14.9368
15.0169
15.0855
15.1416
15.1843
15.2127
15.2257
15.2228
15.203
15.1656
15.11
15.0357
14.9421
14.829
14.6962
14.5433
14.3707
14.1783
13.9665
13.736
13.4873
13.2215
12.9395
12.6427
12.3326
12.0108
11.6792
11.3393
10.9953
10.6953
10.4306
10.1529
9.86221
9.56273
9.24938
8.96003
8.58014
8.49127
7.63908
8.8335
5.17493
12.5332
9.12164
9.03941
8.95223
8.86285
8.76903
8.67012
8.56677
8.45971
8.3498
8.23776
8.1234
8.00514
7.88073
7.74768
7.60297
7.44336
7.26665
7.07254
6.86205
6.63664
6.39775
6.1462
5.88187
5.6041
5.31219
5.00574
4.68442
4.34797
3.9962
3.62897
3.24624
2.84817
2.43497
2.00707
1.56512
1.10997
0.642696
0.164664
-0.322477
-0.816819
-1.31619
-1.81815
-2.31998
-2.81874
-3.31128
-3.79431
-4.26436
-4.71795
-5.15151
-5.56161
-5.9449
-6.29821
-6.61864
-6.90361
-7.15094
-7.35886
-7.52607
-7.65177
-7.73565
-7.77788
-7.77915
-7.74054
-7.66357
-7.55018
-7.40237
-7.22323
-7.01368
-6.81144
-6.60745
-6.39853
-6.1293
-5.90708
-5.51951
-5.3866
-4.70956
-4.99387
-3.49472
-5.15693
-1.28482
-7.02528
9.18881
9.25114
9.3172
9.38618
9.4583
9.53363
9.61227
9.69428
9.77975
9.86873
9.96131
10.0575
10.1574
10.261
10.3683
10.4793
10.594
10.7124
10.8342
10.9596
11.0882
11.22
11.3547
11.4921
11.6319
11.7738
11.9172
12.0618
12.2071
12.3524
12.4971
12.6405
12.7818
12.9203
13.055
13.1852
13.3098
13.428
13.5387
13.641
13.734
13.8165
13.8875
13.9462
13.9915
14.0224
14.0381
14.0377
14.0204
13.9855
13.9323
13.8603
13.7692
13.6585
13.5281
13.378
13.2085
13.0198
12.8124
12.5872
12.3449
12.0867
11.814
11.5282
11.2311
10.9242
10.6115
10.3369
10.0936
9.83717
9.56772
9.28903
8.9967
8.72492
8.3697
8.28191
7.48237
8.61045
5.10005
12.2461
8.10597
8.03558
7.96094
7.88423
7.80353
7.71819
7.62861
7.53499
7.43762
7.3372
7.23458
7.1299
7.02214
6.90948
6.78982
6.66057
6.51874
6.36208
6.18995
6.00305
5.80264
5.59003
5.36611
5.13094
4.88394
4.62447
4.35211
4.06659
3.76772
3.45532
3.12929
2.78967
2.43653
2.07009
1.69076
1.29904
0.895642
0.48147
0.0576567
-0.374439
-0.813235
-1.2569
-1.70336
-2.15024
-2.59501
-3.03492
-3.46702
-3.88825
-4.29543
-4.68537
-5.05493
-5.40098
-5.72059
-6.01101
-6.26981
-6.49482
-6.6843
-6.83689
-6.95169
-7.02823
-7.06652
-7.06702
-7.03057
-6.95856
-6.85234
-6.71463
-6.54574
-6.37808
-6.20425
-6.0257
-5.78811
-5.5956
-5.2423
-5.13303
-4.49961
-4.78643
-3.36109
-4.96914
-1.24112
-6.82252
8.16414
8.21875
8.27655
8.337
8.4003
8.46651
8.53574
8.60806
8.68356
8.76234
8.84446
8.93
9.01902
9.11157
9.20768
9.30741
9.41074
9.51766
9.62817
9.74221
9.85971
9.98056
10.1046
10.2318
10.3618
10.4944
10.6294
10.7664
10.905
11.0449
11.1854
11.3262
11.4666
11.6059
11.7434
11.8783
12.0097
12.1369
12.2588
12.3746
12.4831
12.5834
12.6744
12.7551
12.8244
12.8814
12.925
12.9543
12.9683
12.9663
12.9473
12.9107
12.8559
12.7825
12.69
12.5784
12.4475
12.2975
12.1288
11.9417
11.7372
11.516
11.2793
11.0286
10.7653
10.4909
10.2091
9.95993
9.73786
9.50292
9.25493
8.99725
8.7263
8.47234
8.14247
8.05566
7.31035
8.3715
5.0121
11.9479
7.23992
7.17938
7.11521
7.04919
6.97967
6.90601
6.82845
6.74711
6.66197
6.57314
6.48113
6.38676
6.29046
6.1917
6.08904
5.98068
5.86445
5.73768
5.59805
5.44466
5.27793
5.0989
4.9088
4.70857
4.49843
4.27792
4.04642
3.8035
3.5489
3.28243
3.00393
2.71333
2.41059
2.09579
1.76914
1.43094
1.08167
0.721924
0.352517
-0.0255719
-0.411173
-0.802922
-1.19921
-1.59821
-1.9979
-2.39605
-2.79019
-3.17774
-3.55594
-3.92197
-4.27293
-4.60592
-4.91811
-5.20674
-5.46929
-5.70339
-5.907
-6.07841
-6.21623
-6.31953
-6.38775
-6.42077
-6.41886
-6.38285
-6.3135
-6.21314
-6.08144
-5.94582
-5.80027
-5.65029
-5.44298
-5.27876
-4.95898
-4.87227
-4.2822
-4.57107
-3.21901
-4.77416
-1.18892
-6.61511
7.29037
7.33814
7.38867
7.44158
7.49704
7.55513
7.61593
7.67954
7.74605
7.81555
7.88813
7.96387
8.04283
8.12511
8.21076
8.29983
8.39236
8.48838
8.58792
8.69096
8.79749
8.90746
9.0208
9.13741
9.25717
9.3799
9.50541
9.63346
9.76379
9.89605
10.0299
10.1648
10.3005
10.4362
10.5715
10.7057
10.8381
10.9679
11.0942
11.2164
11.3333
11.444
11.5476
11.6429
11.7291
11.8049
11.8693
11.9214
11.9601
11.9844
11.9935
11.9866
11.9628
11.9215
11.8623
11.7847
11.6886
11.5738
11.4404
11.2889
11.1196
10.9333
10.731
10.5139
10.2833
10.0406
9.78914
9.56491
9.36397
9.15035
8.9238
8.6872
8.43778
8.20184
7.89777
7.81202
7.12219
8.11621
4.91112
11.6367
6.49432
6.44208
6.38671
6.3297
6.26968
6.20606
6.13891
6.06828
5.99416
5.91648
5.83527
5.75082
5.66382
5.57488
5.48389
5.38978
5.29103
5.18581
5.07178
4.94663
4.80919
4.65962
4.49879
4.3278
4.14767
3.95875
3.76073
3.553
3.33516
3.10695
2.86821
2.61881
2.35865
2.08769
1.806
1.51373
1.21113
0.898607
0.576692
0.246074
-0.0924002
-0.437715
-0.788648
-1.14378
-1.5015
-1.86002
-2.21732
-2.57125
-2.91947
-3.25951
-3.58882
-3.90476
-4.20469
-4.48599
-4.74615
-4.98277
-5.19365
-5.37686
-5.53072
-5.6539
-5.74541
-5.80469
-5.83148
-5.82613
-5.78885
-5.72157
-5.62338
-5.517
-5.39761
-5.27419
-5.09549
-4.95792
-4.67059
-4.60516
-4.05784
-4.34807
-3.06886
-4.57178
-1.12924
-6.40182
6.53816
6.57997
6.62415
6.67048
6.71907
6.77
6.82337
6.87926
6.93777
6.99897
7.06297
7.12984
7.19967
7.27255
7.34854
7.4277
7.51012
7.59583
7.68488
7.77729
7.87308
7.97226
8.0748
8.18065
8.28975
8.402
8.51728
8.63542
8.75623
8.87949
9.00488
9.13209
9.26076
9.39045
9.52067
9.65089
9.78052
9.90889
10.0353
10.159
10.2792
10.3949
10.5053
10.6094
10.7062
10.7947
10.8738
10.9425
10.9998
11.0446
11.0759
11.093
11.0948
11.0806
11.0498
11.0017
10.9361
10.8526
10.7512
10.632
10.4952
10.3415
10.1714
9.98611
9.78675
9.57439
9.3524
9.15252
8.9723
8.77968
8.57433
8.35872
8.13081
7.91298
7.63491
7.55048
6.91715
7.84375
4.79764
11.3092
5.84658
5.80138
5.75347
5.7041
5.65216
5.5971
5.53895
5.47768
5.41318
5.34543
5.27441
5.20007
5.12251
5.04223
4.95991
4.87577
4.78912
4.6987
4.60299
4.49995
4.38733
4.26374
4.12907
3.984
3.82954
3.66671
3.49604
3.31732
3.13003
2.93374
2.72822
2.51334
2.28895
2.05498
1.81141
1.55827
1.29569
1.02391
0.743258
0.454205
0.157348
-0.146585
-0.456681
-0.771853
-1.09086
-1.41227
-1.73447
-2.05566
-2.37389
-2.68707
-2.99297
-3.28925
-3.57354
-3.84339
-4.09642
-4.33029
-4.54277
-4.73183
-4.89561
-5.03253
-5.1413
-5.22098
-5.27091
-5.29102
-5.28102
-5.24248
-5.17396
-5.09386
-4.99831
-4.89923
-4.74727
-4.63445
-4.37822
-4.33255
-3.82737
-4.11766
-2.91153
-4.36133
-1.06398
-6.18062
5.88474
5.92134
5.96
6.00056
6.04314
6.0878
6.13464
6.18373
6.23516
6.28902
6.34539
6.40437
6.46603
6.53045
6.59772
6.66791
6.7411
6.81733
6.89668
6.9792
7.0649
7.15384
7.246
7.3414
7.44
7.54175
7.64659
7.75441
7.8651
7.9785
8.09438
8.21251
8.33263
8.45439
8.57742
8.70128
8.82548
8.94948
9.07268
9.19442
9.31399
9.43061
9.54345
9.65164
9.75426
9.85036
9.93892
10.019
10.0894
10.1493
10.1976
10.2334
10.2557
10.2636
10.2564
10.2334
10.194
10.1379
10.0647
9.97437
9.86704
9.743
9.60277
9.44716
9.27718
9.09372
8.89988
8.72348
8.56334
8.3912
8.20665
8.01169
7.80506
7.60536
7.35328
7.27056
6.69468
7.55292
4.67298
10.96
5.27859
5.23934
5.19775
5.15488
5.10978
5.06197
5.0115
4.95828
4.90218
4.84308
4.78097
4.71584
4.64762
4.57626
4.50207
4.42567
4.34749
4.26722
4.18388
4.0962
4.00242
3.9005
3.78896
3.66744
3.53641
3.39677
3.24948
3.09515
2.93365
2.76445
2.58713
2.4015
2.20745
2.0049
1.79378
1.57407
1.34578
1.10905
0.864097
0.611224
0.350842
0.0834725
-0.190214
-0.469392
-0.753111
-1.04026
-1.32953
-1.61948
-1.9085
-2.19483
-2.47657
-2.75169
-3.01808
-3.27355
-3.51588
-3.74287
-3.95235
-4.14229
-4.31077
-4.45605
-4.57665
-4.67135
-4.73918
-4.77977
-4.79238
-4.77822
-4.73546
-4.67854
-4.60436
-4.52721
-4.39992
-4.30973
-4.08311
-4.05528
-3.59174
-3.8798
-2.74839
-4.1416
-0.995175
-5.94783
5.31186
5.3439
5.37774
5.41327
5.45059
5.48975
5.53085
5.57395
5.61914
5.6665
5.71612
5.76807
5.82244
5.87931
5.93875
6.00084
6.06568
6.1333
6.2038
6.27722
6.35362
6.43303
6.51549
6.60102
6.68963
6.7813
6.87599
6.97365
7.07422
7.17759
7.2836
7.39209
7.50287
7.61568
7.73022
7.84617
7.96313
8.08066
8.19826
8.3154
8.43146
8.54577
8.65761
8.7662
8.87071
8.97027
9.06396
9.15082
9.22988
9.30015
9.36063
9.41034
9.44831
9.47364
9.48548
9.48304
9.46567
9.43279
9.384
9.31905
9.23785
9.14051
9.0274
8.89906
8.75633
8.59995
8.4327
8.27864
8.13771
7.98532
7.82088
7.6461
7.46032
7.27862
7.05228
6.97159
6.45451
7.2413
4.53994
10.5824
4.77328
4.73915
4.70298
4.66568
4.62644
4.58487
4.54097
4.4947
4.44589
4.39443
4.34021
4.2832
4.22339
4.16071
4.09504
4.02646
3.95548
3.8827
3.80815
3.73115
3.65057
3.5649
3.47219
3.37089
3.26064
3.14194
3.01556
2.88232
2.74282
2.59696
2.44417
2.28397
2.11615
1.94067
1.75753
1.56667
1.36805
1.16174
0.947836
0.726563
0.498199
0.263117
0.0218101
-0.225101
-0.476888
-0.732679
-0.991453
-1.25205
-1.51313
-1.77328
-2.03087
-2.28418
-2.53137
-2.77047
-2.99954
-3.21654
-3.41942
-3.60622
-3.77499
-3.92403
-4.05168
-4.15658
-4.23755
-4.29393
-4.3247
-4.33068
-4.30975
-4.27287
-4.21756
-4.15981
-4.05499
-3.98495
-3.78668
-3.77365
-3.35266
-3.63357
-2.58244
-3.90854
-0.927737
-5.69722
4.80232
4.83042
4.86008
4.89123
4.92396
4.95833
4.99442
5.03228
5.07201
5.11367
5.15734
5.2031
5.25102
5.30119
5.35368
5.40856
5.46591
5.52581
5.58831
5.6535
5.72141
5.79212
5.86565
5.94205
6.02134
6.10353
6.18862
6.27658
6.36738
6.46095
6.5572
6.656
6.75724
6.86072
6.9662
7.07345
7.18215
7.29195
7.40246
7.51323
7.62375
7.73346
7.84173
7.9479
8.05124
8.15098
8.24627
8.33625
8.42001
8.49662
8.56511
8.62455
8.67394
8.71239
8.73901
8.75293
8.75345
8.73988
8.71166
8.66845
8.61001
8.53622
8.4473
8.34362
8.22576
8.09434
7.95181
7.81878
7.69604
7.5624
7.41722
7.26189
7.09634
6.93241
6.73145
6.6525
6.19741
6.9044
4.40599
10.1635
4.32918
4.29954
4.26812
4.23571
4.20164
4.16555
4.12745
4.08729
4.04495
4.00032
3.95332
3.9039
3.85199
3.79735
3.73932
3.67674
3.60834
3.53378
3.45415
3.37161
3.28858
3.20742
3.12978
3.05502
2.97951
2.89789
2.80499
2.69771
2.57665
2.44558
2.30847
2.167
2.02053
1.86785
1.70819
1.54142
1.3677
1.18716
0.999877
0.805939
0.605495
0.398783
0.186155
-0.0319224
-0.254924
-0.482157
-0.712841
-0.946059
-1.18072
-1.41568
-1.64959
-1.88096
-2.10824
-2.32975
-2.54374
-2.74838
-2.9418
-3.12214
-3.28756
-3.43637
-3.56689
-3.67768
-3.7674
-3.83517
-3.87978
-3.90181
-3.89885
-3.87877
-3.83981
-3.79863
-3.71428
-3.6611
-3.4908
-3.48753
-3.11271
-3.37665
-2.4179
-3.65803
-0.869078
-5.42223
4.35447
4.37899
4.40486
4.43205
4.46062
4.49064
4.52216
4.55525
4.58999
4.62644
4.66466
4.70474
4.74674
4.79075
4.83682
4.88504
4.93547
4.9882
5.04328
5.10078
5.16077
5.2233
5.28843
5.35621
5.42667
5.49985
5.57572
5.65431
5.73562
5.81964
5.90626
5.99543
6.08705
6.18102
6.27714
6.37519
6.47498
6.57625
6.67867
6.78185
6.88539
6.9888
7.09159
7.19321
7.29298
7.39027
7.4843
7.57432
7.6595
7.73897
7.81186
7.87727
7.93421
7.98182
8.01924
8.04554
8.05997
8.06184
8.05041
8.0253
7.98613
7.93259
7.86474
7.78282
7.68722
7.57837
7.45841
7.3448
7.23901
7.12291
6.9959
6.85912
6.7129
6.5662
6.39038
6.31142
5.92534
6.53559
4.28088
9.69387
3.79521
3.77054
3.74434
3.71728
3.68885
3.65875
3.62698
3.59347
3.55815
3.5209
3.48162
3.44014
3.39637
3.35023
3.30176
3.25117
3.1986
3.14402
3.08719
3.02811
2.96699
2.90376
2.83788
2.76866
2.6953
2.61667
2.53178
2.44043
2.34277
2.23861
2.1278
2.01087
1.8884
1.76062
1.6273
1.48818
1.34306
1.19188
1.03464
0.871419
0.702305
0.52743
0.346989
0.161284
-0.0293481
-0.224413
-0.423362
-0.625534
-0.830121
-1.03624
-1.24285
-1.44878
-1.65278
-1.85347
-2.04934
-2.23881
-2.42024
-2.59194
-2.75221
-2.89936
-3.03176
-3.14788
-3.24629
-3.32587
-3.38525
-3.42451
-3.44148
-3.43962
-3.41964
-3.39588
-3.33677
-3.29918
-3.16648
-3.16545
-2.85657
-3.08306
-2.2538
-3.36889
-0.829489
-5.1146
3.81638
3.83694
3.85864
3.88145
3.90546
3.93067
3.95717
3.98502
4.01426
4.04497
4.07722
4.11104
4.14651
4.18373
4.22273
4.26357
4.30636
4.35114
4.39798
4.44695
4.4981
4.55153
4.60728
4.66537
4.72588
4.78885
4.85431
4.92226
4.99275
5.0658
5.14134
5.21933
5.29976
5.3826
5.46767
5.55483
5.64397
5.73494
5.82746
5.92127
6.01604
6.11141
6.20703
6.30243
6.39708
6.49047
6.58195
6.67083
6.75646
6.83804
6.9148
6.98594
7.0505
7.10765
7.15662
7.19645
7.22629
7.24545
7.25313
7.24877
7.23187
7.20201
7.15904
7.10296
7.03393
6.9523
6.85965
6.76972
6.68472
6.59026
6.48583
6.37224
6.25034
6.1254
5.98272
5.9017
5.61246
6.08368
4.16947
9.11839
3.24141
3.22194
3.20125
3.17988
3.15742
3.13364
3.10853
3.08207
3.05417
3.02476
2.99373
2.96097
2.92649
2.89037
2.85284
2.81441
2.77562
2.73681
2.69763
2.65681
2.61254
2.56322
2.50796
2.44673
2.38014
2.30949
2.2361
2.16052
2.08247
2.00098
1.91473
1.82275
1.72501
1.62222
1.51489
1.40301
1.28627
1.16441
1.03732
0.904992
0.76744
0.624748
0.476972
0.324264
0.166824
0.00491918
-0.161078
-0.330751
-0.503557
-0.678854
-0.855908
-1.03389
-1.2118
-1.38858
-1.56304
-1.73388
-1.89972
-2.05908
-2.21046
-2.3523
-2.48303
-2.60116
-2.70519
-2.79389
-2.86571
-2.92043
-2.95575
-2.97186
-2.96971
-2.96479
-2.9285
-2.91209
-2.80908
-2.82709
-2.56041
-2.79287
-2.03299
-3.11867
-0.710491
-4.91877
3.25824
3.27468
3.29201
3.31025
3.32945
3.34964
3.37087
3.39321
3.41668
3.44136
3.46729
3.4945
3.52309
3.55312
3.58462
3.61764
3.65229
3.68861
3.72667
3.76651
3.8082
3.85185
3.89747
3.94509
3.99483
4.04671
4.1008
4.15713
4.21571
4.27659
4.33979
4.40527
4.47309
4.54323
4.61558
4.6901
4.76673
4.84536
4.92583
5.00797
5.09158
5.17641
5.26221
5.3486
5.43526
5.52177
5.60762
5.69226
5.77519
5.85574
5.93324
6.00704
6.07629
6.14023
6.19811
6.24908
6.29229
6.32699
6.35236
6.36773
6.37252
6.3662
6.34842
6.31895
6.27774
6.22495
6.16181
6.09776
6.03568
5.96541
5.88639
5.79925
5.70504
5.60718
5.49893
5.43192
5.21662
5.63599
3.90151
8.74825
2.76888
2.75328
2.7367
2.71957
2.70156
2.6825
2.66235
2.64111
2.61873
2.59513
2.57024
2.54397
2.51628
2.48709
2.4563
2.42387
2.38972
2.35384
2.31628
2.27699
2.23577
2.19224
2.14619
2.09785
2.04772
1.99623
1.9432
1.88799
1.82956
1.76675
1.69894
1.62605
1.54816
1.46547
1.37837
1.2873
1.19237
1.09338
0.990089
0.882341
0.770087
0.653371
0.532208
0.406684
0.27689
0.142976
0.00517104
-0.136263
-0.28095
-0.428465
-0.578275
-0.729793
-0.882276
-1.03491
-1.1868
-1.3369
-1.4841
-1.62719
-1.7649
-1.89586
-2.01869
-2.13202
-2.23441
-2.32466
-2.40122
-2.46371
-2.50978
-2.53753
-2.54772
-2.55633
-2.53726
-2.53747
-2.45825
-2.49322
-2.26078
-2.50369
-1.79889
-2.87473
-0.568086
-4.73468
2.78247
2.79578
2.80981
2.82459
2.84015
2.85653
2.87376
2.89187
2.91093
2.93098
2.95204
2.97416
2.99742
3.02186
3.0475
3.07443
3.10268
3.13233
3.16344
3.19602
3.23013
3.26588
3.30329
3.34242
3.38334
3.42606
3.47067
3.51721
3.56571
3.6162
3.66873
3.72329
3.77994
3.83868
3.89945
3.96226
4.02708
4.09382
4.16241
4.23277
4.30474
4.37818
4.45287
4.52859
4.60512
4.68213
4.75923
4.83603
4.91213
4.98704
5.06016
5.13097
5.19882
5.26301
5.32291
5.37775
5.42676
5.46926
5.50445
5.53167
5.55033
5.55979
5.55963
5.54951
5.5292
5.49876
5.45912
5.41623
5.37322
5.32345
5.26635
5.20251
5.13302
5.06031
4.98335
4.93282
4.78344
5.17493
3.58898
8.38535
2.33779
2.32528
2.312
2.29825
2.28379
2.26849
2.25232
2.23527
2.21731
2.19836
2.17837
2.15729
2.13507
2.11164
2.08691
2.06085
2.0334
2.00448
1.97407
1.94216
1.90877
1.87387
1.83725
1.79859
1.7577
1.71485
1.67053
1.62495
1.57791
1.52871
1.47639
1.42011
1.35948
1.29446
1.22511
1.15168
1.07462
0.994253
0.910558
0.823304
0.732282
0.637423
0.538721
0.436236
0.330024
0.220169
0.106804
-0.00990854
-0.129717
-0.252341
-0.377385
-0.504447
-0.632978
-0.762364
-0.891937
-1.02087
-1.14831
-1.27328
-1.39475
-1.51159
-1.62259
-1.72659
-1.8223
-1.90864
-1.98413
-2.04837
-2.09907
-2.13312
-2.151
-2.16839
-2.16178
-2.17387
-2.11407
-2.16142
-1.96039
-2.2085
-1.55977
-2.61719
-0.421676
-4.51287
2.34874
2.35946
2.37079
2.38271
2.39526
2.4085
2.42242
2.43705
2.45246
2.46868
2.48572
2.50364
2.52249
2.5423
2.5631
2.58497
2.60793
2.63204
2.65734
2.68387
2.71169
2.74086
2.77142
2.80342
2.83692
2.87195
2.90857
2.94683
2.98675
3.02839
3.07179
3.11695
3.16393
3.21273
3.26334
3.31578
3.37004
3.42606
3.48383
3.54326
3.60429
3.66681
3.73066
3.79572
3.8618
3.92869
3.99609
4.06372
4.13125
4.19832
4.26448
4.32928
4.39225
4.45278
4.51037
4.56436
4.61408
4.65896
4.6983
4.73145
4.75786
4.77693
4.78819
4.79129
4.78592
4.77203
4.75031
4.72408
4.69643
4.66349
4.62477
4.58084
4.53282
4.48276
4.43375
4.39975
4.31183
4.67627
3.25072
7.92609
1.93405
1.92421
1.91376
1.90293
1.89154
1.87949
1.86676
1.85334
1.83919
1.82428
1.80854
1.79195
1.77445
1.75599
1.73652
1.716
1.69438
1.67157
1.64756
1.62229
1.59573
1.56789
1.53879
1.50833
1.47624
1.44222
1.40619
1.36848
1.3296
1.28974
1.24858
1.20544
1.15945
1.10995
1.05667
0.999576
0.938817
0.874769
0.807866
0.738263
0.665804
0.59027
0.511516
0.429528
0.344338
0.256007
0.164611
0.0702424
-0.0269453
-0.126756
-0.228933
-0.333175
-0.439104
-0.546262
-0.654145
-0.762142
-0.869574
-0.975696
-1.07967
-1.18059
-1.27747
-1.36934
-1.45509
-1.53378
-1.6041
-1.66569
-1.71638
-1.75257
-1.7744
-1.79671
-1.79846
-1.81845
-1.77386
-1.82972
-1.65608
-1.90571
-1.31022
-2.34365
-0.26288
-4.2546
1.9427
1.95118
1.96015
1.96958
1.97952
1.99
2.00102
2.01262
2.02483
2.03769
2.05122
2.06546
2.08043
2.09617
2.11272
2.13013
2.14842
2.16762
2.18778
2.20897
2.23121
2.25453
2.27899
2.30462
2.33149
2.35962
2.38905
2.41984
2.45202
2.48565
2.52074
2.55732
2.59545
2.63514
2.67638
2.7192
2.76362
2.80962
2.85717
2.90624
2.95678
3.00874
3.06203
3.11653
3.17212
3.22866
3.28596
3.34378
3.40187
3.45999
3.51777
3.57488
3.63095
3.68549
3.73809
3.78824
3.83539
3.87903
3.91859
3.95351
3.98328
4.00737
4.02533
4.03684
4.04157
4.03945
4.03094
4.01739
4.00175
3.98221
3.95843
3.93101
3.90099
3.87049
3.84519
3.82645
3.79246
4.12927
2.86235
7.37994
1.56269
1.55512
1.54705
1.53868
1.52988
1.52058
1.51076
1.50039
1.48946
1.47793
1.46576
1.45293
1.4394
1.42512
1.41006
1.3942
1.37746
1.35979
1.34117
1.32156
1.3009
1.27917
1.25637
1.23252
1.20759
1.18145
1.15382
1.12439
1.09322
1.06071
1.02734
0.993158
0.957813
0.920643
0.880881
0.838023
0.791898
0.742552
0.690279
0.635526
0.578592
0.519462
0.457933
0.393856
0.327185
0.257953
0.186217
0.112023
0.0354481
-0.0433875
-0.124336
-0.207171
-0.291653
-0.37745
-0.464201
-0.551468
-0.638739
-0.725447
-0.81096
-0.894575
-0.975516
-1.05299
-1.12611
-1.19409
-1.25584
-1.31107
-1.35781
-1.39258
-1.41507
-1.43884
-1.4452
-1.4694
-1.43591
-1.49669
-1.34589
-1.59398
-1.04581
-2.05166
-0.0822788
-3.95578
1.56937
1.57591
1.58282
1.59009
1.59775
1.60583
1.61433
1.62326
1.63268
1.64259
1.65302
1.664
1.67554
1.68767
1.70045
1.71387
1.72798
1.74279
1.75836
1.77472
1.79189
1.80991
1.82881
1.84863
1.86942
1.89119
1.91398
1.93785
1.96282
1.98893
2.01621
2.04467
2.07439
2.10537
2.13759
2.17112
2.20597
2.24212
2.27959
2.31836
2.35838
2.39966
2.44215
2.48574
2.53038
2.57595
2.62237
2.66945
2.71701
2.76487
2.81277
2.86047
2.90769
2.95405
2.99923
3.04286
3.08448
3.12369
3.16001
3.19303
3.22229
3.24735
3.26782
3.28341
3.29385
3.29904
3.2993
3.29471
3.28776
3.27816
3.26568
3.25101
3.2351
3.22037
3.21367
3.20732
3.21793
3.52616
2.40484
6.74567
1.17315
1.16759
1.16167
1.15551
1.14905
1.14221
1.135
1.12739
1.11937
1.11092
1.102
1.09259
1.08268
1.07223
1.06122
1.04961
1.03737
1.02447
1.01088
0.996553
0.981455
0.965562
0.948854
0.931324
0.912992
0.893869
0.873906
0.852921
0.830602
0.806739
0.781512
0.755417
0.728849
0.701831
0.673995
0.644714
0.613374
0.579589
0.543206
0.504334
0.463314
0.42047
0.375834
0.329186
0.280316
0.229184
0.175872
0.120492
0.063151
0.00393888
-0.0570355
-0.119619
-0.183624
-0.248818
-0.314936
-0.381661
-0.448628
-0.515422
-0.581583
-0.646608
-0.709917
-0.770917
-0.828938
-0.883417
-0.93344
-0.978867
-1.01801
-1.04799
-1.06801
-1.09
-1.09741
-1.12225
-1.09581
-1.15784
-1.02515
-1.2679
-0.761666
-1.73106
0.123019
-3.57291
1.17809
1.18292
1.18804
1.19343
1.1991
1.2051
1.21142
1.21807
1.22509
1.23247
1.24025
1.24844
1.25707
1.26616
1.27573
1.28579
1.29638
1.30752
1.31925
1.33157
1.34451
1.35811
1.37241
1.38741
1.40316
1.41967
1.43698
1.45511
1.47411
1.49399
1.51478
1.53649
1.55917
1.58282
1.60745
1.63311
1.65979
1.68748
1.71619
1.74594
1.77668
1.80841
1.84108
1.87465
1.90908
1.94428
1.9802
2.01672
2.05372
2.09105
2.12855
2.16605
2.20335
2.2402
2.27636
2.31155
2.34546
2.3778
2.40819
2.43635
2.4619
2.48449
2.50391
2.51984
2.53206
2.54056
2.54552
2.54627
2.54496
2.54202
2.53737
2.53171
2.52568
2.52201
2.52726
2.5271
2.56918
2.84604
1.84555
5.96059
0.861156
0.857341
0.853287
0.849078
0.844648
0.839955
0.834994
0.829766
0.824244
0.818395
0.812232
0.805725
0.798848
0.791593
0.783942
0.775851
0.767307
0.758298
0.748787
0.738741
0.728141
0.716957
0.705156
0.69272
0.679652
0.665954
0.651648
0.636747
0.621145
0.604581
0.586732
0.567528
0.547298
0.526522
0.505395
0.483664
0.460737
0.436001
0.409158
0.380237
0.349466
0.317232
0.28404
0.250185
0.215573
0.179906
0.142939
0.104605
0.0649456
0.0240279
-0.0180804
-0.0613063
-0.105551
-0.150683
-0.196537
-0.242921
-0.289593
-0.336278
-0.382665
-0.428423
-0.47315
-0.516448
-0.557851
-0.596998
-0.633198
-0.666457
-0.695393
-0.718213
-0.733431
-0.751086
-0.756638
-0.77918
-0.75616
-0.816436
-0.696913
-0.930776
-0.460875
-1.37793
0.345407
-3.0548
0.8645
0.86772
0.871139
0.874735
0.878516
0.882496
0.886676
0.891076
0.895711
0.900581
0.905691
0.911058
0.916706
0.922643
0.928877
0.935413
0.942277
0.949495
0.957065
0.965001
0.973317
0.982045
0.991211
1.0008
1.01085
1.02138
1.0324
1.04394
1.05602
1.06866
1.08186
1.09567
1.11009
1.12513
1.14082
1.15719
1.17425
1.192
1.21044
1.22961
1.24948
1.27004
1.2913
1.31324
1.33583
1.35903
1.3828
1.40708
1.43181
1.45687
1.48219
1.50764
1.53307
1.55835
1.58333
1.60778
1.63151
1.65432
1.67598
1.69628
1.71497
1.73181
1.74667
1.7593
1.7696
1.77758
1.78335
1.78634
1.78744
1.7875
1.7866
1.78545
1.78453
1.78707
1.79872
1.79966
1.85889
2.10203
1.19748
4.95601
0.36088
0.358499
0.355951
0.3533
0.35051
0.34756
0.344448
0.341167
0.337701
0.334037
0.330176
0.326102
0.321794
0.317242
0.312442
0.307364
0.30199
0.296308
0.290295
0.283921
0.27717
0.27001
0.262409
0.254334
0.245755
0.236636
0.22693
0.216557
0.205362
0.193179
0.179948
0.165982
0.152474
0.141874
0.137515
0.142269
0.156899
0.179045
0.203241
0.222465
0.230844
0.225955
0.209411
0.185492
0.158705
0.131894
0.105898
0.0804089
0.0549399
0.029272
0.0034224
-0.0225247
-0.0485196
-0.0745315
-0.100523
-0.126446
-0.152224
-0.177761
-0.202941
-0.227635
-0.251671
-0.274877
-0.29703
-0.317996
-0.33734
-0.355244
-0.370624
-0.383166
-0.390886
-0.401472
-0.402257
-0.419445
-0.39705
-0.450743
-0.345105
-0.553128
-0.147046
-0.921715
0.501507
-2.137
0.363013
0.365121
0.367365
0.369731
0.372234
0.374876
0.377655
0.380599
0.38372
0.387011
0.390476
0.39413
0.397996
0.402075
0.40637
0.410895
0.415667
0.420707
0.426
0.431568
0.437433
0.443602
0.450081
0.456879
0.46401
0.471482
0.479313
0.487501
0.496055
0.504994
0.51431
0.524018
0.534108
0.544582
0.555443
0.566693
0.578333
0.590334
0.602709
0.615443
0.628505
0.641887
0.655588
0.669577
0.68382
0.698307
0.712986
0.727829
0.742797
0.75783
0.772897
0.787923
0.802854
0.817614
0.832146
0.846354
0.86015
0.873481
0.886201
0.89821
0.909371
0.919576
0.928753
0.936731
0.94348
0.949018
0.95344
0.956056
0.957999
0.959859
0.961773
0.963963
0.965755
0.968929
0.976498
0.962536
1.00143
1.20025
0.39162
3.39594
0.315521
0.315344
0.315172
0.314985
0.314772
0.314538
0.314283
0.314002
0.313691
0.313355
0.312997
0.312613
0.312198
0.311753
0.311287
0.310799
0.310292
0.309771
0.309242
0.308718
0.308216
0.307746
0.307331
0.306969
0.306636
0.306285
0.305903
0.305686
0.306276
0.308942
0.315433
0.327059
0.343088
0.359218
0.367423
0.358101
0.323967
0.264024
0.185598
0.10303
0.0326747
-0.0137497
-0.0338005
-0.0339231
-0.0244997
-0.0141342
-0.00689147
-0.00310259
-0.00167049
-0.001701
-0.00288562
-0.0052095
-0.00864858
-0.0130912
-0.018377
-0.0243474
-0.0308569
-0.037762
-0.0449234
-0.0522128
-0.0595059
-0.0667
-0.0736724
-0.0804049
-0.0866714
-0.0927751
-0.0980621
-0.103402
-0.105684
-0.11049
-0.10847
-0.119379
-0.102213
-0.140019
-0.0686459
-0.204318
0.0466385
-0.395946
0.405902
-0.922867
0.315661
0.315764
0.315865
0.315952
0.316031
0.3161
0.316144
0.316172
0.316182
0.316166
0.31612
0.31604
0.315929
0.315779
0.315585
0.315342
0.315048
0.314704
0.314294
0.313821
0.313287
0.312679
0.311993
0.311233
0.310395
0.309474
0.308478
0.3074
0.306242
0.305016
0.303721
0.302366
0.300951
0.299494
0.298006
0.296497
0.294982
0.293473
0.292001
0.290572
0.289196
0.287896
0.286697
0.285605
0.284637
0.283815
0.283139
0.282624
0.282273
0.2821
0.282108
0.282275
0.282591
0.283016
0.283517
0.284042
0.28455
0.285032
0.285425
0.285719
0.285901
0.285978
0.285963
0.285849
0.28574
0.285597
0.285583
0.287045
0.286308
0.284182
0.280939
0.27734
0.274297
0.275736
0.286617
0.290154
0.325194
0.43214
0.00820252
1.42161
)
;

boundaryField
{
    inlet
    {
        type            freestreamPressure;
        freestreamValue uniform 0;
        supersonic      0;
        value           nonuniform List<scalar> 
134
(
0.660231
-0.0672985
-0.822313
-1.47191
-1.93491
-2.20879
-2.23896
-2.0218
-1.56191
-0.7281
-0.134231
-0.216905
-0.362003
-0.498371
-0.636067
-0.780151
-0.932003
-1.09246
-1.26384
-1.4503
1.3742
-1.6575
-1.88836
-2.13215
-2.36135
-2.52698
-2.60734
-2.7493
-2.75284
-2.80701
-3.3506
-3.08102
-3.09264
-3.15266
-3.19728
-3.21953
-3.24113
-3.29679
-3.43617
-3.60513
2.05001
2.75013
3.3501
3.69052
3.65546
3.04349
1.64581
-3.97498
-3.88818
-3.75261
-3.6648
-3.59978
-3.52687
-3.44469
-3.36055
-3.27656
-3.1915
-3.10434
-3.01505
-2.92368
-2.82968
-2.73215
-2.62945
-2.51882
-2.39738
-2.26141
-2.17484
-2.09342
-1.99524
-1.88088
-1.74852
-1.57895
-1.34955
-0.943723
-0.407305
0.569759
1.26338
2.03368
2.79642
3.53893
4.24348
4.84201
5.30034
5.6291
5.83892
5.95787
6.01733
6.04469
6.06216
6.10219
6.21662
6.42537
6.65254
6.83935
6.99298
7.12631
7.24171
7.33512
7.40448
7.45106
7.47887
7.49738
7.52586
7.61306
7.83286
8.30638
8.5066
8.30697
8.07726
7.93034
7.80994
7.67292
7.52291
7.37107
7.21856
7.06235
6.90066
6.73274
6.55756
6.37321
6.17669
5.96417
5.72842
5.46414
5.1402
4.93212
4.72826
4.47019
4.16321
3.80657
3.36483
2.79904
1.9189
0.803947
)
;
    }
    outlet
    {
        type            freestreamPressure;
        freestreamValue uniform 0;
        supersonic      0;
        value           nonuniform List<scalar> 
160
(
0.000915652
0.000916131
0.000915063
0.000916505
0.000914484
0.000916882
0.000913855
0.000917225
0.000913147
0.00091755
0.000912372
0.00091785
0.000911531
0.000918088
0.000910608
0.000918285
0.000909593
0.000918437
0.000908499
0.000918523
0.000907332
0.000918533
0.000906082
0.000918454
0.000904735
0.000918296
0.000903294
0.000918034
0.00090178
0.000917659
0.000900195
0.000917155
0.000898542
0.000916517
0.000896839
0.000915751
0.000895099
0.00091481
0.000893363
0.000913701
0.000891671
0.000912436
0.000890063
0.000910976
0.000888605
0.000909314
0.000887306
0.000907456
0.000886108
0.000905399
0.000884874
0.00090313
0.000883503
0.000900668
0.000882439
0.000897997
0.000883339
0.000895128
0.0008897
0.000892096
0.000906538
0.000888899
0.000937889
0.000885565
0.000982292
0.0008821
0.00102835
0.000878556
0.00105384
0.000874974
0.00103099
0.000871379
0.0009371
0.00086782
0.000766813
0.000864341
0.000540109
0.000861032
0.000299606
0.000857919
9.47293e-05
0.000855036
-3.96967e-05
0.000852458
-9.71912e-05
0.000850263
-9.72477e-05
0.000848482
-7.01101e-05
0.00084717
-4.04189e-05
0.000846403
-1.97055e-05
0.000846194
-8.87265e-06
0.000846599
-4.77784e-06
0.000847643
-4.86563e-06
0.000849381
-8.25509e-06
0.000851839
-1.49056e-05
0.000854971
-2.47515e-05
0.000858765
-3.74783e-05
0.000863124
-5.26338e-05
0.000867969
-6.97736e-05
0.00087316
-8.84918e-05
0.000878597
-0.000108391
0.000884275
-0.000129088
0.000890019
-0.000150232
0.00089582
-0.000171485
0.000901661
-0.00019257
0.000907581
-0.000213157
0.000913651
-0.000233207
0.000919873
-0.000252096
0.000926598
-0.000270698
0.000933755
-0.000287177
0.000941913
-0.000303814
0.000954255
-0.000311626
0.000958664
-0.000326819
0.000959211
-0.000322616
0.000956755
-0.000355892
0.00095389
-0.000307897
0.000953835
-0.000420358
0.000970443
-0.000211299
0.00102222
-0.000612656
0.00105171
0.000150067
0.00119747
-0.00114788
0.0016216
0.00145265
3.25388e-05
-0.00231159
0.00518455
)
;
    }
    walls
    {
        type            zeroGradient;
    }
    frontAndBack
    {
        type            empty;
    }
}


// ************************************************************************* //
