     0   277.6707620626   -56.5050000000     0.0000000000     0.0000000000    -0.5000000000    -0.5000000000    -0.5000000000    24.0263772011   410.3571751118   434.4682021141
     1   243.4109548916   -95.9270000000     0.6250000000     0.0000000000    -0.5000000000    -0.5000000000    -0.5000000000    23.4568269253   373.9149718285   397.4562060833
     2   276.7523607066   -45.2090000000     0.0000000000     0.4250000000    -0.5000000000    -0.5000000000    -0.5000000000    24.6671130657   393.8233971596   418.5769670010
     3   330.0794879130    -4.1726000000     0.0000000000     0.0000000000     0.0000000000    -0.5000000000    -0.5000000000    23.8518788815   385.4975311756   409.4319801331
     4   278.1631790718   -52.4240000000     0.0000000000     0.0000000000    -0.5000000000    -0.2500000000    -0.5000000000    24.3275840282   395.3704900742   419.7815461159
     5   274.1112921111   -59.2930000000     0.0000000000     0.0000000000    -0.5000000000    -0.5000000000    -0.2500000000    23.6673071384   379.4865779877   403.2391798496
     6   277.7145635696   -59.7720000000    -0.6250000000     0.0000000000    -0.5000000000    -0.5000000000    -0.5000000000    23.5965759754   409.6616821289   433.3434720039
     7   259.3753422279   -94.2210000000     0.0000000000    -0.4250000000    -0.5000000000    -0.5000000000    -0.5000000000    23.5275409222   397.4295179844   421.0419909954
     8   255.3699950762   -76.9810000000     0.0000000000     0.0000000000    -1.0000000000    -0.5000000000    -0.5000000000    23.2684319019   408.9564058781   432.3085660934
     9   279.5361827334   -48.5060000000     0.0000000000     0.0000000000    -0.5000000000    -0.7500000000    -0.5000000000    24.4636328220   389.9325559139   414.4803841114
    10   287.0838261668   -46.4470000000     0.0000000000     0.0000000000    -0.5000000000    -0.5000000000    -0.7500000000    23.1630408764   380.7041559219   403.9517629147
    11   236.1801474273   -86.3780000000     1.2066249921    -0.1169062233    -0.6175238748    -0.4964866244    -0.4865991930    23.7526829243   397.3839330673   421.2216038704
    12   256.2422129598   -60.3620000000     0.8211083547     0.1625978660    -0.5355057478    -0.5003334845    -0.5028716970    24.8177599907   396.1533830166   421.0543019772
    13   254.6494371454   -74.8510000000     0.6018303695    -0.0576588738    -0.5057602027    -0.5004229811    -0.5022959038    24.6033890247   418.7466390133   443.4354829788
    14   266.1325057024   -55.9590000000     0.6776424124     0.0245709704    -0.4241171627    -0.4921309455    -0.4581374039    28.9868690968   397.3031811714   427.1027600765
    15   243.8933525522   -95.8190000000     0.5697572827     0.0000000000    -0.5441941738    -0.5000000000    -0.5000000000    29.6425330639   407.3102488518   437.8264958858
    16   260.1529681198   -64.4160000000     0.6314892070     0.0194590335    -0.5043546244    -0.5051907452    -0.5284098269    39.4307060242   400.8556768894   440.4441881180
    17   245.9807634773   -93.3630000000     0.5970491503     0.0000000000    -0.5000000000    -0.4888196601    -0.5000000000    23.8165161610   405.1063220501   429.0064358711
    18   244.2506091363   -93.3080000000     0.6303779968     0.0052030078    -0.5184412975    -0.5020072490    -0.4878774712    25.8585739136   397.5220849514   423.4657790661
    19   253.1886756095   -81.3040000000     0.5970491503     0.0000000000    -0.5000000000    -0.5000000000    -0.4888196601    23.5070970058   392.2945060730   415.8878180981
    20   245.9926439959   -94.7210000000     0.6544376226     0.0008254448    -0.5108172664    -0.4910805543    -0.5015174424    24.3175978661   400.0512440205   424.4560208321
    21   246.5151630863   -94.0350000000     0.5970491503     0.0000000000    -0.4776393202    -0.5000000000    -0.5000000000    23.2929179668   386.2087581158   409.5885999203
    22   243.5548702911   -96.1410000000     0.6462945530     0.0123681171    -0.5099137220    -0.5096251712    -0.4972978853    23.4030880928   390.2621150017   413.7498090267
    23   243.3381072647   -94.9690000000     0.6509693410     0.0268221337    -0.5310372677    -0.5030872834    -0.4928349016    23.7165019512   400.5499458313   424.3512589931
    24   242.0220369779   -95.8580000000     0.6581788512     0.0142197815    -0.4984383169    -0.5076561736    -0.4959131171    23.9438278675   364.6383931637   388.6688220501
    25   241.5340749197   -96.0560000000     0.6639833472     0.0195058714    -0.4997588743    -0.5073952969    -0.4961610222    24.3928599358   375.5962350368   400.0746879578
    26   242.0953285960   -95.9280000000     0.6673708590     0.0214666561    -0.4972756933    -0.5041169977    -0.4957489154    23.4342408180   369.1682310104   392.6872141361
    27   242.4407478445   -95.7480000000     0.6644645052     0.0196842960    -0.4970942988    -0.5068575907    -0.4948215919    24.4771127701   377.6929910183   402.2546360493
    28   241.4104075358   -96.1870000000     0.6679113594     0.0184743564    -0.5011495624    -0.5077634784    -0.4968320886    24.6603288651   368.1144349575   392.8585209846
    29   241.2816885611   -96.0260000000     0.6684401696     0.0204074618    -0.5005442719    -0.5082722105    -0.4983214043    23.2098639011   368.3422901630   391.6362459660
    30   242.0161732706   -96.0400000000     0.6691616580     0.0199148504    -0.5010623258    -0.5079023657    -0.4967287094    23.3709750175   367.8495841026   391.3050119877
    31   242.9781555086   -95.3210000000     0.6669552267     0.0177434457    -0.5018403758    -0.5073733734    -0.4974624752    23.3205759525   363.6189348698   387.0235409737
    32   241.4291607267   -96.1160000000     0.6689545811     0.0184461528    -0.5010577614    -0.5078371679    -0.4959276231    23.1816120148   369.9175050259   393.1835479736
    33   241.3181603585   -96.0540000000     0.6682111180     0.0181141797    -0.4995738506    -0.5083264351    -0.4968877461    24.1199820042   366.9725980759   391.1769819260
    34   241.7432581425   -95.9200000000     0.6669804241     0.0189330527    -0.5027918413    -0.5075065294    -0.4966124499    23.2614209652   372.4672780037   395.8132839203
    35   242.8864146112   -95.8840000000     0.6670188633     0.0181128034    -0.5018220518    -0.5085680881    -0.4965735103    23.1618769169   371.6341588497   394.8805329800
