     0   499.7965036017   277.6707620626   -56.5050000000     0.0000000000     0.0000000000    -0.5000000000    -0.5000000000    -0.5000000000    24.3320269585   407.4470779896   431.8666291237
     1   499.7640373949   268.1441831091   -63.2720000000     0.2500000000     0.0000000000    -0.5000000000    -0.5000000000    -0.5000000000    24.0367100239   434.7703130245   458.8968050480
     2   499.8246770165   277.4878629040   -48.6500000000     0.0000000000     0.2500000000    -0.5000000000    -0.5000000000    -0.5000000000    23.4303510189   405.8094060421   429.3240017891
     3   499.8698460783   297.6629476972   -38.7420000000     0.0000000000     0.0000000000    -0.2500000000    -0.5000000000    -0.5000000000    23.1306519508   367.8591201305   391.0720949173
     4   499.8115350846   278.1631790718   -52.4240000000     0.0000000000     0.0000000000    -0.5000000000    -0.2500000000    -0.5000000000    23.2221720219   374.9263339043   398.2315549850
     5   499.7836900496   274.1112921111   -59.2930000000     0.0000000000     0.0000000000    -0.5000000000    -0.5000000000    -0.2500000000    23.5762789249   358.4835660458   382.1454188824
     6   499.7766541869   278.5501064441   -62.2130000000    -0.2500000000     0.0000000000    -0.5000000000    -0.5000000000    -0.5000000000    23.4758780003   374.2907638550   397.8506059647
     7   499.7882148868   280.2746571303   -59.3580000000     0.0000000000    -0.2500000000    -0.5000000000    -0.5000000000    -0.5000000000    23.2446911335   377.9400100708   401.2683739662
     8   499.7343281200   262.7564497533   -69.8070000000     0.0000000000     0.0000000000    -0.7500000000    -0.5000000000    -0.5000000000    23.1140451431   384.2704420090   407.4677259922
     9   499.8264768463   279.5361827334   -48.5060000000     0.0000000000     0.0000000000    -0.5000000000    -0.7500000000    -0.5000000000    23.2557590008   377.5516359806   400.8911859989
    10   499.8382110179   287.0838261668   -46.4470000000     0.0000000000     0.0000000000    -0.5000000000    -0.5000000000    -0.7500000000    23.3912079334   377.6516091824   401.1263651848
    11   499.6780508906   248.7132210307   -80.0730000000     0.1355904171    -0.0543679655    -0.9383536921    -0.4828572699    -0.4265940478    23.5758199692   391.3107960224   414.9700169563
    12   499.5090783211   227.9589694393  -111.9100000000     0.6292111449    -0.0858306876    -1.0000000000    -0.4751934410    -0.3879977394    23.9247801304   384.2951879501   408.3048379421
    13   499.4629377952   217.7773802474  -116.9600000000     1.2500000000    -0.1734440736    -1.0000000000    -0.4657771859    -0.3133739438    24.1482400894   373.6567549706   397.8887269497
    14   499.5814345803   226.8414817216   -94.9480000000     1.2437961517    -0.0036689371    -0.8474145953    -0.4733100025    -0.4148589452    23.2311348915   374.6692199707   397.9824111462
    15   499.4987229602   222.4318912338  -111.5000000000     1.1046692456    -0.0720674091    -1.0000000000    -0.4461080361    -0.3001362683    23.2672240734   380.5647611618   403.9154541492
    16   499.4399881332   215.2275820272  -120.5300000000     1.2500000000    -0.1947959511    -0.8130514702    -0.3742637770    -0.1765534318    24.0334219933   380.5751111507   404.6978909969
    17   499.4366887976   217.9079689465  -122.7500000000     1.2427329905    -0.3282643810    -0.8482954502    -0.1676752502    -0.2032502625    23.2924621105   381.1271460056   404.5064499378
    18   499.4252242026   218.2242198776  -125.4300000000     1.0066131190    -0.3882872651    -0.8051565852    -0.1322771661    -0.1976684394    22.9792439938   378.9376888275   402.0035231113
    19   499.5301315658   223.3391144539  -104.9400000000     1.0900298136    -0.5230435068    -0.7856046410    -0.2707272203    -0.0641305839    23.1936798096   380.4381809235   403.7227602005
    20   499.5399976151   226.4553476434  -104.1700000000     0.9057900002    -0.4313425192    -0.7739213376    -0.1201858256    -0.4198379684    23.2834019661   388.6369280815   412.0047039986
    21   499.6711795315   238.2789622548   -78.3510000000     0.9339889801    -0.2586251782    -0.7884362719     0.0000000000    -0.0472111179    23.1362080574   390.4551041126   413.6910190582
    22   499.4794221581   217.4122501929  -113.1800000000     0.9838216105    -0.4158983719    -0.9634890990    -0.1193525266    -0.3873591648    23.0891749859   378.4249711037   401.5989089012
    23   499.4929817578   223.0097274405  -113.0700000000     0.9244423875    -0.3579260723    -0.7803850540    -0.3635970065    -0.2242069536    23.2918798923   373.4980981350   396.8734350204
    24   499.5595475659   227.0097569029   -99.9870000000     1.0736429940    -0.4732733308    -0.7351363602    -0.2909076806    -0.3416096200    23.5829339027   371.8784749508   395.5446450710
    25   499.5068932193   230.3760654622  -113.6000000000     1.0344159168    -0.5966955410    -0.8273142109     0.0000000000    -0.2151346603    23.8093190193   396.0410251617   419.9378280640
    26   499.6795903415   248.3289685154   -79.5670000000     0.8781018706    -0.4916247426    -0.6850262882    -0.0088720902    -0.1225254706    23.1431519985   371.2008941174   394.4350609779
    27   499.4141610633   211.3208805995  -123.8000000000     1.0099025318    -0.2690841405    -0.9574864684    -0.2900554475    -0.1841669093    23.8189539909   369.4511048794   393.3565661907
    28   499.3934732138   212.1423207117  -128.6700000000     1.1080529686    -0.2856913310    -0.8006666576    -0.2511774561    -0.1918308519    23.0722131729   374.4558031559   397.6141529083
    29   499.4185078977   212.6598100081  -123.6600000000     1.0980710610    -0.2916294844    -0.7959860478    -0.2419875425    -0.1947962217    23.1575670242   374.7607979774   398.0035490990
    30   499.4327733327   216.8797891524  -123.0200000000     1.1098204237    -0.2843755312    -0.8088952862    -0.2549793307    -0.1790562192    23.2029478550   382.1807310581   405.4699110985
    31   499.4218212176   213.9649599020  -123.7100000000     1.1040520045    -0.2727465367    -0.8019346346    -0.2432595958    -0.1903365395    23.1299569607   375.9935870171   399.2092158794
    32   499.4127528794   213.4365509852  -125.3400000000     1.1109084452    -0.2856275920    -0.8036823105    -0.2584960629    -0.2052274446    23.4647619724   370.9721360207   394.5217659473
    33   499.4174252981   213.0542222079  -124.1200000000     1.1093046458    -0.2995897891    -0.7994757257    -0.2517332848    -0.1845117910    23.1755580902   373.5866689682   396.8476009369
    34   499.3983799760   212.5427926279  -127.8700000000     1.1102046528    -0.2826311966    -0.7861872120    -0.2561225443    -0.1903070781    23.2334258556   372.3038721085   395.6233999729
    35   499.4004672597   213.9165910198  -128.2500000000     1.0960162038    -0.2892762332    -0.8006601715    -0.2607817931    -0.1920836552    23.2537930012   374.4662909508   397.8059639931
    36   499.4203574465   213.3211222215  -123.6500000000     1.1226551729    -0.2818770218    -0.7969503454    -0.2482670067    -0.1917108657    23.0349490643   377.3103981018   400.4308400154
    37   499.3994038866   213.0050414079  -127.9300000000     1.1015345757    -0.2856506215    -0.8150082642    -0.2510761527    -0.1932040507    23.8706970215   376.4147939682   400.3711237907
    38   499.3915256356   212.6465921336  -129.3900000000     1.1136145368    -0.2939620125    -0.8089319721    -0.2432512869    -0.1962601436    23.8995039463   377.2555360794   401.2409942150
    39   499.4086848414   212.9997822232  -125.9500000000     1.1195629134    -0.3012999922    -0.8167942518    -0.2335293605    -0.1983865497    23.9510810375   369.0804269314   393.1166639328
    40   499.4007856059   213.0289279702  -127.6500000000     1.1104508882    -0.2917859727    -0.8054216961    -0.2492046641    -0.1960940320    23.8019011021   375.5947661400   399.4824838638
    41   499.3905793324   211.7748984747  -129.0600000000     1.1143701536    -0.2956384415    -0.8094848893    -0.2432506436    -0.1967282329    23.2135789394   375.2329499722   398.5321090221
    42   499.4208413775   214.5180873963  -124.2400000000     1.1167833783    -0.2974294187    -0.8079053600    -0.2426387040    -0.1947769778    22.9997389317   372.7105278969   395.7955319881
    43   499.3921052863   212.2736011575  -129.0400000000     1.1141840638    -0.2951777826    -0.8094607708    -0.2437303517    -0.1960054397    23.3161270618   373.4734849930   396.8747658730
    44   499.3878036637   211.5334449328  -129.5000000000     1.1137949352    -0.2954503810    -0.8108990754    -0.2436131993    -0.1979542348    23.2845020294   378.1507089138   401.5204520226
    45   499.3887469473   211.5981252395  -129.3400000000     1.1122937127    -0.2965721421    -0.8110195689    -0.2430417327    -0.1976493049    22.9499158859   379.3167781830   402.3518729210
    46   499.3864824027   211.2897829915  -129.6300000000     1.1145003383    -0.2956217930    -0.8115681029    -0.2436861275    -0.1980959114    23.6958498955   377.7046070099   401.4863400459
    47   499.3854381708   211.1748466026  -129.7800000000     1.1151133581    -0.2958211151    -0.8114075497    -0.2434467994    -0.1988044499    23.0637271404   375.7382109165   398.8873090744
    48   499.3835587138   210.6445543321  -129.8500000000     1.1159150123    -0.2959457310    -0.8113749319    -0.2431494921    -0.1993142979    24.1170959473   375.7210578918   399.9241220951
    49   499.3878358967   211.5772540327  -129.5200000000     1.1171998486    -0.2962099655    -0.8109172328    -0.2424603898    -0.2005999385    23.4284920692   376.2642271519   399.7792401314
    50   499.3888785719   211.8564233817  -129.4700000000     1.1161992130    -0.2963628681    -0.8117971371    -0.2424000177    -0.1992420202    23.1740920544   374.4073879719   397.6670958996
    51   499.3862253781   210.9732064075  -129.4900000000     1.1167907698    -0.2955387016    -0.8116012469    -0.2437307167    -0.1991946406    23.2206130028   375.2642199993   398.5704901218
    52   499.3879284690   211.6909436828  -129.5700000000     1.1157699636    -0.2956979021    -0.8119544667    -0.2432348098    -0.2000721820    23.1488580704   372.2130398750   395.4474370480
    53   499.3872926048   211.5528570654  -129.6200000000     1.1158249007    -0.2949457310    -0.8112000632    -0.2423151980    -0.1990171580    23.1431760788   375.2324788570   398.4609990120
    54   499.3854671170   211.2010660466  -129.7900000000     1.1150212476    -0.2961003376    -0.8112872272    -0.2431228927    -0.1989033649    23.9874489307   375.5454111099   399.6183760166
    55   499.3858543616   211.2853888135  -129.7600000000     1.1168468132    -0.2967722115    -0.8112312650    -0.2434980194    -0.1996845588    23.0403361320   374.3640329838   397.4893929958
    56   499.3878890800   211.7753429256  -129.6300000000     1.1154823898    -0.2958596763    -0.8108456493    -0.2431778185    -0.1985901041    23.1977281570   374.2986900806   397.5820090771
    57   499.3878104445   211.8298145311  -129.6800000000     1.1161093055    -0.2955023830    -0.8116042289    -0.2430334991    -0.1992953606    23.4958939552   374.2385489941   397.8195121288
    58   499.3835823255   210.5066181162  -129.7600000000     1.1165528301    -0.2960769005    -0.8111477191    -0.2428074067    -0.1999525164    23.0143051147   374.1837830544   397.2834670544
    59   499.3851246236   211.0021070670  -129.7400000000     1.1154289716    -0.2956617958    -0.8107739992    -0.2431022748    -0.1999492981    23.0722920895   375.4206991196   398.5784890652
