     0   499.7965036017   277.6707620626   -56.5050000000     0.0000000000     0.0000000000    -0.5000000000    -0.5000000000    -0.5000000000    24.1869258881   378.2229950428   402.4940428734
     1   499.6059051654   243.4109548916   -95.9270000000     0.6250000000     0.0000000000    -0.5000000000    -0.5000000000    -0.5000000000    24.0288429260   358.4462771416   382.5591340065
     2   499.8484863188   267.5665964520   -40.5400000000     0.6250000000     0.4250000000    -0.5000000000    -0.5000000000    -0.5000000000    24.4621679783   374.3627858162   398.9101238251
     3   499.8365417015   290.9182369170   -47.5530000000     0.6250000000     0.0000000000     0.0000000000    -0.5000000000    -0.5000000000    24.4836380482   392.5406398773   417.1086459160
     4   499.6985564968   250.4084486694   -75.4840000000     0.6250000000     0.0000000000    -0.5000000000    -0.2500000000    -0.5000000000    23.3679211140   381.7755680084   405.2278249264
     5   499.6697466932   251.3313213914   -83.0030000000     0.6250000000     0.0000000000    -0.5000000000    -0.5000000000    -0.2500000000    23.5651209354   388.6580917835   412.3085839748
     6   499.6087652197   238.4399462969   -93.2860000000     0.9218592165    -0.2569195620    -0.7873752073    -0.5577221979    -0.5397735601    23.3843491077   407.7850079536   431.2544159889
     7   499.6674618496   247.3189915419   -82.2430000000     0.7734296083    -0.1284597810    -0.6436876037    -0.5288610989    -0.5198867801    23.4669981003   383.9387121201   407.4902420044
     8   499.7552911726   261.1675299498   -63.9100000000     0.4792612263    -0.0263182409    -0.5294380462    -0.5059129274    -0.5040743108    23.5941951275   375.2921280861   398.9689040184
     9   499.6061084726   243.8615540828   -96.0550000000     0.6250000000     0.0087728613    -0.5085777565    -0.5000000000    -0.5000000000    24.0209989548   400.5815119743   424.6855778694
    10   499.6947635194   254.0292689092   -77.5390000000     0.7361707975     0.0454738849    -0.4334569619    -0.5084897634    -0.5058498832    24.0777239799   389.8907589912   414.0525689125
    11   499.6199807111   244.6507393717   -92.9720000000     0.6250000000     0.0000000000    -0.5000000000    -0.4889197076    -0.5037915957    24.2413389683   386.5236608982   410.8513970375
    12   499.6336469555   246.9366676941   -90.4660000000     0.6471915393    -0.0085419771    -0.5116581899    -0.4854054172    -0.4403742676    23.3728001118   373.7004621029   397.1565089226
    13   499.6188620286   246.2257949746   -93.8460000000     0.6251327941    -0.0067105855    -0.4701846728    -0.5000532822    -0.5007378634    23.5262138844   396.0003869534   419.6107060909
    14   499.6806550958   250.9355839225   -80.1350000000     0.7021182549    -0.0841348279    -0.5353705773    -0.5092717883    -0.5103243372    23.8240170479   397.2830958366   421.1914401054
    15   499.6195851601   246.7648213307   -93.8730000000     0.6164543203    -0.0068885778    -0.4715340488    -0.4997122981    -0.5022046629    23.7073419094   378.3816740513   402.1726818085
    16   499.5759877358   241.3373589239  -102.3300000000     0.6367721630     0.0042429569    -0.5107076527    -0.4403938288    -0.5172130235    23.1672608852   371.2087378502   394.4596760273
    17   499.5724333210   239.1673743909  -102.2600000000     0.6340533824     0.0296670768    -0.5469049945    -0.4440082055    -0.5204353467    23.2191929817   374.2429368496   397.5467989445
    18   499.6538967278   247.8133172929   -85.7690000000     0.4996286134     0.0394152910    -0.5552884882    -0.4135111842    -0.5263112668    24.0228900909   376.4024360180   400.5088069439
    19   499.5763107316   237.9338055451  -100.8100000000     0.6574029431    -0.0075416753    -0.5828397850    -0.4460511629    -0.5295603950    23.3159170151   380.7203290462   404.1202130318
    20   499.5729183290   238.6897095489  -101.9400000000     0.6342439909     0.0326923803    -0.5414608820    -0.4448806785    -0.5231746898    23.6929039955   378.7179050446   402.5096709728
    21   499.7458999220   255.5489180322   -64.9350000000     0.7025565788     0.0464496724    -0.5457829495    -0.4357625197    -0.5126914655    23.9514150620   388.5042591095   412.5391330719
    22   499.5709890130   239.2246425196  -102.6300000000     0.6317613997     0.0268057467    -0.5535073976    -0.4453466281    -0.5136513180    25.9932510853   391.9737391472   418.0527389050
    23   499.6066133378   240.9410615459   -94.7830000000     0.6043643517     0.0220414955    -0.5450619945    -0.4737350446    -0.5186392406    23.7877788544   388.8749558926   412.7474100590
    24   499.5743997106   239.5440100536  -101.9500000000     0.6226909777     0.0305761641    -0.5521518707    -0.4429530609    -0.5225133953    23.3929591179   374.6249630451   398.1027619839
    25   499.7470940457   256.8701878620   -64.9640000000     0.5757246725     0.0048190781    -0.5693664745    -0.4334113464    -0.5035743907    23.1872708797   371.2725439072   394.5440001488
    26   499.5688374769   237.5206436671  -102.4100000000     0.6643977454     0.0395522869    -0.5480096603    -0.4469793686    -0.5163491057    23.7835969925   370.6996729374   394.5673418045
    27   499.7384878674   257.0702909377   -67.2270000000     0.6699869961     0.0416629516    -0.5516712803    -0.4407108557    -0.5129068402    23.4989829063   385.2368581295   408.8197262287
    28   499.5710892872   239.3038852342  -102.6400000000     0.6619422805     0.0410707616    -0.5458096250    -0.4469939440    -0.5151174591    23.6876270771   371.1738591194   394.9454569817
    29   499.5729740829   238.7677091986  -101.9600000000     0.6620871212     0.0380952952    -0.5461487468    -0.4544524876    -0.5180023207    23.0749320984   369.3096988201   392.4679529667
    30   499.5699475304   238.3197568983  -102.4900000000     0.6635502916     0.0402930298    -0.5494846437    -0.4470962055    -0.5170927962    23.5941970348   365.2889299393   388.9662439823
    31   499.5748589703   239.2617811176  -101.7200000000     0.6610004752     0.0380076747    -0.5376770007    -0.4448518056    -0.5215592393    23.2323279381   381.0521221161   404.3699932098
    32   499.5686255016   237.6821077024  -102.5300000000     0.6635941556     0.0340306705    -0.5471421434    -0.4468099862    -0.5160137312    24.5033290386   386.0779819489   410.6682128906
    33   499.5700883968   238.7700151306  -102.6500000000     0.6473493283     0.0339897230    -0.5549059040    -0.4460630517    -0.5177982658    23.7886381149   391.4277000427   415.3014650345
    34   499.5690525077   238.6369612069  -102.8400000000     0.6676689884     0.0341632146    -0.5508679734    -0.4463971848    -0.5176598026    24.1653330326   406.9778149128   431.2314519882
    35   499.7383114216   256.6371081304   -67.1590000000     0.6671223927     0.0251719451    -0.5503674285    -0.4456258795    -0.5107330114    23.8298730850   412.1368060112   436.0515730381
    36   499.7337946353   259.9609518637   -69.2030000000     0.6653582742     0.0296013078    -0.5487547859    -0.4462179328    -0.5133733713    23.4185199738   405.9809939861   429.4853370190
    37   499.5702863166   238.4145629023  -102.4500000000     0.6632193622     0.0340812496    -0.5469764259    -0.4505340824    -0.5171797804    24.7312669754   401.3572521210   426.1747229099
    38   499.5718286697   238.6661431269  -102.1900000000     0.6629786764     0.0341801516    -0.5447737076    -0.4463070813    -0.5174597844    24.4572260380   406.9484910965   431.4917781353
    39   499.5689236802   237.8233164132  -102.5200000000     0.6622576051     0.0338567383    -0.5477851488    -0.4468079291    -0.5162427829    24.9780788422   397.2691259384   422.3318240643
    40   499.5677200194   238.1558355894  -102.9500000000     0.6629405633     0.0373015529    -0.5475398975    -0.4467967949    -0.5159454713    23.8530719280   397.5609319210   421.4993069172
    41   499.5680605765   238.4825149006  -103.0100000000     0.6634004839     0.0376634401    -0.5484483868    -0.4468263715    -0.5151007068    25.5890889168   399.5654749870   425.2419891357
    42   499.5685615403   238.6203586785  -102.9500000000     0.6629352849     0.0372926813    -0.5475292609    -0.4463616647    -0.5159050809    25.2931349277   382.0811581612   407.4585278034
    43   499.5703109046   238.2187518531  -102.3600000000     0.6633226935     0.0377793142    -0.5470735986    -0.4476928292    -0.5161465154    22.9782969952   378.5558781624   401.6168189049
    44   499.5684358400   238.4349988608  -102.9000000000     0.6622701991     0.0372856708    -0.5473275112    -0.4468038683    -0.5157580800    23.3980979919   371.8026170731   395.2834970951
    45   499.5695604689   238.1054540648  -102.4900000000     0.6619001277     0.0371283563    -0.5491957491    -0.4468686511    -0.5163001472    23.6135029793   366.6474461555   390.3446459770
    46   499.5683912132   238.5493603028  -102.9600000000     0.6629747719     0.0369372079    -0.5475412795    -0.4467992925    -0.5159102275    23.1481230259   367.5379569530   390.7703847885
    47   499.5683964729   238.5059285730  -102.9400000000     0.6637931928     0.0381539052    -0.5472638048    -0.4460315055    -0.5161115240    23.2609460354   372.9763848782   396.3197610378
    48   499.5675705183   238.2122504645  -103.0100000000     0.6641717742     0.0358865278    -0.5473574917    -0.4465838339    -0.5158408155    23.3785779476   371.3519427776   394.8136739731
