     1     0.1643815906     0.5128760338
     2     0.4287819775     0.5157711506
     3     0.0406264662     0.5404119492
     4     0.3032772024     0.5102560520
     5     0.0943005373     0.5503830910
     6     0.3661784224     0.5112929344
     7     0.0838509384     0.5204222202
     8     0.3117084166     0.5162529945
     9     0.1176919877     0.6174271107
    10     0.1413708223     0.5283041000
    11     0.0086966619     0.5284481049
    12     0.1288569017     0.5442800522
    13     0.0736622023     0.5438878536
    14     0.1532856092     0.5255110264
    15     0.0286045605     0.5335271358
    16     0.6058288147     0.5415501595
    17     0.3205496736     0.5293898582
    18     0.7441451990     0.5187809467
    19     0.2346849460     0.5371658802
    20     0.6107765152     0.5319800377
    21     0.3474246765     0.5339639187
    22     0.0622593988     0.5213561058
    23     0.0764000952     0.5697460175
    24     0.0441027354     0.5913000107
    25     0.0739278233     0.5510909557
    26     0.1880788556     0.5675060749
    27     0.0484375768     0.5525999069
    28     0.1900691579     0.5274999142
    29     0.0782699533     0.5522899628
    30     0.0757263744     0.5256249905
    31     0.1027489144     0.5284688473
    32     0.0216040736     0.5341429710
    33     0.0114165670     0.5716791153
    34     0.0116938825     0.5364511013
    35     0.0133455356     0.5323808193
    36     0.0130769117     0.5309329033
    37     0.0177904846     0.5388700962
    38     0.0093167836     0.5271918774
    39     0.0192585000     0.5606799126
    40     0.2642689573     0.5170478821
    41     0.1397388627     0.5254931450
    42     0.3312830234     0.5423181057
    43     0.0520958522     0.5651609898
    44     0.1387740932     0.5206720829
    45     0.0706975489     0.5246100426
    46     0.0260761777     0.5134930611
    47     0.0081847071     0.5359330177
    48     0.0208977137     0.5123138428
    49     0.0053819479     0.5230140686
    50     0.0182646768     0.5324599743
    51     0.0138429640     0.5428371429
    52     0.0112627842     0.5680007935
    53     0.0078669273     0.5353908539
    54     0.0088461740     0.5324809551
    55     0.0093967271     0.5632400513
    56     0.0086596306     0.5469880104
    57     0.0102308316     0.5237848759
    58     0.0076609264     0.6598510742
    59     0.0109748519     0.5270879269
    60     0.3770641014     0.5271720886
    61     0.1611203359     0.5466749668
    62     0.3755708565     0.5979738235
    63     0.1944362687     0.5337150097
    64     0.0774027312     0.5339131355
    65     0.1201096570     0.5269200802
    66     0.0179022969     0.5282521248
    67     0.0084889173     0.5334050655
    68     0.0104778592     0.5206658840
    69     0.0137601107     0.5262749195
    70     0.5397417249     0.5100209713
    71     0.2614296670     0.5343949795
    72     0.5546138893     0.5241479874
    73     0.2783801995     0.7000031471
    74     0.1338853662     0.5173962116
    75     0.0915725135     0.5132000446
    76     0.0101747428     0.5101292133
    77     0.0203044876     0.5094530582
    78     0.0031782766     0.5210461617
    79     0.0331289312     0.7533438206
    80     0.0045140601     0.6093769073
    81     0.0253294278     0.5250890255
    82     0.0078190482     0.5730369091
    83     0.0046812359     0.5917448997
    84     0.0058439997     0.5278999805
    85     0.0057694575     0.6167888641
    86     0.0055834718     0.5636661053
    87     0.0066775622     0.7822039127
    88     0.0052122937     0.7114398479
    89     0.0067940502     0.7011129856
    90     0.9558597236     0.6410710812
    91     0.6012451878     0.5183429718
    92     0.9672483668     0.5174810886
    93     0.6216792781     0.5111210346
    94     0.0863819404     0.5079989433
    95     0.1827398760     0.5227718353
    96     0.0283139300     0.5188708305
    97     0.0258303869     0.5128231049
    98     0.0136720115     0.5153768063
    99     0.0324910827     0.5248289108
   100     0.0190711066     0.5172610283
   101     0.0329199655     0.5145912170
   102     0.0057884334     0.5275118351
   103     0.0082142145     0.5107800961
   104     0.1643743101     0.5097839832
   105     0.1248640001     0.5181248188
   106     0.0426731590     0.5289328098
   107     0.0301632775     0.5233440399
   108     0.0287889389     0.5178391933
   109     0.0360662743     0.5192110538
   110     0.0308378321     0.5138370991
   111     0.0398453608     0.5144951344
   112     0.0214299442     0.5190761089
   113     0.0469611288     0.5209181309
   114     0.0269664863     0.5132279396
   115     0.0160048553     0.5180740356
   116     0.0173366002     0.5197649002
   117     0.0234814955     0.5147271156
   118     0.0009662875     0.6224179268
   119     0.0294856203     0.5286149979
   120     0.0047414681     0.5704209805
   121     0.0033514569     0.7503309250
   122     0.0031987661     0.5170469284
   123     0.0040073640     0.5174221992
   124     0.0034264056     0.5356800556
   125     0.0044272668     0.5372500420
   126     0.0023810964     0.5808351040
   127     0.0052179119     0.5321941376
