     1 0.12579962540836503448
     2 0.29596379856537330388
     3 0.13458699785018329864
     4 0.15921696839082216668
     5 0.15148351118824621153
     6 0.04373736341554120000
     7 0.05936937322157054275
     8 0.07034757142404644836
     9 0.05165319127704535995
    10 0.02759789497457982091
    11 0.02569754406572467495
    12 0.04283659282288368453
    13 0.04248820439518809222
    14 0.05995497225865822899
    15 0.04073969756476734233
    16 0.02714616791268352480
    17 0.05339604884226286513
    18 0.03428338905347898258
    19 0.02534979166721224725
    20 0.02559097541042492513
    21 0.02259434786142991078
    22 0.02622694980315733518
    23 0.01558024053569753362
    24 0.00931563963889568171
    25 0.01723320325283913754
    26 0.01506496804256521500
    27 0.01102821649612233980
    28 0.00917022409921702808
    29 0.01712458371388353787
    30 0.00418452581242672195
    31 0.00174496453943995570
    32 0.00319174230720030167
    33 0.00106173750435629836
    34 0.00273507991037562131
    35 0.01174060497249222214
    36 0.00431514573521045615
    37 0.00135429681658305362
    38 0.00109810303307229839
    39 0.00315243207242685026
    40 0.00108191432054678986
    41 0.00394332529046138684
    42 0.00057563762318129730
