     1     0.1257996254     0.5052330494
     2     1.3161450095     0.5079550743
     3     0.1086483496     0.5370850563
     4     0.1913751674     0.5793259144
     5     0.2778730655     0.5480830669
     6     0.0356271107     0.5184111595
     7     0.2297794789     0.5311319828
     8     0.1159099850     0.5245330334
     9     0.1939119774     0.5635979176
    10     0.4216335529     0.5807890892
    11     0.1013396215     0.5273938179
    12     0.4419358371     0.5339000225
    13     0.1315814067     0.5274028778
    14     0.1323087624     0.5139899254
    15     0.2145582242     0.5297079086
    16     0.8978891153     0.5078239441
    17     0.6226975223     0.5274169445
    18     0.6619448065     0.5159230232
    19     0.3220235283     0.5206081867
    20     0.2102549934     0.5140559673
    21     0.3048815902     0.5299589634
    22     0.4133513604     0.5171020031
    23     0.2147128364     0.5262119770
    24     0.1671821784     0.5115320683
    25     1.2291337473     0.5227019787
    26     0.8833228384     0.5171298981
    27     0.1205920959     0.5216650963
    28     0.2533842497     0.5225000381
    29     0.1878676117     0.5324280262
    30     0.5598265537     0.5191998482
    31     0.0493689114     0.5253710747
    32     0.1484558360     0.5119788647
    33     0.8274721236     0.5241661072
    34     0.1971296388     0.5193560123
    35     0.2334576919     0.5239880085
    36     0.4343447685     0.5199429989
    37     0.2182504997     0.5281710625
    38     0.1560251231     0.5178399086
    39     0.2111580161     0.5298149586
    40     0.3722173087     0.5121288300
    41     0.0364318861     0.5292091370
    42     0.3383915813     0.5108327866
    43     0.3852100282     0.5241689682
    44     0.7628041205     0.5143239498
    45     0.3542737829     0.5325379372
    46     0.2516159207     0.5100290775
    47     0.9957298720     0.5232191086
    48     0.0858634911     0.5181720257
    49     0.6032546660     0.5339579582
    50     0.0645441596     0.5121278763
    51     0.2935812883     0.5211281776
    52     0.0537680299     0.5127701759
    53     0.2583658961     0.5320141315
    54     0.0953624266     0.5108540058
    55     0.1700677639     0.5270841122
    56     0.1216651777     0.5150198936
    57     0.6447088496     0.5308361053
    58     0.3152030818     0.5085420609
    59     0.0793850763     0.5279519558
    60     0.1250731806     0.5117180347
    61     0.3552632482     0.5213270187
    62     0.1255617742     0.5106348991
    63     0.4647170207     0.5285508633
    64     0.0867273785     0.5175900459
    65     0.1213402175     0.5212399960
    66     0.3009233848     0.5112149715
    67     0.1704763965     0.5238499641
    68     0.0824848444     0.5076940060
    69     0.0769189903     0.5233609676
    70     0.1128690328     0.5193638802
    71     0.1888724522     0.5284440517
    72     0.0323398377     0.5163540840
    73     0.2308923316     0.5346240997
    74     0.2392277644     0.5116069317
    75     0.1153878408     0.5238909721
    76     0.1381887794     0.5177841187
    77     0.1121472513     0.5279669762
    78     0.2049132218     0.5179002285
    79     0.3072927777     0.5276880264
    80     0.1610505578     0.5193579197
    81     0.0468879017     0.5208771229
    82     0.2292814796     0.5227799416
    83     0.0675756624     0.5300760269
    84     0.0509757088     0.5145370960
    85     0.1434678495     0.5320091248
    86     0.1693450087     0.5129628181
    87     0.0590530595     0.5308129787
    88     0.0229597012     0.5119049549
    89     0.0460648743     0.5266039371
    90     0.1111189954     0.5188510418
    91     0.0773691660     0.5289390087
    92     0.1591927744     0.5148971081
    93     0.1067696360     0.5315530300
    94     0.0557456017     0.5184760094
    95     0.1919456310     0.5288510323
    96     0.1232988841     0.5149261951
    97     0.1160260467     0.5300040245
    98     0.0360618968     0.5197379589
    99     0.1050974807     0.5271770954
   100     0.3083172572     0.5181899071
   101     0.1043332995     0.5314040184
   102     0.0801719980     0.5163321495
   103     0.0555350992     0.5286960602
   104     0.0377829340     0.5099689960
   105     0.0909640606     0.5254659653
   106     0.1146481635     0.5097460747
   107     0.0305606482     0.5262219906
   108     0.1948611222     0.5114848614
   109     0.1045132313     0.5315508842
   110     0.0465999980     0.5205669403
   111     0.0082933116     0.5298759937
   112     0.1069960602     0.5130488873
   113     0.0404677881     0.5283710957
   114     0.1229781348     0.5121710300
   115     0.1603604680     0.5313529968
   116     0.0122205395     0.5106799603
   117     0.0354415642     0.5281908512
   118     0.4566871621     0.5126459599
   119     0.0983929854     0.5293111801
   120     0.0707879640     0.5183990002
   121     0.0670618829     0.5287680626
   122     0.0203838388     0.5159180164
   123     0.0917529428     0.5318160057
   124     0.1181563218     0.5200119019
   125     0.0928293383     0.5289418697
   126     0.1017574204     0.5108320713
   127     0.1272372256     0.5313150883
   128     0.0316966097     0.5132789612
   129     0.1511379905     0.5251491070
   130     0.0507766018     0.5103259087
   131     0.0889284806     0.5237331390
   132     0.0745808332     0.5170891285
   133     0.0735108462     0.5320758820
   134     0.0422723227     0.5120699406
   135     0.0687776464     0.5327641964
   136     0.0974842385     0.5153801441
   137     0.0224386319     0.5337297916
   138     0.0634478847     0.5178449154
   139     0.1279204535     0.5238041878
   140     0.0369229243     0.5103528500
   141     0.1034677797     0.5253479481
   142     0.0294642268     0.5214030743
   143     0.0422360424     0.5198528767
   144     0.0754243987     0.5099318027
   145     0.0627962869     0.5256350040
   146     0.0372674654     0.5202300549
   147     0.0599402284     0.5336151123
   148     0.0877540720     0.5086760521
   149     0.2024274991     0.5328240395
   150     0.0462495104     0.5113940239
   151     0.0680836400     0.5329318047
   152     0.1822379641     0.5169770718
   153     0.0333703780     0.5278141499
   154     0.0702715593     0.5123739243
   155     0.0279517752     0.5330998898
   156     0.0741211523     0.5196619034
   157     0.1122277732     0.5201451778
   158     0.0244933833     0.5096750259
   159     0.1193671067     0.5236129761
   160     0.1116277002     0.5090539455
   161     0.0687178366     0.5226700306
   162     0.0771313077     0.5113759041
   163     0.0424960484     0.5242888927
   164     0.0864670872     0.5233061314
   165     0.0392095031     0.5223731995
   166     0.0840347482     0.5097379684
   167     0.0506056001     0.5268461704
   168     0.1007420374     0.5106310844
   169     0.0397953642     0.5242910385
   170     0.0210494815     0.5192430019
   171     0.0270205647     0.5321459770
   172     0.0891706538     0.5091009140
   173     0.0063263126     0.5241169930
   174     0.0198327544     0.5089740753
   175     0.0355732481     0.5251209736
   176     0.0352363900     0.5071609020
   177     0.0549590009     0.5250060558
   178     0.0255687647     0.5187067986
   179     0.1235352632     0.5232188702
   180     0.0123444048     0.5201840401
   181     0.0684667534     0.5319151878
   182     0.0512848632     0.5096421242
   183     0.0296756928     0.5327990055
   184     0.0878349058     0.5139470100
   185     0.0058669008     0.5322549343
   186     0.0531221881     0.5321509838
   187     0.0356816682     0.5317518711
   188     0.0359651835     0.5244081020
   189     0.0354488086     0.5356249809
   190     0.0030636130     0.5760440826
   191     0.0831744790     0.5685551167
   192     0.0140921325     0.5260438919
   193     0.0057963882     0.5502190590
   194     0.0318954004     0.5435199738
   195     0.1312147725     0.5596158504
   196     0.0637092034     0.5126140118
   197     0.0254946146     0.5566840172
   198     0.0154477659     0.5230920315
   199     0.1172770573     0.5257241726
   200     0.0125714212     0.5292451382
   201     0.0118380278     0.5494151115
   202     0.0781272155     0.5545299053
   203     0.0066573300     0.5240209103
   204     0.0325451636     0.5234160423
   205     0.0273655923     0.5446970463
   206     0.0264955395     0.5306918621
   207     0.0028989601     0.5316040516
   208     0.0060500246     0.5555131435
   209     0.0742906144     0.5560729504
   210     0.0417059436     2.0309758186
   211     0.0135160594     0.5273969173
   212     0.0272758386     0.5470290184
   213     0.0602069267     0.5532171726
   214     0.0196022231     0.5233230591
   215     0.0638978626     0.5262439251
   216     0.0105012881     1.5812449455
   217     0.0553699920     0.5663590431
   218     0.0062794204     0.5894069672
   219     0.0149769455     0.5533990860
   220     0.0145240468     0.5402290821
   221     0.0005701896     0.5473668575
