     1 0.12579962540836503448
     2 0.29596379856537330388
     3 0.13458699785018329864
     4 0.03344956239538755816
     5 0.03530046375818489401
     6 0.03474842828004209849
     7 0.03279719890670031168
     8 0.03530046375818489401
     9 0.03994138436782168622
    10 0.03287967955009772625
    11 0.03243159654303164052
    12 0.03305042763228714653
    13 0.03279719890670031168
    14 0.03250539674346182573
    15 0.03267419992112521876
    16 0.03239181689293640920
    17 0.03342025576909252171
    18 0.03231998908043764995
    19 0.03233240223412613135
    20 0.03253456605144053326
    21 0.03232397537311333668
    22 0.03233974571103616358
    23 0.03231925416180519983
    24 0.03236051169679039774
    25 0.03231613810064498660
    26 0.03231634827719605252
    27 0.03232452765942643580
    28 0.03231633071813176661
    29 0.03231660919955443856
    30 0.03231600613959077772
    31 0.03231781646215158010
    32 0.03231594396635661948
    33 0.03231602370142125369
    34 0.03231594139145674283
    35 0.03231620958624453754
    36 0.03231593330976051393
    37 0.03231593513443704879
    38 0.03231600960934094546
    39 0.03231592750603311248
    40 0.03231592839876791523
    41 0.03231594089759738664
    42 0.03231592718680445508
    43 0.03231592673722055720
    44 0.03231593330976051393
    45 0.03231593357839816771
    46 0.03231592600084540190
    47 0.03231592660501005077
    48 0.03231592537527051834
    49 0.03231592848993916633
    50 0.03231592596720059274
    51 0.03231592746989911391
    52 0.03231592545434981700
    53 0.03231592587178681864
    54 0.03231592641841221636
    55 0.03231592629772161995
    56 0.03231592750603311248
    57 0.03231592738895228134
    58 0.03231592545434981700
    59 0.03231592615154413317
    60 0.03231592615154413317
    61 0.03231592713576188214
    62 0.03231592615154413317
    63 0.03231592713576188214
    64 0.03231592713576188214
    65 0.03231592629366258906
    66 0.03231592713576188214
    67 0.03231592628270064937
    68 0.03231592646894451692
    69 0.03231592601059912750
    70 0.03231592624789583756
    71 0.03231592601059912750
    72 0.03231592716876251214
    73 0.03231592601059912750
    74 0.03231592537527051834
    75 0.03231592601059912750
    76 0.03231592537527051834
    77 0.03231592537527051834
    78 0.03231592537527051834
    79 0.03231592601059912750
    80 0.03231592537527051834
    81 0.03231592537527051834
    82 0.03231592537527051834
    83 0.03231592537527051834
    84 0.03231592537527051834
    85 0.03231592537527051834
    86 0.03231592537527051834
    87 0.03231592537527051834
    88 0.03231592537527051834
    89 0.03231592537527051834
    90 0.03231592537527051834
    91 0.03231592537527051834
    92 0.03231592537527051834
    93 0.03231592537527051834
    94 0.03231592537527051834
    95 0.03231592537527051834
    96 0.03231592537527051834
    97 0.03231592537527051834
    98 0.03231592537527051834
    99 0.03231592537527051834
   100 0.03231592537527051834
   101 0.03231592537527051834
   102 0.03231592537527051834
   103 0.03231592537527051834
   104 0.03231592537527051834
   105 0.03231592537527051834
   106 0.03231592537527051834
   107 0.03231592537527051834
   108 0.03231592537527051834
   109 0.03231592537527051834
   110 0.03231592537527051834
   111 0.03231592537527051834
   112 0.03231592537527051834
   113 0.03231592537527051834
   114 0.03231592537527051834
   115 0.03231592537527051834
   116 0.03231592537527051834
   117 0.03231592537527051834
   118 0.03231592537527051834
   119 0.03231592537527051834
   120 0.03231592537527051834
   121 0.03231592537527051834
   122 0.03231592537527051834
   123 0.03231592537527051834
   124 0.03231592537527051834
   125 0.03231592537527051834
   126 0.03231592537527051834
   127 0.03231592537527051834
   128 0.03231592537527051834
   129 0.03231592537527051834
   130 0.03231592537527051834
   131 0.03231592537527051834
   132 0.03231592537527051834
   133 0.03231592537527051834
   134 0.03231592537527051834
   135 0.03231592537527051834
   136 0.03231592537527051834
   137 0.03231592537527051834
   138 0.03231592537527051834
   139 0.03231592537527051834
   140 0.03231592537527051834
   141 0.03231592537527051834
   142 0.03231592537527051834
   143 0.03231592537527051834
   144 0.03231592537527051834
   145 0.03231592537527051834
   146 0.03231592537527051834
   147 0.03231592537527051834
   148 0.03231592537527051834
   149 0.03231592537527051834
   150 0.03231592537527051834
   151 0.03231592537527051834
   152 0.03231592537527051834
   153 0.03231592537527051834
   154 0.03231592537527051834
   155 0.03231592537527051834
   156 0.03231592537527051834
   157 0.03231592537527051834
   158 0.03231592537527051834
   159 0.03231592537527051834
   160 0.03231592537527051834
   161 0.03231592537527051834
   162 0.03231592537527051834
   163 0.03231592537527051834
   164 0.03231592537527051834
   165 0.03231592537527051834
   166 0.04982913670036920317
   167 0.05186535879136926902
   168 0.08059852507574598313
   169 0.03970597188592545068
   170 0.02283291227602026255
   171 0.01630999690250684725
   172 0.00971291315448703438
   173 0.00709489415654794911
   174 0.00535130738915377564
   175 0.02868452232755647896
   176 0.02168618327523047160
   177 0.00527553391169106704
   178 0.01877891539515530450
   179 0.00285607116620912064
   180 0.01392140597361479076
   181 0.00283125649396719515
   182 0.00382540748653498533
   183 0.00257295715150702292
   184 0.00434913264219674751
   185 0.00237071352516300855
   186 0.05016543727847101730
   187 0.00473441433425793746
   188 0.00473441433425793746
   189 0.00364144153537116367
   190 0.00261652235502315630
   191 0.00536213979291606368
   192 0.00253412181737700838
   193 0.03117342547324766094
   194 0.00889502841965465925
   195 0.01848911126782439365
   196 0.00641076498424987193
   197 0.01299102304754351858
   198 0.00464228527313832653
   199 0.00551788685983943018
   200 0.00375691889460403987
   201 0.00133643986284918211
   202 0.00043458275464342016
