     1 0.12579962540836503448
     2 0.12583827791168239463
     3 0.12576096535232139662
     4 0.09320088179463395517
     5 0.09320202395469706635
     6 0.09319973950540094698
     7 0.09360924575506646139
     8 0.09304709090616632150
     9 0.09307603254841337326
    10 0.09301814833281403516
    11 0.07012392016842933229
    12 0.07011834068298915257
    13 0.07011271289613479896
    14 0.06674425721070655071
    15 0.06672644594296797682
    16 0.04407590900899027025
    17 0.01371551873045460251
    18 0.06363394617756190641
    19 0.01371436549130917656
    20 0.01333762474328660519
    21 0.01333639767299828541
    22 0.01301301907323116659
    23 0.01300489604407445605
    24 0.00814522200206741626
    25 0.00813843252753345715
    26 0.00598466835683110227
    27 0.00572263612029436704
    28 0.00572236176445400056
    29 0.00566895205100099997
    30 0.00566607787922461265
    31 0.00566291891621405544
    32 0.00566077776331778623
    33 0.00570298424586066291
    34 0.00566035116342531765
    35 0.00565535535716602759
    36 0.00565031223353007483
    37 0.00287247727242478457
    38 0.00290315458726240821
    39 0.00290357630819307886
    40 0.00290276865990668530
    41 0.00289926895545892724
    42 0.00290031547133367011
    43 0.00289821760901946314
    44 0.00211093037200597985
    45 0.00211471090188896597
    46 0.00210714078201308490
    47 0.00092013151972440829
