     1     0.1643815906     0.5128040314
     2     0.4287819775     0.5097479820
     3     0.0406264662     0.5296812057
     4     0.3032772024     0.5187790394
     5     0.0943005373     0.5499050617
     6     0.3661784224     0.5155110359
     7     0.0838509384     0.5200269222
     8     0.3117084166     0.5136051178
     9     0.1176919877     0.5246040821
    10     0.1413708223     0.5162727833
    11     0.0086966619     0.5179109573
    12     0.1288569017     0.5249590874
    13     0.0736622023     0.5329978466
    14     0.1532856092     0.5143411160
    15     0.0286045605     0.5149180889
    16     0.0622593988     0.5166931152
    17     0.0764000952     0.5220141411
    18     0.0441027354     0.5103490353
    19     0.0739278233     0.5179638863
    20     0.0757263744     0.5193121433
    21     0.1027489144     0.5246150494
    22     0.0216040736     0.5076439381
    23     0.0114165670     0.5271959305
    24     0.0116938825     0.5077028275
    25     0.0133455356     0.5274949074
    26     0.0130769117     0.5138769150
    27     0.0177904846     0.5208311081
    28     0.0093167836     0.5105068684
    29     0.0192585000     0.5240728855
    30     0.1387740932     0.5170791149
    31     0.0706975489     0.5193099976
    32     0.0260761777     0.5135269165
    33     0.0081847071     0.5193428993
    34     0.0208977137     0.5097999573
    35     0.0053819479     0.5301139355
    36     0.0182646768     0.5101819038
    37     0.0138429640     0.5129010677
    38     0.0112627842     0.5187270641
    39     0.0078669273     0.5212171078
    40     0.0088461740     0.5165810585
    41     0.0093967271     0.5634820461
    42     0.0086596306     0.5154111385
    43     0.0102308316     0.5500860214
    44     0.0076609264     0.5106430054
    45     0.0109748519     0.5477108955
    46     0.0863819404     0.5176331997
    47     0.1827398760     0.5234320164
    48     0.0179022969     0.5162260532
    49     0.0084889173     0.5139369965
    50     0.0104778592     0.5087540150
    51     0.0137601107     0.5363020897
    52     0.1880788556     0.5129389763
    53     0.0484375768     0.5187489986
    54     0.1900691579     0.5093541145
    55     0.0782699533     0.5233929157
    56     0.0045140601     0.5162529945
    57     0.0253294278     0.5269169807
    58     0.0078190482     0.5147118568
    59     0.0046812359     0.5131928921
    60     0.0058439997     0.5114359856
    61     0.0057694575     0.5278279781
    62     0.0055834718     0.5074892044
    63     0.0066775622     0.5206558704
    64     0.0052122937     0.5103070736
    65     0.0067940502     0.5259191990
    66     0.0774027312     0.5061450005
    67     0.1201096570     0.5308270454
    68     0.0009662875     0.5078649521
    69     0.0294856203     0.5299201012
    70     0.0073612535     0.5103170872
    71     0.0034032622     0.5179860592
    72     0.0073958026     0.5140748024
    73     0.0024818940     0.5232520103
    74     0.0062847186     0.5159099102
    75     0.0042404922     0.5530438423
    76     0.0074441579     0.5117149353
    77     0.0028263519     0.5572431087
