     1 0.12579962540836503448
     2 0.29596379856537330388
     3 0.13458699785018329864
     4 0.15921696839082216668
     5 0.15148351118824621153
     6 0.03815387897320453303
     7 0.06654655288854323392
     8 0.05347024979320798288
     9 0.03766597819983515116
    10 0.03112675906702919854
    11 0.02480471107223725449
    12 0.04033019223154747646
    13 0.02640265233980565451
    14 0.01720125815465302355
    15 0.01455311459167326661
    16 0.02761317098957859206
    17 0.01879196149804896951
    18 0.03250232593445019635
    19 0.01724724057281484119
    20 0.00878153888731954962
    21 0.01242228462476685155
    22 0.01001769647061162734
    23 0.00934125555759554062
    24 0.01167564155501623832
    25 0.01157285669874912916
    26 0.01312788230643335656
    27 0.00848707320568696348
    28 0.00710480840747229787
    29 0.00629303109763262349
    30 0.00576515166976882248
    31 0.00520466649378228171
    32 0.00481073112367339135
    33 0.00412655397480975010
    34 0.00376319410844097113
    35 0.00328200274550283916
    36 0.00304119259745441349
    37 0.00234984260121836284
    38 0.00220396757590610864
    39 0.00171478707307300311
    40 0.00136677878709697258
    41 0.00117286940713810469
    42 0.00126530304585365330
    43 0.00163726005608486546
    44 0.00093687746501614736
