     1 0.12579962540836503448
     2 0.29596379856537330388
     3 0.13458699785018329864
     4 0.15921696839082216668
     5 0.15148351118824621153
     6 0.03474842828004209849
     7 0.12556288876751220407
     8 0.09742891201584276406
     9 0.15672418440504407022
    10 0.02373493664140306422
    11 0.01715823964035264118
    12 0.00798457856191787073
    13 0.01171349355856337801
    14 0.00812368908507387841
    15 0.01188877906785938340
    16 0.00423636628108234586
    17 0.00425270607980229517
    18 0.00509644088635548102
    19 0.00342166893069865714
    20 0.00310472731205308893
    21 0.00355432246976289130
    22 0.00566458647217596336
    23 0.00292673135808203550
    24 0.00315413203751126626
    25 0.00297675059619053727
    26 0.00270777367979629880
    27 0.00244755897882535179
    28 0.00249261352061987563
    29 0.00238212290022200759
    30 0.00204617899902803137
    31 0.00171444095462005945
    32 0.00111005555508025280
    33 0.00074599480094749240
