     1 0.12579962540836503448
     2 0.16425146516859831514
     3 0.12984274996621741893
     4 0.15921696839082216668
     5 0.12718095336881379831
     6 0.09320088179463395517
     7 0.12462028709563680029
     8 0.09742891201584276406
     9 0.12860641812447984322
    10 0.05890762824254466845
    11 0.02120619777103069717
    12 0.01851925511426589371
    13 0.01567005611272897711
    14 0.01254367918438826363
    15 0.00594135442065231879
    16 0.00509864091478536875
    17 0.00500252630968153495
    18 0.00921636659431539045
    19 0.00819087954285017961
    20 0.01024309368940811912
    21 0.00731254553809406599
    22 0.00748946498278153273
    23 0.00605465624756660291
    24 0.00513384160599471978
    25 0.00500282363779780328
    26 0.00485078224853357533
    27 0.00427111077764790077
    28 0.00320981108465492795
    29 0.00198972664661862001
    30 0.00127156245658593286
    31 0.00116140134614773857
    32 0.00102584043930562365
    33 0.00092608709472996034
