     1 0.12579962540836503448
     2 0.52267399575881046125
     3 0.51085466163881609880
     4 0.03046139835533949111
     5 0.03209320809500094268
     6 0.03046139835533949111
     7 0.09910943050596501824
     8 0.08743625272587868258
     9 0.07046482225360198304
    10 0.09371593352650076092
    11 0.04916383166619210654
    12 0.02099503533088175472
    13 0.02457043654314880823
    14 0.01979673133522438094
    15 0.05202068170292176164
    16 0.00939068399213344868
    17 0.01601082743094170077
    18 0.00827731503529523759
    19 0.00777153369797678895
    20 0.01154857250056498530
    21 0.00854646384801672349
    22 0.00532182615411021503
    23 0.00378478949057409241
    24 0.00495605563311819850
    25 0.00321922321709371562
    26 0.00335930580012821622
    27 0.00302436809971232991
    28 0.00607533410879153996
    29 0.00488224581874944184
    30 0.00408381937329489655
    31 0.00252385244159071152
    32 0.00306370899347337741
    33 0.00334579222253472697
    34 0.00167411414947976557
    35 0.00248084398452405857
    36 0.00162308993116687937
    37 0.00144549904923010094
    38 0.00119279741229616943
    39 0.00258814730886547037
    40 0.00100619692189202496
    41 0.00145096041886707975
    42 0.00105601907606377035
    43 0.00147529278399828536
    44 0.00104577771064075405
    45 0.00175945136716764284
    46 0.00099725443164426432
