/*--------------------------------*- C++ -*----------------------------------*\
  =========                 |
  \\      /  F ield         | OpenFOAM: The Open Source CFD Toolbox
   \\    /   O peration     | Website:  https://openfoam.org
    \\  /    A nd           | Version:  7
     \\/     M anipulation  |
\*---------------------------------------------------------------------------*/
FoamFile
{
    version     2.0;
    format      ascii;
    class       volScalarField;
    location    "150";
    object      p;
}
// * * * * * * * * * * * * * * * * * * * * * * * * * * * * * * * * * * * * * //

dimensions      [0 2 -2 0 0 0 0];

internalField   nonuniform List<scalar> 
10720
(
-77.7421
-150.933
-237.353
-322.094
-400.145
-479.806
-550.194
-609.153
-660.433
-700.454
-731.14
-753.785
-769.08
-778.215
-781.694
-779.094
-771.286
-756.932
-737.164
-710.614
-678.307
-639.446
-596.247
-549.613
-503.022
-461.52
-424.11
-387.243
-350.643
-314.533
-278.736
-243.117
-207.57
-171.875
-135.782
-98.2015
-58.7912
-11.6819
35.4948
-3.90082
63.1344
135.136
202.608
260.449
304.626
331.502
341.303
339.696
327.67
307.264
283.849
260.169
237.241
215.753
195.524
176.622
158.625
141.276
124.073
106.97
89.6439
72.1919
55.016
40.0281
28.3007
18.7679
11.0374
5.11232
1.04755
-1.25486
-1.90158
-0.973744
1.5308
5.62139
11.7147
20.3597
35.2873
60.3765
31.4331
-24.2503
-86.5156
-152.556
-220.317
-289.615
-356.822
-419.838
-478.022
-529.6
-574.233
-611.873
-642.585
-666.462
-683.42
-693.134
-696.193
-692.178
-681.628
-663.932
-639.64
-608.479
-572.116
-531.687
-490.251
-452.09
-416.757
-381.49
-346.122
-310.971
-275.949
-240.957
-205.917
-170.626
-134.846
-97.5053
-58.2794
-11.2561
35.1603
81.5828
129.503
177.419
223.836
264.915
298.038
320.223
330.453
330.05
320.269
303.837
284.054
262.96
241.656
220.901
200.929
181.882
163.598
145.895
128.447
111.16
93.8225
76.519
59.6617
44.7376
32.6656
22.7132
14.5501
8.19826
3.71169
1.0191
0.0208744
0.63389
2.85959
6.71717
12.6272
21.1291
35.9685
60.0416
47.1047
-2.72033
-58.6778
-120.323
-184.156
-249.512
-314.793
-377.326
-435.542
-488.439
-534.778
-574.232
-606.633
-631.878
-650.132
-661.582
-666.472
-664.617
-656.2
-640.988
-619.274
-591.114
-557.755
-520.471
-481.798
-445.243
-410.925
-376.706
-342.271
-307.898
-273.53
-239.074
-204.464
-169.516
-134.002
-96.8719
-57.8178
-10.9825
34.9202
92.11
135.953
179.64
221.174
257.217
286.161
305.992
316.159
317.331
310.363
297.231
280.195
261.055
241.071
221.112
201.621
182.813
164.67
147.066
129.764
112.639
95.5485
78.557
62.0403
47.1772
34.8669
24.6939
16.3415
9.81047
5.14568
2.28486
1.12874
1.59615
3.68986
7.43744
13.2605
21.6962
36.413
59.5072
70.5764
28.6364
-19.159
-71.6814
-126.769
-184.358
-242.787
-300.242
-355.396
-407.11
-454.244
-496.121
-532.255
-562.334
-586.121
-603.624
-614.62
-618.82
-616.162
-606.522
-590.066
-566.998
-538.325
-505.364
-470.306
-436.147
-403.474
-370.717
-337.504
-304.12
-270.571
-236.787
-202.722
-168.21
-133.038
-96.1845
-57.3662
-10.8433
34.5404
108.17
144.364
180.707
215.876
246.793
272.214
290.339
300.518
303.017
298.375
288.103
273.894
257.212
239.208
220.725
202.267
184.122
166.393
149.041
131.927
114.958
98.059
81.3019
65.0392
50.239
37.7484
27.3595
18.7807
12.0058
7.08471
3.9673
2.56617
2.80948
4.7054
8.28907
13.9811
22.3063
36.8251
58.946
78.0158
40.7523
-1.92436
-49.1243
-98.7678
-151.261
-205.21
-258.983
-311.563
-361.793
-408.526
-450.967
-488.442
-520.414
-546.486
-566.43
-579.87
-586.686
-586.733
-579.995
-566.579
-546.76
-521.364
-491.639
-459.47
-427.357
-396.107
-364.619
-332.513
-300.062
-267.317
-234.221
-200.736
-166.706
-131.929
-95.4113
-56.8966
-10.7903
33.9221
111.505
143.574
175.864
207.12
234.628
257.539
274.422
284.594
288.114
285.414
277.612
265.986
251.68
235.68
218.775
201.49
184.173
167.017
150.066
133.273
116.585
99.9744
83.5274
67.5723
52.9122
40.3219
29.7577
20.9864
14.0038
8.86327
5.52825
3.92149
3.97705
5.70464
9.14471
14.7159
22.926
37.2173
58.3493
82.5702
49.5324
11.4932
-30.5658
-74.8242
-121.989
-170.769
-219.862
-268.521
-315.691
-360.391
-401.853
-439.335
-472.197
-499.935
-522.145
-538.444
-548.59
-552.306
-549.437
-539.98
-524.163
-502.656
-476.596
-447.625
-417.855
-388.252
-358.155
-327.243
-295.781
-263.873
-231.488
-198.603
-165.079
-130.726
-94.585
-56.4312
-10.8518
33.0728
112.263
140.584
169.296
197.282
222.043
242.952
258.832
268.941
273.216
272.059
266.301
256.934
244.846
230.853
215.652
199.737
183.474
167.104
150.741
134.407
118.103
101.845
85.7373
70.093
55.5952
42.9481
32.2344
23.2892
16.1101
10.7533
7.19652
5.37312
5.22504
6.76712
10.0466
15.4796
23.5537
37.5721
57.6993
83.2397
53.4352
19.0235
-19.0513
-59.039
-101.882
-146.423
-191.526
-236.689
-280.967
-323.512
-363.629
-400.558
-433.617
-462.229
-485.877
-504.08
-516.443
-522.633
-522.451
-515.882
-503.141
-484.792
-461.844
-435.712
-408.153
-380.179
-351.468
-321.765
-291.316
-260.266
-228.612
-196.348
-163.351
-129.449
-93.7193
-55.982
-11.0386
32.0065
110.056
135.552
161.531
186.96
209.545
228.841
243.873
253.859
258.681
258.73
254.643
247.201
237.105
225.009
211.503
197.027
181.93
166.48
150.834
135.073
119.246
103.412
87.6936
72.392
58.1001
45.4596
34.6434
25.5559
18.2026
12.6446
8.87531
6.84126
6.49297
7.85071
10.9679
16.2554
24.1787
37.8809
57.0023
82.1352
55.0715
23.7563
-10.8649
-47.1303
-86.1108
-126.743
-168.036
-209.662
-250.815
-290.759
-328.913
-364.572
-397.068
-425.794
-450.179
-469.668
-483.83
-492.289
-494.754
-491.114
-481.5
-466.349
-446.524
-423.238
-397.967
-371.723
-344.462
-316.022
-286.636
-256.483
-225.594
-193.978
-161.532
-128.105
-92.8198
-55.5496
-11.3428
30.7365
106.522
129.655
153.356
176.665
197.447
215.4
229.682
239.49
244.701
245.679
242.936
237.109
228.755
218.396
206.52
193.495
179.638
165.213
150.402
135.324
120.069
104.731
89.4522
74.5241
60.4771
47.8974
37.0208
27.819
20.3118
14.5664
10.5923
8.35073
7.80116
8.97022
11.9176
17.0476
24.8011
38.143
56.2633
79.7432
54.9627
26.253
-5.46238
-38.5799
-74.2368
-111.468
-149.38
-187.789
-225.988
-263.362
-299.438
-333.576
-365.149
-393.565
-418.226
-438.542
-454.021
-464.226
-468.798
-467.552
-460.576
-448.214
-431.193
-410.541
-387.482
-362.978
-337.184
-310.03
-281.74
-252.52
-222.429
-191.494
-159.629
-126.704
-91.8931
-55.1313
-11.7495
29.2862
102.106
123.286
145.092
166.621
185.877
202.694
216.298
225.891
231.366
233.053
231.387
226.898
220.042
211.238
200.88
189.266
176.669
163.332
149.438
135.129
120.527
105.753
90.9641
76.4476
62.687
50.2228
39.3327
30.0503
22.4142
16.4996
12.3323
9.88915
9.14011
10.1186
12.891
17.8524
25.4172
38.3572
55.4832
76.6215
53.7981
27.3353
-1.86188
-32.2529
-65
-99.2062
-134.064
-169.492
-204.87
-239.691
-273.576
-305.955
-336.282
-363.989
-388.48
-409.166
-425.518
-437.075
-443.439
-444.339
-439.789
-430.032
-415.662
-397.535
-376.658
-353.921
-329.622
-303.785
-276.625
-248.371
-219.112
-188.89
-157.639
-125.248
-90.9454
-54.7274
-12.2482
27.6877
97.2546
116.77
136.956
156.961
174.907
190.732
203.719
213.07
218.708
220.934
220.125
216.736
211.154
203.717
194.744
184.468
173.114
160.89
147.968
134.498
120.619
106.47
92.2217
78.1561
64.7236
52.4273
41.5718
32.2439
24.5055
18.4412
14.0933
11.4556
10.5095
11.2955
13.8871
18.6681
26.0249
38.5233
54.6637
73.0607
51.9285
27.4152
0.405375
-27.6102
-57.8085
-89.3444
-121.483
-154.203
-186.966
-219.356
-251.081
-281.639
-310.552
-337.307
-361.339
-382.065
-398.95
-411.492
-419.289
-421.98
-419.523
-412.079
-400.116
-384.337
-365.562
-344.585
-321.795
-297.291
-271.292
-244.036
-215.64
-186.165
-155.559
-123.737
-89.9801
-54.3422
-12.8332
25.9656
92.1979
110.281
129.067
147.749
164.551
179.5
191.912
201.008
206.731
209.361
209.23
206.744
202.236
195.987
188.257
179.224
169.063
157.946
146.024
133.44
120.339
106.869
93.2092
79.6334
66.5706
54.4933
43.7206
34.3849
26.5732
20.3813
15.868
13.0445
11.9054
12.498
14.9036
19.4925
26.6216
38.6416
53.8084
69.2722
49.6231
26.8231
1.73767
-24.1925
-52.1378
-81.2978
-110.995
-141.258
-171.607
-201.703
-231.324
-260.039
-287.443
-313.072
-336.404
-356.89
-373.999
-387.21
-396.123
-400.319
-399.69
-394.318
-384.558
-370.973
-354.218
-334.986
-313.711
-290.556
-265.741
-239.513
-212.012
-183.315
-153.389
-122.169
-88.9986
-53.98
-13.5026
24.1357
87.1022
103.934
121.493
139.008
154.804
168.963
180.837
189.671
195.418
198.345
198.751
197.001
193.394
188.168
181.54
173.642
164.606
154.566
143.647
131.976
119.693
106.948
93.9178
80.8707
68.2178
56.4076
45.766
36.4616
28.6074
22.3118
17.65
14.6514
13.3244
13.7236
15.9382
20.3232
27.2052
38.7132
52.9201
65.3953
47.0549
25.7746
2.39474
-21.6892
-47.6323
-74.6731
-102.177
-130.214
-158.357
-186.316
-213.935
-240.843
-266.7
-291.105
-313.581
-333.618
-350.705
-364.319
-374.063
-379.487
-380.41
-376.855
-369.077
-357.512
-342.676
-325.153
-305.387
-283.588
-259.977
-234.803
-208.226
-180.339
-151.126
-120.545
-88.0018
-53.644
-14.2531
22.2067
82.0653
97.7989
114.266
130.74
145.639
159.082
170.449
179.016
184.742
187.882
188.711
187.56
184.706
180.358
174.695
167.82
159.827
150.817
140.884
130.133
118.693
106.706
94.3409
81.8589
69.6547
58.1572
47.6937
38.4609
30.5965
24.223
19.4319
16.2704
14.7621
14.9689
16.9881
21.1577
27.7732
38.7391
52.0025
61.522
44.3481
24.4267
2.57145
-19.8654
-44.0181
-69.1603
-94.69
-120.711
-146.835
-172.815
-198.546
-223.711
-248.028
-271.155
-292.669
-312.096
-328.96
-342.75
-353.068
-359.468
-361.697
-359.722
-353.716
-344.005
-330.978
-315.114
-296.841
-276.398
-254.004
-229.908
-204.283
-177.236
-148.77
-118.864
-86.9898
-53.3371
-15.0805
20.187
77.1558
91.9085
107.401
122.937
137.03
149.815
160.702
169.004
174.673
177.961
179.119
178.456
176.229
172.628
167.808
161.845
154.808
146.766
137.785
127.946
117.357
106.148
94.4783
82.5933
70.8732
59.731
49.4908
40.3701
32.5292
26.1054
21.2057
17.8954
16.2138
16.2301
18.0501
21.9931
28.3233
38.7212
51.0591
57.713
41.5887
22.8905
2.408
-18.551
-41.0951
-64.5249
-88.2747
-112.465
-136.741
-160.895
-184.859
-208.366
-231.184
-253.02
-273.505
-292.21
-308.694
-322.476
-333.152
-340.297
-343.6
-342.981
-338.54
-330.509
-319.171
-304.903
-288.096
-268.999
-247.83
-224.83
-200.183
-174.006
-146.321
-117.126
-85.963
-53.0593
-15.9811
18.0855
72.4154
86.2858
100.897
115.585
128.944
141.12
151.555
159.591
165.178
168.561
169.975
169.706
168.002
165.036
160.946
155.792
149.621
142.477
134.401
125.449
115.708
105.289
94.3336
83.0714
71.8671
61.119
51.1453
42.177
34.3941
27.9486
22.9628
19.5195
17.6741
17.5031
19.1206
22.8264
28.8535
38.6615
50.0943
54.0094
38.8371
21.247
2.00823
-17.6175
-38.7055
-60.5855
-82.7228
-105.248
-127.834
-150.308
-172.629
-194.569
-215.941
-236.501
-255.925
-273.832
-289.819
-303.438
-314.286
-321.975
-326.142
-326.669
-323.595
-317.075
-307.3
-294.553
-279.175
-261.408
-241.465
-219.576
-195.928
-170.649
-143.778
-115.332
-84.9211
-52.811
-16.9481
15.9113
67.8682
80.9402
94.7497
108.663
121.349
132.959
142.967
150.739
156.225
159.662
161.271
161.322
160.052
157.623
154.164
149.722
144.33
138.01
130.784
122.684
113.773
104.142
93.913
83.2941
72.6334
62.3142
52.6466
43.8697
36.1795
29.7422
24.6942
21.1353
19.1369
18.7829
20.1957
23.6545
29.3615
38.5627
49.112
50.4393
36.1332
19.5529
1.44846
-16.9675
-36.7315
-57.2046
-77.8745
-98.8822
-119.925
-140.852
-161.646
-182.115
-202.108
-221.423
-239.781
-256.844
-272.249
-285.582
-296.453
-304.502
-309.346
-310.824
-308.93
-303.756
-295.414
-284.103
-270.105
-253.644
-234.921
-214.151
-191.522
-167.168
-141.141
-113.481
-83.8644
-52.5907
-17.9746
13.6738
63.5278
75.8735
88.9484
102.148
114.215
125.297
134.899
142.411
147.78
151.24
152.996
153.304
152.394
150.422
147.505
143.687
138.989
133.421
126.984
119.691
111.584
102.73
93.2287
83.2662
73.1707
63.3105
53.9853
45.4373
37.8745
31.4757
26.3905
22.7347
20.5956
20.0645
21.2711
24.474
29.8457
38.4274
48.1168
47.019
33.5059
17.8535
0.784848
-16.5246
-35.0826
-54.2702
-73.6026
-93.2227
-112.851
-132.354
-151.735
-170.829
-189.518
-207.634
-224.936
-241.132
-255.895
-268.846
-279.616
-287.868
-293.221
-295.475
-294.587
-290.598
-283.56
-273.592
-260.916
-245.729
-228.212
-208.566
-186.97
-163.564
-138.413
-111.574
-82.7918
-52.3969
-19.0522
11.385
59.4003
71.0804
83.479
96.0215
107.513
118.101
127.315
134.571
139.815
143.271
145.136
145.65
145.039
143.452
141.002
137.729
133.647
128.756
123.045
116.51
109.172
101.075
92.2956
82.9952
73.481
64.1048
55.1542
46.8699
39.4682
33.1383
28.042
24.3094
22.0431
21.3419
22.3419
25.2815
30.3041
38.259
47.1138
43.7575
30.975
16.1761
0.0624752
-16.2347
-33.6852
-51.6961
-69.8023
-88.1531
-106.482
-124.675
-142.749
-160.563
-178.021
-194.99
-211.263
-226.586
-240.668
-253.167
-263.738
-272.061
-277.776
-280.647
-280.602
-277.646
-271.78
-263.058
-251.639
-237.685
-221.356
-202.831
-182.279
-159.842
-135.595
-109.612
-81.7035
-52.2272
-20.1722
9.05656
55.4869
66.5535
78.3261
90.259
101.213
111.336
120.182
127.188
132.298
135.731
137.673
138.352
137.989
136.729
134.68
131.881
128.343
124.061
119.013
113.182
106.57
99.2016
91.1299
82.4912
73.5691
64.6965
56.1477
48.1591
40.9506
34.7198
29.6387
25.8505
23.4717
22.609
23.4031
26.0734
30.7355
38.0606
46.108
40.6601
28.5534
14.5435
-0.688532
-16.0526
-32.4851
-49.4129
-66.3947
-83.5786
-100.714
-117.698
-134.562
-151.182
-167.486
-183.366
-198.644
-213.103
-226.485
-238.482
-248.775
-257.061
-263.008
-266.355
-267.006
-264.939
-260.119
-252.541
-242.307
-229.539
-214.371
-196.958
-177.457
-156.006
-132.689
-107.596
-80.598
-52.0783
-21.3249
6.7007
51.785
62.284
73.4752
84.8408
95.2917
104.974
113.47
120.232
125.204
128.599
130.592
131.403
131.245
130.261
128.556
126.169
123.111
119.372
114.925
109.742
103.811
97.1376
89.7529
81.7682
73.4416
65.0864
56.9622
49.2975
42.3125
36.2101
31.1708
27.3488
24.8734
23.859
24.4494
26.846
31.1382
37.8357
45.1042
37.7274
26.2482
12.9715
-1.44308
-15.9454
-31.4372
-47.3669
-63.3125
-79.4217
-95.4565
-111.327
-127.071
-142.583
-157.806
-172.654
-186.98
-200.593
-213.267
-224.727
-234.683
-242.843
-248.913
-252.61
-253.824
-252.514
-248.616
-242.08
-232.953
-221.318
-207.277
-190.963
-172.515
-152.063
-129.699
-105.527
-79.4741
-51.9459
-22.5
4.33088
48.2911
58.2618
68.9107
79.7456
89.724
98.9915
107.152
113.677
118.508
121.852
123.877
124.791
124.803
124.053
122.643
120.614
117.977
114.721
110.816
106.226
100.927
94.9105
88.1866
80.8414
73.1077
65.2783
57.5962
50.2797
43.5459
37.5999
32.6285
28.7951
26.2399
25.0849
25.4751
27.5955
31.5113
37.5879
44.1076
34.9584
24.064
11.4697
-2.18384
-15.8868
-30.5072
-45.5129
-60.5018
-75.6169
-90.6367
-105.478
-120.187
-134.668
-148.881
-162.76
-176.176
-188.968
-200.939
-211.841
-221.414
-229.38
-235.478
-239.419
-241.076
-240.4
-237.307
-231.711
-223.612
-213.05
-200.099
-184.863
-167.462
-148.02
-126.629
-103.405
-78.3301
-51.8249
-23.6861
1.96125
44.9983
54.4761
64.617
74.9541
84.4876
93.3622
101.203
107.497
112.185
115.47
117.511
118.505
118.658
118.106
116.949
115.232
112.964
110.136
106.716
102.665
97.9494
92.5478
86.4527
79.7274
72.5791
65.2782
58.0504
51.102
44.6438
38.8804
34.0024
30.1801
27.5627
26.2792
26.4743
28.318
31.8537
37.3204
43.1232
32.3503
22.0016
10.0457
-2.89742
-15.8583
-29.6677
-43.8165
-57.9186
-72.1152
-86.1944
-100.084
-113.832
-127.357
-140.628
-153.594
-166.147
-178.149
-189.429
-199.765
-208.923
-216.642
-222.689
-226.78
-228.777
-228.624
-226.225
-221.47
-214.315
-204.764
-192.858
-178.676
-162.314
-143.885
-123.484
-101.234
-77.1642
-51.7099
-24.8732
-0.39501
41.8989
50.9167
60.5808
70.4486
79.5627
88.0644
95.599
101.668
106.213
109.433
111.476
112.533
112.802
112.418
111.48
110.031
108.087
105.637
102.65
99.0865
94.906
90.0761
84.5752
78.4455
71.8691
65.0938
58.3277
51.7624
45.6007
40.044
35.2835
31.4944
28.8332
27.4342
27.441
29.0099
32.1647
37.0366
42.1557
29.8985
20.0612
8.70335
-3.57474
-15.8431
-28.8971
-42.2486
-55.5275
-68.8712
-82.0805
-95.0882
-107.946
-120.58
-132.971
-145.082
-156.82
-168.067
-178.671
-188.441
-197.163
-204.595
-210.529
-214.69
-216.937
-217.205
-215.4
-211.39
-205.097
-196.491
-185.582
-172.421
-157.084
-139.669
-120.269
-99.0136
-75.9743
-51.5938
-26.049
-2.72325
38.986
47.5715
56.7873
66.2133
74.9302
83.0768
90.3178
96.1689
100.574
103.723
105.759
106.862
107.227
106.985
106.234
105.02
103.358
101.242
98.6421
95.5166
91.823
87.5211
82.5772
77.015
70.9926
64.735
58.432
52.2609
46.413
41.0837
36.4635
32.7294
30.0424
28.5422
28.3691
29.6671
32.4435
36.7395
41.2096
27.5974
18.2411
7.44502
-4.20948
-15.8295
-28.1783
-40.7856
-53.298
-65.8498
-78.2508
-90.4396
-102.47
-114.277
-125.85
-137.158
-148.127
-158.653
-168.606
-177.816
-186.089
-193.208
-198.976
-203.143
-205.56
-206.163
-204.857
-201.501
-195.988
-188.259
-178.295
-166.119
-151.788
-135.382
-116.991
-96.7474
-74.7574
-51.4702
-27.202
-5.00955
36.2513
44.4306
53.2234
62.2308
70.5714
78.38
85.3402
90.9813
95.2472
98.3215
100.342
101.479
101.923
101.803
101.213
100.202
98.7879
96.9657
94.7084
91.9758
88.7237
84.9062
80.4808
75.4553
69.9649
64.2128
58.3702
52.599
47.078
41.9947
37.5351
33.8765
31.1823
29.5954
29.2524
30.2859
32.6896
36.4319
40.2888
25.4416
16.5386
6.27108
-4.79734
-15.8096
-27.4981
-39.41
-51.2074
-63.0212
-74.67
-86.0983
-97.3592
-108.396
-119.206
-129.764
-140.008
-149.851
-159.178
-167.839
-175.661
-182.445
-188.01
-192.129
-194.649
-195.508
-194.618
-191.829
-187.018
-180.097
-171.022
-159.794
-146.443
-131.037
-113.657
-94.4362
-73.512
-51.3304
-28.3203
-7.23996
33.687
41.483
49.8757
58.4863
66.4698
73.9567
80.6471
86.0856
90.2148
93.213
95.2108
96.3725
96.8819
96.8647
96.4137
95.5791
94.3811
92.8173
90.864
88.4825
85.6286
82.253
78.3071
73.7853
68.8023
63.5394
58.1501
52.7801
47.5952
42.7723
38.4917
34.9279
32.2447
30.5863
30.0848
30.8626
32.9023
36.1161
39.3969
23.4255
14.9494
5.18132
-5.33538
-15.7766
-26.8454
-38.1062
-49.2354
-60.3605
-71.308
-82.0285
-92.5739
-102.895
-112.992
-122.849
-132.411
-141.607
-150.336
-158.463
-165.837
-172.274
-177.607
-181.633
-184.2
-185.249
-184.699
-182.401
-178.214
-172.033
-163.791
-153.466
-141.068
-126.645
-110.274
-92.0848
-72.2347
-51.1674
-29.3938
-9.40094
31.2845
38.7184
46.7324
54.967
62.6105
69.7908
76.2223
81.4646
85.4601
88.3812
90.352
91.5294
92.0919
92.1623
91.8317
91.1507
90.1419
88.8054
87.1206
85.0518
82.5555
79.5814
76.0764
72.0248
67.5217
62.7282
57.7805
52.8092
47.9653
43.4142
39.3279
35.8767
33.2219
31.5075
30.8603
31.3935
33.0812
35.7942
38.5368
21.5426
13.4705
4.1735
-5.82175
-15.7261
-26.2122
-36.8618
-47.3663
-57.8471
-68.1406
-78.2009
-88.0806
-97.7338
-107.166
-116.367
-125.29
-133.875
-142.033
-149.646
-156.577
-162.663
-167.743
-171.644
-174.211
-175.391
-175.115
-173.235
-169.601
-164.093
-156.627
-147.158
-135.68
-122.222
-106.851
-89.6942
-70.9237
-50.9739
-30.4104
-11.4797
29.0357
36.1271
43.7822
51.659
58.9789
65.8668
72.0497
77.1027
80.9675
83.811
85.7514
86.9378
87.5441
87.6889
87.4622
86.9149
86.0714
84.9347
83.4871
81.6959
79.5196
76.909
73.8076
70.1913
66.1391
61.7926
57.272
52.6925
48.1905
43.919
40.04
36.7167
34.1068
32.3522
31.5734
31.875
33.2256
35.4678
37.7106
19.7865
12.0969
3.24597
-6.25647
-15.6548
-25.5928
-35.6676
-45.5857
-55.4637
-65.1461
-74.5896
-83.8482
-92.8795
-101.691
-110.279
-118.603
-126.611
-134.228
-141.346
-147.846
-153.578
-158.394
-162.141
-164.672
-165.937
-165.876
-164.349
-161.201
-156.302
-149.554
-140.894
-130.298
-117.781
-103.398
-87.2688
-69.5762
-50.7401
-31.3604
-13.4635
26.933
33.6996
41.0137
48.5498
55.5614
62.1698
68.1146
72.9845
76.7222
79.4885
81.3956
82.5857
83.2273
83.4361
83.2987
82.868
82.1692
81.2078
79.9694
78.4245
76.5344
74.2507
71.5165
68.3017
64.6702
60.7464
56.6353
52.4375
48.2749
44.287
40.6247
37.4432
34.8935
33.1141
32.2186
32.3039
33.335
35.1378
36.9197
18.1513
10.8241
2.39613
-6.64007
-15.5606
-24.9811
-34.5153
-43.8824
-53.1951
-62.3051
-71.173
-79.8512
-88.302
-96.5352
-104.55
-112.312
-119.778
-126.881
-133.528
-139.609
-144.991
-149.537
-153.112
-155.575
-156.884
-156.989
-155.757
-153.034
-148.683
-142.595
-134.695
-124.942
-113.336
-99.9225
-84.8125
-68.1902
-50.4601
-32.2329
-15.3412
24.9687
31.4265
38.4167
45.6286
52.3457
58.6867
64.403
69.0963
72.7105
75.4
77.2719
78.4615
79.1313
79.3948
79.3352
79.006
78.434
77.6263
76.572
75.2452
73.6098
71.6196
69.2182
66.3715
63.1304
59.6036
55.882
52.0526
48.2233
44.5198
41.0811
38.0521
35.5766
33.7875
32.7912
32.677
33.4086
34.8047
36.1646
16.6307
9.64761
1.62079
-6.97336
-15.4422
-24.3744
-33.3989
-42.248
-51.0298
-59.6038
-67.9327
-76.0686
-83.9773
-91.6696
-99.1481
-106.384
-113.341
-119.959
-126.156
-131.834
-136.873
-141.146
-144.535
-146.909
-148.229
-148.457
-147.47
-145.115
-141.254
-135.771
-128.581
-119.629
-108.903
-96.4359
-82.3289
-66.7644
-50.1263
-33.0198
-17.1033
23.1352
29.2997
35.9814
42.8841
49.3198
55.4051
60.9017
65.4253
68.9196
71.5335
73.3684
74.5537
75.2464
75.5561
75.5641
75.3235
74.8626
74.1898
73.2976
72.1634
70.7543
69.0266
66.9258
64.4148
61.534
58.3776
55.0237
51.5471
48.0419
44.6203
41.4087
38.541
36.152
34.3676
33.2868
32.9915
33.4456
34.4688
35.4452
15.2187
8.56249
0.916858
-7.25797
-15.2996
-23.7699
-32.3135
-40.6751
-48.9582
-57.0288
-64.8532
-72.4816
-79.8833
-87.0702
-94.0478
-100.792
-107.27
-113.43
-119.2
-124.492
-129.197
-133.199
-136.394
-138.661
-139.967
-140.281
-139.494
-137.458
-134.033
-129.103
-122.572
-114.378
-104.496
-92.9472
-79.8226
-65.298
-49.7323
-33.7129
-18.7414
21.4253
27.3111
33.6987
40.3057
46.4728
52.3131
57.5988
61.9589
65.3367
67.8763
69.6737
70.8521
71.5626
71.9115
71.9781
71.8151
71.451
70.8969
70.1473
69.1829
67.9743
66.4809
64.6505
62.4445
59.8943
57.0813
54.0722
50.9305
47.7377
44.5927
41.609
38.9089
36.6167
34.8506
33.7017
33.2446
33.4452
34.1294
34.7603
13.9093
7.564
0.280961
-7.4957
-15.1323
-23.1657
-31.2549
-39.1565
-46.9703
-54.5683
-61.9199
-69.0734
-76.0009
-82.7159
-89.2247
-95.5076
-101.537
-107.267
-112.633
-117.556
-121.939
-125.674
-128.671
-130.818
-132.089
-132.462
-131.836
-130.073
-127.036
-122.607
-116.687
-109.206
-100.128
-89.4668
-77.2987
-63.7896
-49.2732
-34.3051
-20.2473
19.8323
25.4524
31.5596
37.8842
43.7943
49.3999
54.4832
58.6853
61.9507
64.4175
66.1767
67.3454
68.0696
68.4523
68.5695
68.4741
68.1952
67.7448
67.1206
66.3059
65.2747
63.9897
62.4016
60.4715
58.2233
55.7267
53.0389
50.213
47.3187
44.4423
41.6845
39.1556
36.9691
35.2336
34.0332
33.4343
33.4063
33.7858
34.1082
12.6967
6.64756
-0.290422
-7.68859
-14.9411
-22.5608
-30.2201
-37.688
-45.0593
-52.2131
-59.1208
-65.8292
-72.313
-78.5866
-84.6576
-90.509
-96.1172
-101.443
-106.427
-111
-115.073
-118.55
-121.347
-123.367
-124.588
-124.995
-124.498
-122.968
-120.274
-116.298
-110.942
-104.129
-95.8151
-86.0046
-74.7623
-62.2406
-48.7437
-34.7906
-21.6156
18.3495
23.7165
29.5557
35.6105
41.2745
46.6552
51.5437
55.5939
58.7503
61.1457
62.8665
64.0238
64.758
65.1691
65.3305
65.2942
65.0896
64.7305
64.2161
63.5332
62.6586
61.5585
60.1868
58.5054
56.5317
54.3255
51.935
49.4046
46.7931
44.1752
41.639
39.2827
37.2084
35.5149
34.2788
33.5588
33.3279
33.4365
33.4864
11.5756
5.80844
-0.800788
-7.83898
-14.7269
-21.9543
-29.2072
-36.2652
-43.2197
-49.9554
-56.4462
-62.7375
-68.806
-74.6664
-80.3275
-85.7754
-90.9894
-95.9351
-100.56
-104.801
-108.579
-111.805
-114.406
-116.294
-117.453
-117.875
-117.48
-116.149
-113.757
-110.191
-105.352
-99.1606
-91.5687
-82.5706
-72.2191
-60.6514
-48.1417
-35.1657
-22.8414
16.9704
22.0958
27.6793
33.4758
38.9041
44.0691
48.7705
52.6743
55.7251
58.0507
59.7332
60.8773
61.6189
62.054
62.2536
62.2686
62.1293
61.85
61.4319
60.8647
60.128
59.1916
58.0127
56.5544
54.8294
52.8881
50.7711
48.5153
46.1699
43.7983
41.4773
39.2928
37.3355
35.694
34.4374
33.6168
33.2091
33.0801
32.8919
10.5404
5.04229
-1.25373
-7.94923
-14.4909
-21.3461
-28.2137
-34.8845
-41.4461
-47.788
-53.8871
-59.787
-65.4662
-70.9401
-76.2183
-81.2886
-86.1335
-90.7228
-95.0097
-98.9375
-102.434
-105.42
-107.829
-109.585
-110.674
-111.095
-110.78
-109.618
-107.491
-104.293
-99.9281
-94.315
-87.4013
-79.1742
-69.675
-59.0238
-47.4652
-35.4268
-23.9217
15.6892
20.584
25.9227
31.4721
36.6747
41.6326
46.1539
49.9164
52.8654
55.123
56.7672
57.8969
58.643
59.0981
59.3307
59.3907
59.3083
59.0987
58.765
58.2992
57.6838
56.8918
55.8843
54.6258
53.1246
51.4238
49.5573
47.5549
45.4579
43.3194
41.2051
39.1896
37.3524
35.7714
34.5085
33.6074
33.0487
32.7143
32.321
9.5861
4.34465
-1.65273
-8.02193
-14.2344
-20.7364
-27.2391
-33.5437
-39.734
-45.7051
-51.4357
-56.9682
-62.2825
-67.3946
-72.3144
-77.0319
-81.5317
-85.7873
-89.7569
-93.3898
-96.6206
-99.3771
-101.6
-103.224
-104.239
-104.649
-104.395
-103.375
-101.482
-98.6154
-94.682
-89.6032
-83.3236
-75.8245
-67.1357
-57.3607
-46.7131
-35.5726
-24.8549
14.4999
19.1744
24.2791
29.5917
34.5779
39.3368
43.6851
47.3114
50.1617
52.3529
53.9589
55.0733
55.8217
56.2935
56.5543
56.6533
56.6206
56.472
56.2121
55.835
55.326
54.6613
53.8054
52.7251
51.4248
49.9413
48.3027
46.5331
44.6661
42.7463
40.829
38.9781
37.2621
35.7488
34.4926
33.5303
32.8461
32.3373
31.77
8.70775
3.71137
-2.00119
-8.05935
-13.9589
-20.1254
-26.2822
-32.2403
-38.0796
-43.7013
-49.0855
-54.2729
-59.2454
-64.0186
-68.6033
-72.9906
-77.1678
-81.1113
-84.7837
-88.1391
-91.1194
-93.6583
-95.7028
-97.1981
-98.1361
-98.5265
-98.318
-97.4194
-95.732
-93.1618
-89.6215
-85.0348
-79.3456
-72.5298
-64.6076
-55.6654
-45.8865
-35.6029
-25.6404
13.3969
17.861
22.7415
27.8273
32.6059
37.1739
41.3554
44.8505
47.6052
49.7318
51.2998
52.3978
53.1465
53.6318
53.9169
54.0498
54.0603
53.9648
53.7692
53.4696
53.0539
52.5008
51.7788
50.8567
49.7363
48.4483
47.016
45.4587
43.8037
42.0874
40.3563
38.664
37.0688
35.6287
34.3909
33.3858
32.6004
31.9467
31.2346
7.90063
3.1381
-2.30242
-8.06412
-13.6661
-19.5136
-25.3423
-30.9723
-36.4804
-41.7725
-46.8306
-51.6938
-56.3455
-60.8018
-65.0729
-69.1517
-73.0275
-76.6794
-80.0736
-83.1692
-85.9135
-88.2471
-90.1222
-91.4926
-92.3536
-92.7186
-92.544
-91.7481
-90.2409
-87.9364
-84.7527
-80.6179
-75.4755
-69.2982
-62.0971
-53.9418
-44.9874
-35.519
-26.2799
12.3751
16.6378
21.3037
26.1719
30.7515
35.1359
39.157
42.5253
45.1876
47.2511
48.7814
49.8623
50.6094
51.1055
51.4112
51.5733
51.6213
51.5719
51.4324
51.2003
50.8658
50.4107
49.8066
49.0247
48.0644
46.9514
45.705
44.3403
42.8792
41.3512
39.7946
38.2537
36.7776
35.4149
34.2057
33.1748
32.3112
31.5402
30.7107
7.16019
2.62114
-2.5598
-8.03874
-13.3575
-18.9018
-24.4191
-29.7384
-34.9333
-39.9146
-44.6655
-49.2242
-53.5753
-57.7345
-61.7124
-65.5031
-69.0976
-72.4771
-75.6116
-78.4642
-80.9873
-83.128
-84.8429
-86.0938
-86.8789
-87.2147
-87.0647
-86.356
-85.0075
-82.9406
-80.0801
-76.3582
-71.7205
-66.1367
-59.61
-52.1948
-44.019
-35.3237
-26.7756
11.4292
15.4995
19.9598
24.6194
29.0078
33.2158
37.0823
40.3282
42.901
44.9027
46.3957
47.4587
48.2027
48.7071
49.03
49.2172
49.2976
49.2883
49.1972
49.0238
48.7601
48.3905
47.8899
47.2316
46.4135
45.4566
44.377
43.1861
41.9013
40.5462
39.1518
37.7545
36.3944
35.1119
33.9401
32.8987
31.9783
31.1158
30.1939
6.48209
2.15657
-2.77638
-7.98569
-13.0348
-18.2909
-23.5125
-28.5377
-33.4363
-38.1242
-42.5862
-46.8587
-50.9276
-54.8086
-58.5124
-62.034
-65.3659
-68.4914
-71.3837
-74.0095
-76.3262
-78.2859
-79.8505
-80.9878
-81.6995
-82.0042
-81.8718
-81.2372
-80.0284
-78.1739
-75.6056
-72.2604
-68.0863
-63.0514
-57.1524
-50.4296
-42.9856
-35.0207
-27.1312
10.5547
14.4406
18.7041
23.1634
27.3683
31.4065
35.124
38.2519
40.7377
42.6794
44.1353
45.1798
45.919
46.4295
46.7667
46.9751
47.0833
47.1085
47.0595
46.9368
46.7346
46.4394
46.0292
45.4798
44.7873
43.9691
43.0382
42.0034
40.878
39.6808
38.4363
37.1738
35.9257
34.7248
33.5977
32.5596
31.6019
30.6715
29.6802
5.86217
1.74085
-2.95527
-7.90731
-12.6997
-17.6817
-22.6225
-27.3691
-31.9877
-36.3987
-40.5884
-44.5918
-48.3961
-52.0166
-55.4641
-58.7346
-61.8215
-64.7103
-67.3772
-69.7917
-71.916
-73.7068
-75.1309
-76.1615
-76.8031
-77.076
-76.9557
-76.3846
-75.2988
-73.6344
-71.3298
-68.3271
-64.5774
-60.048
-54.7302
-48.6518
-41.8925
-34.6153
-27.3519
9.74687
13.4563
17.5309
21.7982
25.8267
29.7016
33.2756
36.2892
38.6908
40.5736
41.9927
43.0181
43.7514
44.2657
44.6145
44.8408
44.9728
45.0276
45.0146
44.9357
44.7865
44.5559
44.2246
43.7705
43.1888
42.4933
41.6945
40.7991
39.8172
38.7632
37.6562
36.5196
35.3787
34.2594
33.1829
32.16
31.1825
30.2056
29.1657
5.29658
1.37036
-3.09928
-7.80598
-12.3536
-17.0751
-21.7495
-26.2318
-30.5854
-34.735
-38.6683
-42.4189
-45.9749
-49.3516
-52.5596
-55.5956
-58.4544
-61.1231
-63.58
-65.7984
-67.7436
-69.3776
-70.6708
-71.6018
-72.177
-72.4184
-72.3065
-71.7902
-70.813
-69.3185
-67.2515
-64.5597
-61.1969
-57.131
-52.3489
-46.8672
-40.7456
-34.1136
-27.4436
9.00134
12.5419
16.4354
20.5183
24.3773
28.0951
31.5305
34.4335
36.7534
38.5787
39.9614
40.9669
41.6929
42.2093
42.5672
42.8084
42.9605
43.0404
43.0583
43.017
42.9135
42.7387
42.4758
42.105
41.6204
41.033
40.3511
39.5796
38.726
37.8012
36.8198
35.7997
34.7606
33.7223
32.7007
31.703
30.7211
29.7167
28.6471
4.78153
1.04196
-3.21136
-7.68384
-11.9985
-16.472
-20.8933
-25.1252
-29.2282
-33.1312
-36.823
-40.3357
-43.6591
-46.8074
-49.7915
-52.6089
-55.2553
-57.7191
-59.9813
-62.0174
-63.7967
-65.2854
-66.4573
-67.2959
-67.8091
-68.0203
-67.9136
-67.4449
-66.5641
-65.2217
-63.3686
-60.9578
-57.9468
-54.3041
-50.0133
-45.0818
-39.5516
-33.5225
-27.4133
8.31407
11.6928
15.4126
19.3184
23.0144
26.5808
29.8826
32.6788
34.9192
36.6882
38.0346
39.0199
39.7374
40.254
40.6188
40.8721
41.0409
41.1422
41.1863
41.177
41.1126
40.9858
40.7822
40.4838
40.084
39.5914
39.0124
38.3507
37.6114
36.8026
35.9351
35.0224
34.0791
33.1199
32.1563
31.1922
30.219
29.2039
28.121
4.31349
0.752419
-3.29416
-7.54306
-11.6358
-15.8733
-20.0543
-24.0489
-27.9148
-31.5849
-35.0492
-38.3384
-41.4434
-44.3781
-47.1534
-49.7668
-52.2156
-54.4891
-56.5704
-58.4378
-60.0638
-61.4181
-62.4782
-63.2313
-63.6872
-63.8697
-63.7667
-63.3396
-62.5445
-61.338
-59.6774
-57.5202
-54.8279
-51.5702
-47.7282
-43.3018
-38.3177
-32.8498
-27.2684
7.68114
10.9047
14.458
18.1937
21.733
25.1537
28.3263
31.0191
33.1821
34.896
36.2064
37.1709
37.8787
38.394
38.7635
39.0265
39.2092
39.3281
39.3943
39.4121
39.3812
39.2954
39.1427
38.907
38.5811
38.1713
37.6827
37.1176
36.4797
35.7744
35.0098
34.1953
33.3417
32.4592
31.5554
30.6314
29.6781
28.6667
27.585
3.88908
0.498793
-3.35017
-7.38569
-11.267
-15.2799
-19.2326
-23.0023
-26.644
-30.0942
-33.3442
-36.4235
-39.3236
-42.0585
-44.6386
-47.0622
-49.3272
-51.4241
-53.338
-55.0493
-56.5336
-57.7642
-58.7214
-59.3962
-59.7993
-59.9553
-59.8548
-59.4642
-58.7455
-57.6609
-56.173
-54.2444
-51.84
-48.9313
-45.4977
-41.5329
-37.0509
-32.1037
-27.0176
7.09881
10.1738
13.5673
17.1396
20.5281
23.8082
26.8562
29.4487
31.5366
33.1964
34.4709
35.4142
36.1112
36.6237
36.9961
37.2665
37.4603
37.5938
37.6784
37.7191
37.7163
37.6654
37.5564
37.3747
37.1129
36.7751
36.3654
35.8852
35.3367
34.7235
34.0512
33.3263
32.5561
31.7472
30.9039
30.025
29.1007
28.1051
27.0369
3.50512
0.278203
-3.38188
-7.21369
-10.8935
-14.6928
-18.4287
-21.9852
-25.4147
-28.6574
-31.7056
-34.5874
-37.2957
-39.8437
-42.2415
-44.4883
-46.5824
-48.5157
-50.2746
-51.842
-53.1958
-54.3127
-55.1757
-55.7787
-56.1339
-56.2655
-56.1669
-55.8088
-55.1583
-54.1829
-52.8502
-51.1271
-48.9822
-46.3887
-43.3252
-39.7807
-35.7588
-31.2927
-26.6696
6.56364
9.49618
12.7363
16.1516
19.395
22.5397
25.4671
27.9625
29.9772
31.584
32.8228
33.7443
34.4297
34.9379
35.3114
35.587
35.7896
35.935
36.0348
36.0944
36.1153
36.094
36.0221
35.8867
35.6801
35.4048
35.0637
34.6576
34.1877
33.6561
33.0664
32.4228
31.7296
30.9907
30.2077
29.3773
28.4891
27.5195
26.4753
3.15862
0.0880077
-3.3915
-7.02891
-10.5167
-14.1128
-17.6428
-20.9972
-24.226
-27.2728
-30.1309
-32.8274
-35.3557
-37.7289
-39.9567
-42.0391
-43.9744
-45.7561
-47.3718
-48.8064
-50.0402
-51.0528
-51.8299
-52.3678
-52.6795
-52.7891
-52.692
-52.3631
-51.7739
-50.8964
-49.7028
-48.1641
-46.2525
-43.9429
-41.2139
-38.0507
-34.4485
-30.4253
-26.2334
6.07231
8.86831
11.9611
15.2255
18.3294
21.3434
24.1544
26.5555
28.4988
30.0535
31.2569
32.1561
32.829
33.3317
33.7048
33.9838
34.1929
34.3477
34.4597
34.535
34.5754
34.5789
34.5384
34.4427
34.2835
34.062
33.7804
33.4387
33.0376
32.578
32.0619
31.4916
30.8693
30.1966
29.4728
28.6931
27.8465
26.9107
25.899
2.84674
-0.0743659
-3.38124
-6.83303
-10.1379
-13.5406
-16.8751
-20.038
-23.0768
-25.9388
-28.6179
-31.1403
-33.4999
-35.7097
-37.779
-39.7082
-41.4964
-43.1377
-44.6212
-45.9336
-47.0573
-47.9746
-48.6734
-49.1523
-49.4249
-49.5149
-49.4194
-49.1166
-48.5826
-47.793
-46.7241
-45.3508
-43.6484
-41.5939
-39.166
-36.3476
-33.1271
-29.5102
-25.7182
5.62164
8.28677
11.2382
14.3576
17.3271
20.215
22.9134
25.223
27.0967
28.6003
29.7683
30.6449
31.3043
31.8003
32.1716
32.4524
32.666
32.828
32.9498
33.0377
33.0942
33.1183
33.1043
33.042
32.9233
32.7481
32.5177
32.232
31.8909
31.4946
31.0438
30.5394
29.982
29.3713
28.705
27.9771
27.1758
26.2801
25.3077
2.56676
-0.21125
-3.3531
-6.62777
-9.75837
-12.977
-16.1257
-19.1071
-21.9664
-24.6539
-27.1646
-29.5233
-31.7249
-33.7819
-35.7036
-37.4904
-39.1421
-40.6535
-42.0151
-43.215
-44.2381
-45.0683
-45.6961
-46.1218
-46.3595
-46.432
-46.3382
-46.0594
-45.5749
-44.8643
-43.9071
-42.6819
-41.1668
-39.3408
-37.1834
-34.6757
-31.8012
-28.5558
-25.1334
5.20873
7.74842
10.5641
13.5441
16.3841
19.1504
21.7397
23.9606
25.7665
27.2197
28.3526
29.2062
29.8514
30.3396
30.7077
30.9887
31.2053
31.3725
31.5017
31.5996
31.6693
31.7102
31.7182
31.6842
31.6
31.4642
31.2778
31.0405
30.7516
30.4106
30.0176
29.5723
29.074
28.5211
27.9101
27.234
26.4805
25.6294
24.7013
2.31618
-0.324952
-3.30899
-6.41461
-9.37911
-12.4227
-15.395
-18.2043
-20.8938
-23.4167
-25.7688
-27.9738
-30.0274
-31.9416
-33.7256
-35.3801
-36.9053
-38.2967
-39.5461
-40.6428
-41.5736
-42.3246
-42.8881
-43.266
-43.4724
-43.5299
-43.4381
-43.1811
-42.7414
-42.1018
-41.2447
-40.1519
-38.8042
-37.1826
-35.2674
-33.039
-30.4772
-27.5702
-24.4883
4.83083
7.25018
9.93551
12.7814
15.4968
18.1458
20.6295
22.7642
24.5039
25.9076
27.0054
27.8358
28.4661
28.9455
29.3093
29.5892
29.8071
29.9778
30.1125
30.2182
30.2982
30.3528
30.379
30.3686
30.3134
30.2112
30.0625
29.8667
29.623
29.3304
28.9884
28.5958
28.1511
27.6519
27.0935
26.4684
25.7639
24.9605
24.0806
2.09262
-0.417502
-3.25078
-6.19499
-9.00124
-11.8782
-14.683
-17.3294
-19.8582
-22.2257
-24.4284
-26.4892
-28.4042
-30.185
-31.8407
-33.3723
-34.7802
-36.0608
-37.2069
-38.209
-39.0555
-39.7346
-40.24
-40.575
-40.7539
-40.7983
-40.7088
-40.4719
-40.0727
-39.4968
-38.7295
-37.755
-36.5567
-35.1175
-33.4188
-31.4407
-29.1606
-26.5611
-23.7915
4.48526
6.78929
9.34945
12.0664
14.6616
17.1974
19.579
21.6298
23.3048
24.6599
25.7228
26.5296
27.1445
27.6143
27.9726
28.2502
28.4681
28.6408
28.7793
28.8907
28.9788
29.0444
29.0853
29.0945
29.0636
28.9898
28.8732
28.713
28.5083
28.2579
27.9607
27.6151
27.219
26.7691
26.2604
25.6849
25.0296
24.2756
23.4463
1.89382
-0.49095
-3.18004
-5.97024
-8.62571
-11.3442
-13.9899
-16.4818
-18.8587
-21.0796
-23.1418
-25.067
-26.8521
-28.5084
-30.0447
-31.462
-32.7614
-33.9398
-34.9908
-35.9061
-36.6758
-37.2896
-37.7427
-38.0394
-38.194
-38.2272
-38.1403
-37.922
-37.5596
-37.0411
-36.354
-35.4851
-34.42
-33.1434
-31.6378
-29.8835
-27.8567
-25.5357
-23.0516
4.16962
6.36302
8.80299
11.3959
13.8754
16.3017
18.5844
20.5538
22.1657
23.4728
24.5012
25.2841
25.8829
26.3423
26.6943
26.9685
27.1853
27.3586
27.4994
27.6149
27.709
27.7831
27.836
27.8612
27.8506
27.8006
27.7111
27.5813
27.4103
27.1965
26.9386
26.6347
26.2823
25.8779
25.4158
24.8878
24.2812
23.5773
22.7998
1.71771
-0.547113
-3.09841
-5.74162
-8.25341
-10.8211
-13.3158
-15.6612
-17.8944
-19.9769
-21.9068
-23.7048
-25.3683
-26.9083
-28.3332
-29.6446
-30.8435
-31.9275
-32.8911
-33.7271
-34.4268
-34.9814
-35.3875
-35.65
-35.7833
-35.8072
-35.7232
-35.5221
-35.1931
-34.7261
-34.111
-33.3364
-32.3899
-31.2579
-29.9243
-28.3699
-26.5701
-24.5006
-22.2767
3.88159
5.96888
8.29344
10.767
13.135
15.4557
17.6424
19.5327
21.0829
22.3429
23.3368
24.0958
24.6781
25.1264
25.4713
25.7412
25.9558
26.1286
26.2704
26.3884
26.4868
26.5675
26.6296
26.6679
26.674
26.644
26.5773
26.4735
26.3312
26.1492
25.9257
25.6588
25.3457
24.9827
24.564
24.0814
23.5222
22.8681
22.1428
1.56231
-0.587742
-3.00732
-5.51026
-7.88515
-10.3094
-12.6606
-14.8671
-16.9644
-18.9164
-20.7218
-22.4002
-23.9499
-25.3812
-26.7025
-27.9154
-29.0214
-30.0184
-30.9016
-31.665
-32.301
-32.8021
-33.166
-33.3983
-33.513
-33.5289
-33.4483
-33.263
-32.9644
-32.5439
-31.9932
-31.3027
-30.4618
-29.4583
-28.2776
-26.9013
-25.3046
-23.4618
-21.4743
3.61899
5.60452
7.81826
10.1771
12.4376
14.6561
16.7499
18.5633
20.0531
21.2667
22.2266
22.9614
23.5268
23.9635
24.3006
24.5654
24.7769
24.9482
25.09
25.2092
25.3105
25.3958
25.4652
25.5138
25.5335
25.5201
25.4727
25.3907
25.2731
25.1185
24.9251
24.6909
24.4131
24.0878
23.7093
23.2695
22.7559
22.1507
21.4771
1.4258
-0.61444
-2.90815
-5.27718
-7.52163
-9.80937
-12.0243
-14.0993
-16.068
-17.8967
-19.5848
-21.151
-22.594
-23.9238
-25.1486
-26.2702
-27.2901
-28.2068
-29.0163
-29.7134
-30.2914
-30.7442
-31.0702
-31.2756
-31.3741
-31.3836
-31.3065
-31.1361
-30.8651
-30.4865
-29.9934
-29.378
-28.631
-27.7418
-26.6969
-25.479
-24.0638
-22.4247
-20.6513
3.37979
5.26771
7.37504
9.62344
11.7803
13.9002
15.9039
17.6425
19.0732
20.2412
21.1673
21.878
22.4262
22.8508
23.1794
23.4384
23.6461
23.8151
23.9558
24.0753
24.1781
24.2667
24.3415
24.3982
24.4289
24.4291
24.3977
24.3343
24.2378
24.1068
23.9396
23.7343
23.488
23.1969
22.8555
22.4557
21.9856
21.4277
20.8046
1.30645
-0.628755
-2.80216
-5.04339
-7.16356
-9.32142
-11.4069
-13.3571
-15.2041
-16.9165
-18.4941
-19.9549
-21.2979
-22.5329
-23.6678
-24.7045
-25.6448
-26.4875
-27.2293
-27.8658
-28.3911
-28.8002
-29.0924
-29.2741
-29.3586
-29.3629
-29.2896
-29.133
-28.8871
-28.5464
-28.105
-27.5564
-26.8929
-26.1051
-25.1808
-24.1036
-22.8503
-21.394
-19.814
3.16209
4.95642
6.96156
9.1037
11.1606
13.1852
15.1016
16.7673
18.1402
19.2634
20.1561
20.8427
21.3735
21.7856
22.1053
22.3579
22.5611
22.7271
22.866
22.9848
23.0882
23.1788
23.2573
23.3203
23.3598
23.371
23.3529
23.3051
23.2265
23.1159
22.9717
22.7917
22.5736
22.3134
22.006
21.6435
21.2144
20.7018
20.1276
1.20266
-0.632063
-2.69051
-4.80983
-6.81157
-8.84581
-10.8083
-12.6402
-14.372
-15.9745
-17.4479
-18.8096
-20.0589
-21.2053
-22.2564
-23.2143
-24.0809
-24.8555
-25.5351
-26.1161
-26.5936
-26.9633
-27.2252
-27.386
-27.4585
-27.4587
-27.3893
-27.2456
-27.0228
-26.7161
-26.3211
-25.8322
-25.243
-24.5452
-23.7278
-22.7756
-21.6664
-20.3739
-18.9682
2.96413
4.66867
6.57574
8.61565
10.5761
12.5087
14.3402
15.9351
17.2514
18.3305
19.1903
19.8529
20.3661
20.7654
21.0758
21.3216
21.5198
21.6822
21.8186
21.9361
22.0391
22.1306
22.2117
22.2792
22.3256
22.3458
22.3387
22.3039
22.2406
22.1475
22.0232
21.8657
21.6725
21.4403
21.1638
20.8358
20.4452
19.9757
19.4482
1.11291
-0.625723
-2.57431
-4.57731
-6.46618
-8.38277
-10.2284
-11.948
-13.5707
-15.0693
-16.4445
-17.713
-18.8744
-19.938
-20.911
-21.7957
-22.594
-23.3056
-23.9282
-24.4585
-24.8925
-25.2268
-25.4617
-25.6041
-25.6663
-25.6633
-25.598
-25.4664
-25.2646
-24.9888
-24.6353
-24.1998
-23.6766
-23.0587
-22.3361
-21.4948
-20.5139
-19.3678
-18.1189
2.78422
4.40272
6.21562
8.15716
10.0246
11.8681
13.6173
15.1433
16.4039
17.44
18.2674
18.9062
19.4017
19.7879
20.0887
20.3273
20.5201
20.6784
20.8119
20.9274
21.0294
21.1209
21.2035
21.2743
21.3259
21.3532
21.3551
21.3313
21.2809
21.2029
21.0958
20.958
20.7872
20.58
20.3318
20.0355
19.6806
19.2517
18.7685
1.03581
-0.610968
-2.45462
-4.34664
-6.12795
-7.93254
-9.66696
-11.2801
-12.7993
-14.1997
-15.4823
-16.6629
-17.7419
-18.728
-19.6281
-20.4446
-21.1797
-21.8333
-22.4034
-22.8875
-23.282
-23.5842
-23.7951
-23.9213
-23.9748
-23.9695
-23.9083
-23.7881
-23.6055
-23.3576
-23.0416
-22.6537
-22.1892
-21.6422
-21.0037
-20.2608
-19.3939
-18.3786
-17.2704
2.62081
4.15681
5.8794
7.72629
9.50408
11.2615
12.9307
14.3895
15.5953
16.5891
17.385
18.0003
18.4781
18.851
19.1419
19.3731
19.5601
19.7141
19.8442
19.9572
20.0576
20.1485
20.2317
20.3046
20.3602
20.3931
20.4024
20.3876
20.3482
20.2831
20.1911
20.0706
19.9195
19.7349
19.5122
19.245
18.9233
18.5322
18.0907
0.970078
-0.588919
-2.33234
-4.1185
-5.79731
-7.49531
-9.12399
-10.636
-12.057
-13.3644
-14.5594
-15.6572
-16.6587
-17.5722
-18.4043
-19.1573
-19.8338
-20.4338
-20.9557
-21.3974
-21.7561
-22.0295
-22.219
-22.3311
-22.3771
-22.3703
-22.3134
-22.2038
-22.0389
-21.8163
-21.5339
-21.1886
-20.7765
-20.2925
-19.7285
-19.073
-18.3074
-17.4088
-16.4268
2.47249
3.92941
5.56535
7.32109
9.01241
10.6866
12.278
13.6714
14.8231
15.7758
16.541
17.1329
17.5929
17.9525
18.2335
18.457
18.6381
18.7874
18.9139
19.024
19.1224
19.2122
19.2952
19.3694
19.4278
19.4651
19.4802
19.4731
19.4429
19.389
19.31
19.2048
19.0713
18.9068
18.7073
18.4666
18.1754
17.8196
17.4169
0.914546
-0.560536
-2.20832
-3.89342
-5.47455
-7.07101
-8.59908
-10.015
-11.3428
-12.5621
-13.6742
-14.6939
-15.6225
-16.468
-17.2364
-17.9302
-18.5522
-19.1025
-19.5801
-19.9831
-20.3092
-20.5567
-20.7271
-20.8269
-20.8668
-20.8591
-20.8064
-20.7069
-20.5582
-20.3587
-20.1065
-19.7994
-19.4341
-19.0061
-18.5083
-17.9302
-17.2546
-16.4601
-15.591
2.33794
3.71903
5.27183
6.93977
8.54761
10.1412
11.6568
12.9867
14.085
14.9982
15.7335
16.3021
16.7443
17.0906
17.3616
17.5773
17.7523
17.8968
18.0194
18.1265
18.2225
18.3106
18.3929
18.4676
18.528
18.5686
18.5886
18.5877
18.5654
18.521
18.4535
18.3616
18.2438
18.0974
17.9188
17.7022
17.439
17.1158
16.7493
0.867976
-0.526921
-2.08346
-3.67216
-5.16019
-6.6598
-8.09203
-9.41661
-10.6556
-11.7915
-12.8249
-13.7707
-14.6312
-15.413
-16.1215
-16.7598
-17.331
-17.8354
-18.272
-18.6395
-18.9359
-19.1601
-19.3135
-19.4027
-19.4375
-19.4295
-19.3812
-19.2911
-19.1575
-18.9789
-18.7542
-18.4814
-18.1579
-17.7797
-17.3407
-16.8313
-16.2359
-15.5342
-14.7661
2.21584
3.52442
4.99767
6.58096
8.10828
9.62365
11.0651
12.3329
13.378
14.2539
14.9607
15.5061
15.9303
16.2634
16.5244
16.7323
16.9012
17.0407
17.1593
17.2631
17.3565
17.4427
17.5239
17.5985
17.66
17.7032
17.727
17.7313
17.7158
17.6797
17.6221
17.5421
17.4381
17.308
17.1482
16.9536
16.7161
16.4228
16.0899
0.829167
-0.489487
-1.95915
-3.45609
-4.85527
-6.26272
-7.60342
-8.8408
-9.99473
-11.0518
-12.0094
-12.8849
-13.6818
-14.4041
-15.0562
-15.6425
-16.1663
-16.6281
-17.027
-17.3618
-17.6312
-17.8343
-17.9727
-18.0526
-18.0833
-18.0754
-18.0316
-17.9505
-17.8307
-17.6714
-17.4716
-17.2297
-16.9435
-16.6099
-16.2232
-15.775
-15.2507
-14.6319
-13.9541
2.10497
3.34441
4.74174
6.24392
7.69395
9.13373
10.5029
11.7093
12.6985
13.5395
14.2199
14.7423
15.1487
15.4688
15.7201
15.9204
16.0831
16.2177
16.3322
16.4326
16.5233
16.6073
16.6871
16.7612
16.8234
16.8685
16.8953
16.904
16.8942
16.8652
16.8165
16.7469
16.6553
16.5397
16.397
16.2223
16.0081
15.7424
15.4405
0.79723
-0.44892
-1.83598
-3.24571
-4.56044
-5.88035
-7.13374
-8.28807
-9.36066
-10.3434
-11.2264
-12.0337
-12.7713
-13.4378
-14.0366
-14.5738
-15.0536
-15.476
-15.8399
-16.145
-16.3899
-16.5741
-16.6994
-16.7713
-16.7987
-16.7915
-16.7522
-16.6797
-16.5729
-16.4313
-16.254
-16.0401
-15.7875
-15.4937
-15.1537
-14.7599
-14.2991
-13.7541
-13.1571
2.00429
3.17774
4.50276
5.92702
7.30305
8.66995
9.96966
11.116
12.0451
12.8529
13.5087
14.0082
14.397
14.7046
14.9465
15.1394
15.296
15.4257
15.5363
15.6334
15.7213
15.8031
15.8813
15.9546
16.0171
16.0636
16.093
16.1054
16.1006
16.0779
16.037
15.9768
15.8963
15.7938
15.6664
15.5097
15.3169
15.0764
14.803
0.77225
-0.404396
-1.71232
-3.0388
-4.2731
-5.50962
-6.68039
-7.7562
-8.75187
-9.66357
-10.4749
-11.2194
-11.9021
-12.5149
-13.0617
-13.5522
-13.9904
-14.3756
-14.7069
-14.9842
-15.2066
-15.3738
-15.4875
-15.5527
-15.5777
-15.5716
-15.5368
-15.4726
-15.378
-15.2527
-15.0962
-14.9075
-14.6854
-14.4273
-14.1291
-13.7839
-13.3797
-12.9008
-12.376
1.9133
3.0233
4.27784
5.62614
6.93006
8.22531
9.45826
10.5469
11.4218
12.2007
12.8307
13.3053
13.676
13.9712
14.2035
14.3885
14.539
14.6639
14.7704
14.8642
14.9492
15.0288
15.1053
15.1778
15.2403
15.2879
15.3194
15.3351
15.3346
15.3176
15.2836
15.2318
15.1613
15.0706
14.9572
14.817
14.6436
14.4261
14.1788
0.753822
-0.356112
-1.58751
-2.83409
-3.99092
-5.14714
-6.23843
-7.23989
-8.1626
-9.0062
-9.74828
-10.4427
-11.0787
-11.6369
-12.1311
-12.5768
-12.9759
-13.3257
-13.6258
-13.8769
-14.0785
-14.2301
-14.3333
-14.3928
-14.4161
-14.4116
-14.3817
-14.3254
-14.2424
-14.1324
-13.995
-13.8293
-13.6346
-13.4088
-13.1479
-12.8461
-12.4926
-12.0729
-11.6131
1.83148
2.88011
4.06571
5.33873
6.57087
7.79331
8.9596
9.98812
10.8209
11.5864
12.1893
12.6336
12.9854
13.2687
13.4915
13.6687
13.813
13.9329
14.0354
14.1258
14.208
14.2852
14.36
14.4313
14.4937
14.5421
14.5754
14.5939
14.5973
14.5853
14.5575
14.5133
14.4519
14.3718
14.271
14.1457
13.99
13.7936
13.5703
0.740542
-0.317149
-1.48913
-2.66805
-3.75564
-4.8343
-5.8384
-6.74971
-7.57033
-8.32161
-8.93517
-9.61637
-10.2605
-10.7974
-11.2675
-11.6985
-12.0868
-12.4259
-12.716
-12.9592
-13.155
-13.3025
-13.4033
-13.462
-13.4861
-13.4842
-13.4588
-13.4089
-13.3346
-13.2364
-13.1108
-12.9607
-12.7851
-12.5816
-12.3467
-12.075
-11.7569
-11.3791
-10.9654
1.76914
2.76839
3.89998
5.10567
6.26818
7.40822
8.47935
9.39307
10.1288
10.9659
11.5843
12.0179
12.3681
12.6551
12.8798
13.0573
13.2018
13.3222
13.4251
13.5158
13.5984
13.6763
13.7519
13.8245
13.8886
13.9391
13.9747
13.9959
14.0024
13.9941
13.9707
13.9316
13.8762
13.8033
13.7109
13.5954
13.4515
13.2692
13.062
0.730761
-0.283881
-1.40513
-2.52473
-3.54769
-4.54891
-5.46216
-6.27239
-6.97255
-7.61133
-8.05564
-8.75893
-9.44817
-9.98664
-10.4522
-10.8882
-11.2844
-11.6293
-11.9241
-12.1716
-12.3715
-12.5229
-12.6274
-12.6894
-12.7171
-12.719
-12.6984
-12.6537
-12.5864
-12.4974
-12.3784
-12.2384
-12.076
-11.8878
-11.6707
-11.4199
-11.1267
-10.7783
-10.397
1.71866
2.67669
3.75986
4.90249
5.99435
7.04268
8.00026
8.77774
9.39201
10.3416
11.0068
11.4453
11.8049
12.1051
12.3394
12.5232
12.6725
12.7969
12.9031
12.9968
13.0821
13.1626
13.2411
13.3169
13.3842
13.4377
13.4761
13.5
13.5094
13.504
13.4837
13.4481
13.3966
13.3284
13.2415
13.1326
12.9964
12.8233
12.6267
0.722642
-0.248519
-1.31857
-2.37846
-3.33692
-4.26101
-5.0856
-5.79727
-6.38396
-6.91336
-7.20031
-7.91203
-8.63691
-9.17451
-9.63153
-10.068
-10.4688
-10.8177
-11.1156
-11.3663
-11.5699
-11.7248
-11.833
-11.8983
-11.9297
-11.9358
-11.9204
-11.8815
-11.8218
-11.7429
-11.6314
-11.5023
-11.3539
-11.1818
-10.9827
-10.7531
-10.4847
-10.1658
-9.81918
1.66919
2.58576
3.61985
4.69914
5.72137
6.67773
7.52594
8.17549
8.67055
9.7092
10.4231
10.867
11.2321
11.5433
11.787
11.9768
12.1305
12.2585
12.368
12.4644
12.5523
12.6354
12.7167
12.7956
12.8661
12.9226
12.9641
12.9908
13.0031
13.0008
12.9838
12.9519
12.9046
12.8412
12.7598
12.6575
12.5292
12.3654
12.1796
0.71593
-0.211738
-1.23045
-2.23095
-3.12552
-3.9734
-4.71212
-5.32763
-5.80856
-6.22748
-6.37498
-7.07941
-7.82599
-8.3611
-8.80762
-9.23993
-9.64202
-9.99273
-10.2922
-10.5449
-10.7513
-10.9096
-11.0213
-11.0901
-11.1251
-11.1352
-11.1248
-11.0912
-11.0387
-10.9692
-10.8644
-10.7452
-10.61
-10.453
-10.2713
-10.0621
-9.81801
-9.52689
-9.20819
1.62087
2.49623
3.48096
4.49735
5.45137
6.31559
7.05988
7.58607
7.9691
9.06952
9.83125
10.2841
10.6524
10.9718
11.2238
11.4194
11.5774
11.709
11.8214
11.9205
12.0108
12.0963
12.1803
12.2623
12.3361
12.3957
12.4402
12.47
12.4854
12.4864
12.4729
12.4449
12.4022
12.3438
12.2683
12.1729
12.0526
11.8983
11.7232
0.710671
-0.173908
-1.14166
-2.08363
-2.91549
-3.68873
-4.34477
-4.86672
-5.24954
-5.55544
-5.58301
-6.2648
-7.01674
-7.54593
-7.98045
-8.40478
-8.80425
-9.15459
-9.45419
-9.70793
-9.91628
-10.0777
-10.193
-10.2661
-10.3064
-10.3224
-10.3195
-10.2939
-10.2516
-10.1944
-10.0999
-9.99365
-9.87396
-9.73394
-9.57088
-9.38259
-9.1629
-8.90214
-8.62531
1.5742
2.40882
3.34438
4.29887
5.18642
5.9583
6.60444
7.00738
7.28668
8.42353
9.22895
9.69494
10.0666
10.3927
10.6516
10.8521
11.0136
11.1484
11.264
11.3659
11.4589
11.5471
11.6338
11.7191
11.7964
11.8595
11.9074
11.9405
11.9593
11.9637
11.9539
11.9299
11.8916
11.8384
11.7689
11.6804
11.5685
11.4241
11.2601
0.706743
-0.1357
-1.05363
-1.93843
-2.70946
-3.41028
-3.98737
-4.41886
-4.71086
-4.90025
-4.82637
-5.47053
-6.21036
-6.72865
-7.14975
-7.56274
-7.95579
-8.30329
-8.60172
-8.85566
-9.06564
-9.22966
-9.34775
-9.42356
-9.46582
-9.48412
-9.48416
-9.46196
-9.42452
-9.37367
-9.28425
-9.18619
-9.07774
-8.95145
-8.80492
-8.63638
-8.43899
-8.19978
-7.92964
1.52974
2.32475
3.21168
4.10612
4.92862
5.60795
6.16153
6.43744
6.6191
7.77193
8.61483
9.09624
9.47257
9.80615
10.0734
10.2791
10.4431
10.5794
10.6968
10.8009
10.8963
10.9871
11.0769
11.1656
11.2466
11.3137
11.3657
11.4031
11.4265
11.4357
11.4309
11.4122
11.3793
11.3318
11.2685
11.187
11.083
10.9475
10.7923
0.703964
-0.0985123
-0.968904
-1.79893
-2.51124
-3.14221
-3.64373
-3.98769
-4.19479
-4.26396
-4.10592
-4.69797
-5.40829
-5.9094
-6.31479
-6.71315
-7.09611
-7.43791
-7.73338
-7.98667
-8.19867
-8.36749
-8.49347
-8.5803
-8.63577
-8.66819
-8.68358
-8.67779
-8.65881
-8.62826
-8.557
-8.47817
-8.39006
-8.28414
-8.15801
-8.01118
-7.84095
-7.64383
-7.45483
1.48864
2.24608
3.08584
3.92269
4.67994
5.26458
5.7289
5.86961
5.95645
7.1139
7.99102
8.48787
8.866
9.20451
9.48181
9.69785
9.86922
10.0097
10.129
10.2341
10.3304
10.4227
10.5147
10.6063
10.6907
10.7611
10.8163
10.8571
10.884
10.8973
10.8974
10.8844
10.8583
10.8186
10.7644
10.693
10.6006
10.4798
10.3452
0.701906
-0.0641042
-0.890766
-1.66966
-2.32599
-2.88978
-3.31744
-3.57474
-3.70083
-3.64746
-3.42089
-3.94742
-4.61175
-5.088
-5.47403
-5.85429
-6.22378
-6.55749
-6.84816
-7.09819
-7.30746
-7.47282
-7.59288
-7.66967
-7.71306
-7.73495
-7.74151
-7.72801
-7.70269
-7.66651
-7.59124
-7.51305
-7.4303
-7.33445
-7.22305
-7.09452
-6.93971
-6.73836
-6.47734
1.45161
2.17438
2.96972
3.75246
4.44245
4.92933
5.30556
5.2965
5.28219
6.43993
7.35825
7.88068
8.26238
8.59612
8.86975
9.08753
9.26648
9.41769
9.54745
9.66083
9.76321
9.86001
9.95618
10.0527
10.1434
10.2209
10.2831
10.3303
10.3628
10.3806
10.384
10.3733
10.3489
10.3109
10.2588
10.1908
10.1022
9.98092
9.83097
0.70019
-0.0324925
-0.819385
-1.55196
-2.15681
-2.65842
-3.01479
-3.18763
-3.23705
-3.05873
-2.77072
-3.21812
-3.82196
-4.26458
-4.62598
-4.98295
-5.33378
-5.65706
-5.94621
-6.20294
-6.42705
-6.61667
-6.77208
-6.89569
-6.98894
-7.05593
-7.10523
-7.1338
-7.15353
-7.16452
-7.12965
-7.08748
-7.03767
-6.97068
-6.88503
-6.78338
-6.67227
-6.56477
-6.52774
1.41761
2.10821
2.86257
3.59655
4.2198
4.61543
4.90935
4.72117
4.58157
5.72753
6.68886
7.25878
7.6781
8.03321
8.30586
8.50482
8.65932
8.79185
8.91273
9.0254
9.13194
9.23506
9.33808
9.44105
9.53773
9.62244
9.6946
9.75507
9.80398
9.84127
9.86672
9.87995
9.88032
9.86686
9.83832
9.79333
9.73222
9.65791
9.60398
0.699146
-0.00253744
-0.752921
-1.44408
-2.00404
-2.45289
-2.74681
-2.8482
-2.82997
-2.51514
-2.156
-2.51233
-3.04072
-3.43836
-3.7709
-4.10118
-4.42361
-4.71793
-4.97793
-5.2041
-5.39385
-5.54004
-5.63609
-5.6821
-5.69856
-5.7068
-5.70858
-5.69492
-5.6709
-5.63638
-5.56932
-5.50727
-5.44767
-5.38204
-5.30706
-5.21788
-5.09426
-4.89351
-4.54562
1.38646
2.0473
2.76466
3.45595
4.01802
4.34541
4.56343
4.14334
3.85353
4.97426
5.94058
6.52623
6.98748
7.41516
7.77187
8.03787
8.22568
8.35796
8.45774
8.54245
8.62346
8.7081
8.8013
8.90123
8.99558
9.07316
9.13156
9.17205
9.1963
9.20575
9.20185
9.18651
9.16177
9.12918
9.08869
9.03606
8.95714
8.81628
8.57024
0.699173
0.0182792
-0.705312
-1.36252
-1.88357
-2.28475
-2.51935
-2.55927
-2.4685
-1.99525
-1.56621
-1.83854
-2.27489
-2.60512
-2.89789
-3.20948
-3.53329
-3.85039
-4.15354
-4.44273
-4.7189
-4.98424
-5.23954
-5.47766
-5.67035
-5.80857
-5.91941
-6.01003
-6.10418
-6.19808
-6.22661
-6.22992
-6.22635
-6.20955
-6.17586
-6.13335
-6.11173
-6.16413
-6.42983
1.36707
2.00799
2.69725
3.34929
3.84871
4.11169
4.20249
3.48166
3.08388
4.2482
5.22325
5.76115
6.1313
6.46556
6.78402
7.09156
7.38564
7.65212
7.87927
8.06493
8.21501
8.33918
8.45155
8.57206
8.71446
8.86683
9.01234
9.14561
9.26515
9.36999
9.4581
9.52661
9.5733
9.59704
9.59977
9.58938
9.59096
9.66027
9.90889
0.697703
0.00828817
-0.716032
-1.3573
-1.84378
-2.18445
-2.32937
-2.26644
-2.03275
-1.38342
-0.956663
-1.18973
-1.54704
-1.79067
-1.9807
-2.16562
-2.34826
-2.52045
-2.67693
-2.81234
-2.91424
-2.96267
-2.94311
-2.86435
-2.79149
-2.75905
-2.7434
-2.71178
-2.65599
-2.61608
-2.54749
-2.48813
-2.44565
-2.40704
-2.3652
-2.31137
-2.19918
-1.94489
-1.3615
1.37474
2.02044
2.7018
3.31757
3.7339
3.86715
3.65724
2.58183
2.17349
3.52338
4.73138
5.51459
6.00746
6.2674
6.32186
6.24898
6.13311
6.04239
6.00569
6.02574
6.09414
6.20208
6.33325
6.44677
6.49781
6.50449
6.50161
6.49448
6.48207
6.46411
6.4444
6.42802
6.41861
6.41723
6.419
6.40542
6.32188
6.05735
5.43094
0.690047
-0.0315881
-0.781434
-1.42776
-1.88973
-2.16492
-2.19902
-1.98829
-1.5374
-0.717584
-0.305597
-0.492873
-0.822031
-1.13118
-1.44289
-1.76843
-2.11073
-2.47153
-2.85592
-3.2731
-3.7357
-4.25024
-4.79277
-5.30193
-5.66844
-5.89185
-6.11174
-6.2862
-6.57746
-7.00219
-6.87986
-6.90152
-7.03102
-7.1264
-7.17208
-7.21604
-7.33517
-7.63901
-8.3369
1.3974
2.06611
2.75784
3.34892
3.68169
3.64124
3.02836
1.63722
0.991394
2.19615
3.53488
4.86119
6.15289
7.37897
8.42107
9.21959
9.79295
10.1595
10.368
10.473
10.5222
10.5542
10.6254
10.8261
11.191
11.5881
11.9149
12.184
12.4176
12.6198
12.7836
12.9055
12.9875
13.0367
13.0694
13.1194
13.2711
13.6534
14.4766
118.642
116.592
114.032
111.031
107.426
103.195
98.3578
92.9911
87.2353
81.2738
75.2797
69.3757
63.6282
58.0658
52.6983
47.5307
42.5658
37.8062
33.2532
28.9067
24.764
20.8224
17.0773
13.5241
10.1579
6.97396
3.96754
1.13333
-1.53305
-4.0358
-6.37754
-8.55963
-10.5835
-12.4495
-14.1575
-15.7082
-17.1018
-18.3394
-19.4225
-20.3532
-21.1346
-21.7704
-22.2656
-22.6254
-22.8563
-22.9654
-22.9604
-22.8494
-22.641
-22.3441
-21.9675
-21.5202
-21.011
-20.4483
-19.8402
-19.1946
-18.5185
-17.8186
-17.1009
-16.371
-15.6336
-14.8931
-14.1531
-13.4167
-12.687
-11.9656
-11.2562
-10.649
-10.1075
-9.56076
-8.96897
-8.42702
-7.72446
-7.33326
-6.27064
-6.52724
-4.27547
-6.62601
-0.990244
-8.82786
118.329
114.71
110.763
106.683
102.52
98.3483
94.2256
90.1811
86.2324
82.3931
78.6744
75.0874
71.6419
68.3464
65.2077
62.2309
59.4191
56.774
54.295
51.9798
49.8244
47.8235
45.9704
44.2576
42.677
41.2199
39.8775
38.641
37.5016
36.4511
35.4815
34.5849
33.7539
32.9815
32.2608
31.5853
30.9487
30.3449
29.768
29.2125
28.6731
28.1448
27.623
27.1037
26.5831
26.0581
25.5261
24.9851
24.4334
23.8702
23.295
22.7078
22.1091
21.4998
20.8811
20.2544
19.6215
18.9842
18.3446
17.7044
17.0659
16.431
15.8016
15.1795
14.5669
13.9652
13.3776
12.8837
12.4581
12.0212
11.5748
11.1223
10.6613
10.2341
9.69854
9.56289
8.35527
10.0865
5.00447
14.8254
48.1967
47.7666
47.4655
47.1974
46.8903
46.5378
46.113
45.5704
44.8646
43.9638
42.8539
41.5337
40.0096
38.2933
36.4003
34.3486
32.1584
29.8504
27.4458
24.9663
22.4331
19.8672
17.2881
14.7141
12.1621
9.64669
7.182
4.78127
2.4574
0.220655
-1.92018
-3.95772
-5.8864
-7.70107
-9.39732
-10.9718
-12.4215
-13.7442
-14.9383
-16.0027
-16.9375
-17.7433
-18.4218
-18.9753
-19.4073
-19.7221
-19.9247
-20.0208
-20.0167
-19.9195
-19.7365
-19.4751
-19.1431
-18.7482
-18.2979
-17.7997
-17.2606
-16.6874
-16.0862
-15.4629
-14.8229
-14.1708
-13.511
-12.8471
-12.1828
-11.5202
-10.8633
-10.2976
-9.79048
-9.27903
-8.71764
-8.20979
-7.53193
-7.17334
-6.13517
-6.40649
-4.21825
-6.4937
-1.09003
-8.63648
48.4277
48.6316
49.1477
49.5987
49.9567
50.2123
50.3565
50.3863
50.3024
50.1078
49.8058
49.4002
48.8966
48.3009
47.6208
46.865
46.0428
45.1644
44.2411
43.2843
42.3054
41.315
40.3236
39.341
38.3753
37.4336
36.5216
35.6438
34.803
34.0008
33.2379
32.5137
31.8269
31.1755
30.557
29.9683
29.4063
28.8674
28.3482
27.8449
27.354
26.8717
26.3948
25.9199
25.4441
24.9645
24.479
23.9854
23.4823
22.9684
22.443
21.9059
21.3572
20.7973
20.2272
19.6479
19.0608
18.4676
17.8699
17.2696
16.6686
16.0688
15.4723
14.8807
14.2965
13.7207
13.1572
12.6824
12.2727
11.8514
11.42
10.9825
10.5351
10.1235
9.59861
9.47801
8.29248
9.97328
5.09432
14.478
26.3061
25.9355
25.572
25.207
24.8109
24.3842
23.9278
23.4405
22.9244
22.3843
21.8249
21.2495
20.6562
20.0376
19.3827
18.6791
17.9159
17.0833
16.1735
15.1811
14.1028
12.9386
11.6904
10.3633
8.96472
7.5042
5.993
4.44302
2.867
1.27829
-0.309593
-1.88278
-3.42852
-4.93437
-6.38882
-7.78155
-9.10328
-10.3458
-11.5021
-12.5661
-13.5332
-14.3997
-15.1632
-15.8221
-16.3763
-16.8266
-17.1748
-17.4237
-17.5768
-17.6388
-17.6146
-17.51
-17.3309
-17.0838
-16.7752
-16.4116
-15.9996
-15.5455
-15.0554
-14.535
-13.9898
-13.4248
-12.8447
-12.2534
-11.6551
-11.0524
-10.4493
-9.92651
-9.45513
-8.97947
-8.45118
-7.97573
-7.33096
-6.99308
-6.00551
-6.25155
-4.1934
-6.30073
-1.24332
-8.33653
26.57
26.8077
27.081
27.3454
27.6416
27.9646
28.3101
28.6732
29.0485
29.4298
29.8109
30.1846
30.5444
30.8833
31.1949
31.4725
31.7103
31.9029
32.0458
32.136
32.1711
32.1503
32.074
31.9442
31.7638
31.5368
31.2681
30.9632
30.6278
30.2675
29.888
29.4944
29.0912
28.6823
28.2707
27.8588
27.448
27.0393
26.6326
26.2279
25.8242
25.4204
25.015
24.6066
24.1934
23.774
23.3465
22.9098
22.4625
22.0038
21.5331
21.0499
20.5543
20.0466
19.5275
18.9979
18.4588
17.9117
17.3581
16.7997
16.2383
15.6758
15.1141
14.5552
14.0012
13.4535
12.9158
12.4619
12.0695
11.6655
11.2507
10.8297
10.3979
10.0015
9.49411
9.3735
8.24769
9.80729
5.23751
14.0774
26.8576
26.6424
26.4117
26.1659
25.8838
25.5469
25.141
24.653
24.0745
23.4054
22.6544
21.8366
20.9683
20.0614
19.1233
18.1577
17.1674
16.1545
15.1206
14.0662
12.9917
11.8963
10.7791
9.63916
8.47561
7.28799
6.07689
4.84336
3.59003
2.32033
1.03928
-0.246859
-1.53095
-2.80502
-4.06021
-5.28765
-6.47821
-7.62313
-8.71389
-9.74268
-10.7025
-11.5874
-12.3921
-13.1125
-13.7457
-14.2897
-14.7437
-15.1079
-15.3835
-15.5727
-15.6786
-15.7047
-15.6556
-15.5361
-15.3515
-15.1073
-14.8094
-14.4634
-14.075
-13.6497
-13.193
-12.7097
-12.2049
-11.6826
-11.1472
-10.6019
-10.0506
-9.56914
-9.13134
-8.68893
-8.19173
-7.74698
-7.13271
-6.81739
-5.87063
-6.1099
-4.14071
-6.1545
-1.30756
-8.14148
27.0343
27.1949
27.3361
27.4604
27.5725
27.6673
27.7468
27.8117
27.8631
27.9023
27.9307
27.9497
27.9606
27.965
27.9641
27.9587
27.9496
27.937
27.9205
27.8993
27.8723
27.8378
27.7938
27.7382
27.6689
27.5837
27.4809
27.3592
27.2177
27.0561
26.8746
26.674
26.4555
26.2205
25.9706
25.7075
25.4329
25.148
24.8539
24.5515
24.2411
23.923
23.5968
23.2622
22.9185
22.5649
22.2007
21.8249
21.4368
21.0358
20.6215
20.1934
19.7517
19.2965
18.8285
18.3483
17.8569
17.3556
16.8458
16.329
15.807
15.2815
14.7546
14.2281
13.7041
13.1841
12.6722
12.2385
11.8629
11.4753
11.0765
10.6716
10.2549
9.87313
9.38143
9.26553
8.18063
9.67513
5.2804
13.8203
23.3301
23.1183
22.9034
22.6967
22.4875
22.2645
22.0188
21.7415
21.4225
21.052
20.6234
20.135
19.5891
18.9895
18.3388
17.6379
16.8866
16.0857
15.2364
14.3411
13.4026
12.4245
11.4104
10.3643
9.29032
8.19234
7.07425
5.93987
4.79299
3.63738
2.4767
1.31523
0.157073
-0.993066
-2.13006
-3.24834
-4.342
-5.40473
-6.43006
-7.41144
-8.3426
-9.21752
-10.0306
-10.7768
-11.452
-12.0527
-12.5763
-13.0212
-13.3868
-13.6732
-13.8817
-14.0141
-14.0732
-14.0623
-13.9854
-13.8469
-13.6514
-13.404
-13.1096
-12.7733
-12.4002
-11.9951
-11.5628
-11.1076
-10.6339
-10.1453
-9.64543
-9.20493
-8.80054
-8.39126
-7.92525
-7.51156
-6.92704
-6.63722
-5.72521
-5.97112
-4.06594
-6.02926
-1.32378
-7.99677
23.4903
23.6204
23.7548
23.8917
24.0276
24.1612
24.292
24.4184
24.539
24.6523
24.757
24.8515
24.9347
25.0056
25.0631
25.1068
25.1363
25.1517
25.1532
25.1415
25.1172
25.0814
25.0349
24.9787
24.9135
24.84
24.7585
24.669
24.5716
24.4659
24.3513
24.2273
24.0934
23.949
23.7936
23.627
23.4489
23.2594
23.0582
22.8454
22.6211
22.3851
22.1371
21.8772
21.6048
21.3195
21.0209
20.7084
20.3816
20.0402
19.6836
19.3119
18.925
18.5232
18.1069
17.6767
17.2336
16.7787
16.3132
15.8387
15.3567
14.8691
14.3777
13.8843
13.3913
12.8999
12.4145
12.0016
11.643
11.2723
10.8901
10.5014
10.1004
9.73344
9.25744
9.14899
8.09566
9.5517
5.26992
13.6096
18.4589
18.2659
18.0682
17.878
17.6877
17.4925
17.2877
17.0674
16.8258
16.5569
16.2556
15.9192
15.548
15.1443
14.7108
14.2488
13.7576
13.235
12.6789
12.0869
11.4576
10.7897
10.0828
9.33662
8.55206
7.73043
6.87397
5.98539
5.06826
4.12646
3.16439
2.18685
1.19883
0.205436
-0.78783
-1.77555
-2.75203
-3.71162
-4.64837
-5.55653
-6.43022
-7.26384
-8.05183
-8.78899
-9.47064
-10.0925
-10.6511
-11.1434
-11.5673
-11.9216
-12.2057
-12.4201
-12.5657
-12.6445
-12.6589
-12.612
-12.5074
-12.349
-12.141
-11.8878
-11.5938
-11.2637
-10.9018
-10.5124
-10.0998
-9.66773
-9.21973
-8.82083
-8.45082
-8.07574
-7.64237
-7.26081
-6.70776
-6.44424
-5.56917
-5.82142
-3.98368
-5.8924
-1.33736
-7.83471
18.5962
18.7037
18.8212
18.9429
19.069
19.1999
19.3355
19.4755
19.6195
19.7672
19.9179
20.071
20.2254
20.3802
20.5342
20.686
20.8342
20.9771
21.1134
21.2414
21.3597
21.467
21.5621
21.6443
21.7127
21.7671
21.8073
21.8332
21.8451
21.8432
21.8279
21.7995
21.7583
21.7044
21.6378
21.5587
21.4669
21.3622
21.2444
21.1133
20.9686
20.8101
20.6374
20.4502
20.2482
20.031
19.7983
19.5497
19.285
19.0037
18.7058
18.3911
18.0598
17.712
17.3481
16.9687
16.5748
16.1671
15.7471
15.3159
14.8753
14.4268
13.9722
13.5135
13.0528
12.5916
12.1342
11.7434
11.4032
11.0506
10.6862
10.3149
9.93065
9.57926
9.12096
9.01862
8.0016
9.40988
5.2557
13.3701
15.3917
15.2335
15.0686
14.9059
14.7408
14.5722
14.3991
14.217
14.0203
13.8038
13.5621
13.2905
12.9872
12.6533
12.2917
11.9059
11.498
11.069
10.6182
10.1447
9.64742
9.12569
8.5786
8.00544
7.40548
6.7783
6.12357
5.44145
4.7325
3.99781
3.23896
2.45833
1.65864
0.843378
0.0164719
-0.817624
-1.65411
-2.48785
-3.31346
-4.12535
-4.91798
-5.68574
-6.42316
-7.1248
-7.78571
-8.4012
-8.96689
-9.47911
-9.93464
-10.3311
-10.6666
-10.9403
-11.1517
-11.3013
-11.3904
-11.4205
-11.3941
-11.3139
-11.1833
-11.0059
-10.7853
-10.5255
-10.2307
-9.90459
-9.55143
-9.17493
-8.77839
-8.42118
-8.08589
-7.7454
-7.34553
-6.99654
-6.47652
-6.23905
-5.40404
-5.65988
-3.89616
-5.74163
-1.34949
-7.65207
15.5104
15.6114
15.7199
15.8311
15.9459
16.0644
16.1862
16.3114
16.4399
16.5715
16.7063
16.844
16.9845
17.1276
17.273
17.4204
17.5696
17.7198
17.8705
18.0212
18.1708
18.3183
18.4627
18.6027
18.7372
18.8646
18.9838
19.0935
19.1926
19.28
19.3549
19.4166
19.4645
19.4982
19.5175
19.522
19.5118
19.4865
19.4462
19.3906
19.3195
19.2327
19.1301
19.0112
18.8758
18.7236
18.5543
18.3675
18.1631
17.9408
17.7005
17.4421
17.1657
16.8715
16.5597
16.2311
15.8863
15.5262
15.1519
14.7646
14.3659
13.9573
13.5406
13.1175
12.6904
12.2605
11.8323
11.4649
11.144
10.8106
10.465
10.112
9.74577
9.41043
8.97179
8.87362
7.89901
9.24822
5.23892
13.108
13.333
13.2012
13.0623
12.9228
12.7795
12.6329
12.4845
12.3329
12.1745
12.0049
11.8196
11.6138
11.3829
11.1244
10.8388
10.5278
10.1941
9.8395
9.46473
9.06936
8.65272
8.21426
7.7537
7.27091
6.7659
6.2387
5.68948
5.11848
4.5262
3.91319
3.28028
2.6286
1.95955
1.27484
0.576758
-0.132131
-0.848678
-1.56943
-2.29035
-3.0072
-3.71536
-4.41007
-5.08638
-5.7393
-6.36397
-6.95561
-7.50971
-8.0221
-8.48905
-8.90731
-9.27426
-9.58779
-9.84657
-10.0498
-10.1975
-10.2901
-10.329
-10.3158
-10.2528
-10.1426
-9.98836
-9.79322
-9.56073
-9.29439
-8.99792
-8.67503
-8.32857
-8.01231
-7.71138
-7.40506
-7.03879
-6.72215
-6.23593
-6.02412
-5.23062
-5.48935
-3.8007
-5.58365
-1.35022
-7.46488
13.4361
13.5278
13.6253
13.7258
13.8302
13.9381
14.0496
14.1645
14.2828
14.4044
14.529
14.6566
14.7869
14.9197
15.0547
15.1917
15.3303
15.4702
15.6112
15.7529
15.8948
16.0367
16.1779
16.3181
16.4565
16.5926
16.7255
16.8545
16.9786
17.0967
17.208
17.3111
17.4052
17.4892
17.5621
17.6229
17.6709
17.7054
17.7255
17.7309
17.7209
17.6951
17.653
17.5942
17.5183
17.4249
17.3137
17.1843
17.0364
16.8698
16.6842
16.4797
16.2562
16.0138
15.7528
15.4738
15.1772
14.8639
14.5349
14.1913
13.8345
13.4659
13.0873
12.7004
12.3073
11.9095
11.5113
11.1679
10.867
10.5534
10.2273
9.8934
9.54601
9.22707
8.8095
8.71419
7.78537
9.0719
5.20842
12.8425
11.5773
11.4655
11.3471
11.2268
11.1019
10.9726
10.8407
10.7073
10.5716
10.4309
10.2816
10.1204
9.94324
9.74596
9.5261
9.28357
9.01974
8.73648
8.43533
8.11694
7.78081
7.42605
7.0518
6.65758
6.24299
5.80783
5.35202
4.87564
4.379
3.8626
3.32711
2.77354
2.20299
1.61687
1.01688
0.404972
-0.216637
-0.845332
-1.47826
-2.11215
-2.74354
-3.36864
-3.98342
-4.58368
-5.16507
-5.72329
-6.25402
-6.75317
-7.2168
-7.64141
-8.02378
-8.3612
-8.65153
-8.89313
-9.085
-9.22676
-9.31855
-9.36118
-9.35588
-9.30444
-9.20907
-9.0723
-8.89699
-8.68619
-8.44308
-8.17122
-7.87296
-7.59644
-7.3291
-7.05628
-6.7234
-6.43865
-5.9866
-5.80009
-5.04874
-5.31065
-3.6959
-5.42034
-1.33737
-7.27787
11.666
11.7458
11.8307
11.9189
12.0109
12.1066
12.2062
12.3095
12.4166
12.5276
12.6423
12.7607
12.8828
13.0083
13.1372
13.2691
13.4039
13.5413
13.6808
13.8222
13.9651
14.1089
14.2532
14.3975
14.5412
14.6839
14.8248
14.9634
15.0991
15.2311
15.3588
15.4813
15.5979
15.7075
15.8095
15.9027
15.9862
16.0591
16.1204
16.1692
16.2047
16.2259
16.2321
16.2227
16.1968
16.154
16.0936
16.0151
15.9182
15.8024
15.6674
15.513
15.3392
15.146
14.9334
14.702
14.452
14.1842
13.8995
13.5988
13.2833
12.9545
12.6139
12.2633
11.9045
11.5392
11.1715
10.8526
10.5722
10.2789
9.9729
9.65858
9.33073
9.02848
8.63317
8.53992
7.65897
8.88226
5.16165
12.5758
10.0971
10.0021
9.9013
9.79827
9.69045
9.57734
9.46028
9.34062
9.21923
9.09578
8.96843
8.83438
8.69075
8.53408
8.3607
8.16817
7.95612
7.72566
7.47843
7.21591
6.93894
6.64729
6.34018
6.01681
5.67663
5.31921
4.94424
4.55141
4.14063
3.71188
3.26536
2.80151
2.32094
1.8245
1.31339
0.788969
0.252972
-0.292657
-0.845606
-1.40335
-1.96305
-2.52166
-3.07587
-3.62208
-4.15666
-4.67577
-5.17554
-5.65213
-6.10177
-6.52085
-6.90606
-7.25428
-7.56296
-7.82982
-8.05319
-8.23184
-8.36517
-8.45303
-8.49587
-8.49459
-8.45062
-8.36574
-8.24214
-8.08229
-7.88883
-7.66507
-7.41273
-7.17443
-6.93973
-6.69954
-6.39965
-6.14622
-5.72853
-5.56691
-4.85817
-5.12338
-3.58177
-5.25048
-1.31324
-7.0884
10.1734
10.2432
10.3172
10.3945
10.4752
10.5594
10.6471
10.7385
10.8336
10.9324
11.035
11.1415
11.2517
11.3657
11.4834
11.6049
11.7299
11.8584
11.9901
12.125
12.2626
12.4027
12.545
12.6889
12.8342
12.9801
13.1262
13.2718
13.4163
13.5589
13.699
13.8358
13.9685
14.0963
14.2184
14.3339
14.4419
14.5415
14.6317
14.7117
14.7804
14.8369
14.8804
14.9098
14.9244
14.9233
14.9057
14.871
14.8185
14.7477
14.6581
14.5493
14.4212
14.2735
14.1063
13.9197
13.7141
13.4899
13.2479
12.9888
12.7138
12.4241
12.1211
11.8064
11.4821
11.1493
10.8124
10.5184
10.2587
9.98626
9.70089
9.40669
9.09903
8.81382
8.44182
8.35011
7.51893
8.67819
5.10069
12.3025
8.89178
8.81094
8.72508
8.63693
8.54429
8.44654
8.34427
8.23817
8.12915
8.01816
7.90537
7.78955
7.66846
7.5396
7.40002
7.24637
7.07612
6.88862
6.68464
6.46558
6.23283
5.98738
5.72921
5.45775
5.17227
4.87233
4.5576
4.22784
3.88283
3.52245
3.14663
2.75556
2.3494
1.92861
1.49379
1.0458
0.585687
0.114815
-0.365207
-0.852477
-1.34485
-1.83993
-2.33499
-2.82711
-3.31318
-3.78993
-4.25392
-4.70169
-5.1297
-5.53454
-5.91288
-6.26157
-6.57772
-6.85877
-7.10254
-7.3073
-7.47172
-7.595
-7.67682
-7.71736
-7.71727
-7.67765
-7.59999
-7.48619
-7.33828
-7.15923
-6.95016
-6.74824
-6.54492
-6.33621
-6.06862
-5.84569
-5.46226
-5.32492
-4.65911
-4.92744
-3.45861
-5.07325
-1.27933
-6.89424
8.9577
9.01886
9.08374
9.15152
9.22245
9.29656
9.37396
9.45471
9.53889
9.62657
9.71783
9.81269
9.91121
10.0134
10.1193
10.2288
10.3421
10.4589
10.5792
10.703
10.83
10.9602
11.0933
11.2291
11.3673
11.5075
11.6493
11.7923
11.9359
12.0797
12.2228
12.3647
12.5047
12.6418
12.7754
12.9045
13.0282
13.1457
13.2559
13.3578
13.4507
13.5333
13.6048
13.6642
13.7105
13.7428
13.7602
13.7619
13.747
13.7149
13.6649
13.5965
13.5093
13.4029
13.2772
13.1322
12.968
12.785
12.5834
12.3643
12.1282
11.8765
11.6102
11.331
11.0407
10.7404
10.4343
10.1653
9.92668
9.67525
9.41088
9.1372
8.85026
8.58241
8.23462
8.14415
7.36453
8.45882
5.02682
12.0197
7.88949
7.82034
7.74688
7.67126
7.59163
7.50735
7.41877
7.32612
7.2296
7.12994
7.02812
6.92466
6.81888
6.70901
6.59288
6.46805
6.3315
6.18066
6.01451
5.83356
5.63894
5.43192
5.2135
4.98389
4.74258
4.48893
4.22246
3.94292
3.65009
3.34383
3.024
2.69068
2.34389
1.98389
1.61103
1.22585
0.829014
0.421435
0.00420899
-0.421299
-0.853551
-1.2907
-1.73071
-2.17122
-2.60974
-3.04353
-3.46968
-3.88512
-4.28673
-4.67132
-5.03578
-5.377
-5.69208
-5.97827
-6.23317
-6.45462
-6.64087
-6.79057
-6.90283
-6.97718
-7.01363
-7.0126
-6.97495
-6.90202
-6.79521
-6.65711
-6.48822
-6.32047
-6.14697
-5.96827
-5.73194
-5.5384
-5.18879
-5.07492
-4.45204
-4.72319
-3.32674
-4.88872
-1.23602
-6.69531
7.94652
8.00005
8.05678
8.11615
8.17837
8.24348
8.3116
8.3828
8.45717
8.53479
8.61574
8.70009
8.7879
8.87923
8.9741
9.07257
9.17463
9.28026
9.38947
9.50218
9.61834
9.73784
9.86056
9.98633
10.115
10.2462
10.3798
10.5154
10.6527
10.7912
10.9305
11.07
11.2092
11.3474
11.4838
11.6177
11.7484
11.8749
11.9962
12.1115
12.2199
12.3201
12.4113
12.4925
12.5625
12.6205
12.6654
12.6963
12.7122
12.7124
12.696
12.6623
12.6109
12.5411
12.4527
12.3453
12.2191
12.074
11.9104
11.7288
11.5298
11.3144
11.0837
10.8389
10.5818
10.3135
10.0379
9.79389
9.57627
9.34597
9.10276
8.84984
8.58397
8.33376
8.01084
7.92153
7.19499
8.22376
4.94002
11.7259
7.03492
6.97554
6.91247
6.84746
6.77896
6.70631
6.62972
6.54932
6.46508
6.37705
6.28575
6.19207
6.09675
5.99959
5.89929
5.79396
5.68157
5.55949
5.42516
5.27728
5.11603
4.94235
4.7574
4.56218
4.3571
4.14176
3.91555
3.67798
3.42882
3.16786
2.89495
2.61002
2.31304
2.00406
1.6833
1.35105
1.00779
0.654096
0.29078
-0.0812081
-0.46069
-0.846339
-1.23655
-1.62953
-2.02326
-2.41553
-2.8039
-3.1858
-3.55851
-3.91922
-4.26504
-4.59312
-4.90063
-5.18486
-5.44326
-5.67352
-5.87358
-6.04174
-6.17665
-6.27736
-6.3433
-6.37437
-6.37082
-6.33345
-6.26308
-6.16188
-6.02976
-5.89369
-5.74813
-5.59769
-5.39128
-5.22574
-4.9092
-4.81775
-4.23751
-4.51104
-3.18647
-4.69702
-1.1843
-6.49174
7.08429
7.13107
7.1806
7.23253
7.28701
7.34413
7.40396
7.4666
7.53212
7.60064
7.67222
7.74695
7.8249
7.90616
7.99077
8.07879
8.17027
8.26523
8.36369
8.46565
8.57109
8.67996
8.79218
8.90768
9.02632
9.14793
9.27231
9.39925
9.52846
9.65963
9.79236
9.92626
10.0609
10.1957
10.33
10.4634
10.595
10.7242
10.85
10.9717
11.0884
11.199
11.3027
11.3983
11.4849
11.5615
11.6269
11.6802
11.7204
11.7466
11.7578
11.7533
11.7322
11.694
11.6382
11.5643
11.4722
11.3617
11.2329
11.0861
10.9218
10.7407
10.5437
10.3321
10.1071
9.8699
9.62418
9.40473
9.20791
8.99862
8.77655
8.54443
8.29979
8.06741
7.76981
7.68176
7.00953
7.97261
4.84037
11.4194
6.30124
6.25011
6.19578
6.13973
6.08066
6.01799
5.95175
5.882
5.80871
5.73184
5.65137
5.56756
5.48115
5.39297
5.3032
5.21099
5.11482
5.01291
4.90299
4.7826
4.6502
4.50569
4.34979
4.18355
4.00799
3.82365
3.6303
3.42737
3.2144
2.99114
2.7574
2.5131
2.2581
1.99239
1.71602
1.42915
1.13201
0.825011
0.508668
0.183674
-0.149152
-0.488789
-0.834046
-1.1835
-1.53558
-1.8885
-2.24028
-2.58875
-2.93163
-3.26645
-3.59068
-3.90171
-4.19693
-4.47372
-4.72961
-4.96219
-5.16931
-5.34902
-5.49968
-5.61994
-5.70885
-5.76582
-5.79061
-5.78353
-5.74484
-5.67634
-5.57734
-5.47018
-5.3505
-5.22632
-5.0482
-4.90904
-4.62452
-4.55425
-4.01607
-4.29131
-3.03818
-4.49799
-1.12516
-6.28235
6.34405
6.38491
6.42815
6.47353
6.5212
6.57122
6.62369
6.67867
6.73629
6.7966
6.8597
6.92567
6.99461
7.06659
7.14167
7.21993
7.30144
7.38624
7.47438
7.56588
7.66075
7.75901
7.86063
7.96556
8.07373
8.18507
8.29943
8.41666
8.53657
8.65893
8.78343
8.90977
9.03759
9.16647
9.29592
9.42543
9.55441
9.68221
9.80815
9.93148
10.0514
10.167
10.2774
10.3817
10.4788
10.5678
10.6477
10.7174
10.7759
10.8221
10.8552
10.8742
10.8783
10.8667
10.8388
10.7939
10.7317
10.652
10.5545
10.4395
10.3072
10.158
9.99275
9.81234
9.61803
9.41077
9.194
8.9985
8.82207
8.63345
8.43226
8.22084
7.99738
7.78294
7.51086
7.42434
6.8074
7.70455
4.72833
11.0969
5.66566
5.62153
5.57462
5.52617
5.47512
5.42094
5.36366
5.3032
5.23948
5.17246
5.10215
5.02848
4.95151
4.87172
4.78996
4.7067
4.62155
4.53328
4.44037
4.34089
4.23252
4.11353
3.98351
3.84297
3.69287
3.53421
3.36766
3.19314
3.01018
2.81829
2.61724
2.40689
2.18713
1.95785
1.71906
1.47076
1.21312
0.946326
0.670751
0.386824
0.0951569
-0.203549
-0.508374
-0.818263
-1.13197
-1.4481
-1.76503
-2.08101
-2.39409
-2.70221
-3.00315
-3.29461
-3.57421
-3.83954
-4.08824
-4.31799
-4.52657
-4.71196
-4.87234
-5.00612
-5.11203
-5.18912
-5.23674
-5.25481
-5.24308
-5.203
-5.13334
-5.05218
-4.95606
-4.85597
-4.70429
-4.58965
-4.33585
-4.28525
-3.78854
-4.06423
-2.88277
-4.29096
-1.06048
-6.06517
5.70282
5.7385
5.77624
5.8159
5.85759
5.90137
5.94734
5.99558
6.04617
6.09919
6.15473
6.21288
6.27371
6.33732
6.40376
6.47314
6.54551
6.62094
6.69948
6.78119
6.8661
6.95424
7.04561
7.14022
7.23805
7.33904
7.44312
7.55019
7.66014
7.7728
7.88795
8.00537
8.1248
8.2459
8.36829
8.49155
8.61522
8.73873
8.86152
8.98294
9.10228
9.21876
9.33158
9.43988
9.54276
9.63924
9.72839
9.80918
9.88062
9.9417
9.99141
10.0288
10.053
10.0631
10.0583
10.038
10.0016
9.94864
9.87891
9.7923
9.68887
9.56893
9.43295
9.28175
9.11629
8.93746
8.74834
8.57594
8.41924
8.25078
8.07005
7.87898
7.67648
7.47996
7.2334
7.1488
6.58808
7.41843
4.60526
10.7531
5.11031
5.0721
5.03146
4.98944
4.94515
4.89816
4.84846
4.79599
4.74058
4.68215
4.62066
4.55613
4.48848
4.41762
4.34382
4.26779
4.19019
4.11103
4.02939
3.94396
3.85311
3.75484
3.64734
3.52998
3.40303
3.26732
3.12378
2.97315
2.81543
2.65016
2.47684
2.29529
2.10537
1.90704
1.70022
1.48488
1.26105
1.02886
0.788513
0.540329
0.284695
0.0221441
-0.24668
-0.520944
-0.799727
-1.08191
-1.36623
-1.65123
-1.93534
-2.21681
-2.49376
-2.76418
-3.02598
-3.27698
-3.515
-3.73784
-3.94338
-4.12956
-4.29451
-4.43649
-4.55403
-4.64594
-4.71123
-4.74953
-4.76015
-4.74416
-4.69999
-4.64177
-4.56681
-4.48843
-4.36115
-4.26896
-4.04438
-4.01159
-3.55584
-3.82977
-2.72157
-4.07483
-0.992274
-5.83661
5.14262
5.17378
5.20673
5.24139
5.27785
5.31618
5.35645
5.39874
5.44313
5.4897
5.53853
5.5897
5.64329
5.69938
5.75805
5.81938
5.88345
5.95032
6.02006
6.09273
6.16839
6.24707
6.32881
6.41362
6.50153
6.5925
6.68652
6.78353
6.88345
6.98618
7.09157
7.19946
7.30965
7.4219
7.53591
7.65135
7.76785
7.88497
8.00222
8.11908
8.23492
8.34911
8.46091
8.56958
8.67427
8.77416
8.86829
8.95577
9.03559
9.10681
9.16843
9.21948
9.25903
9.28615
9.30003
9.29989
9.28505
9.25496
9.20919
9.14747
9.06972
8.97599
8.86668
8.74226
8.60359
8.45134
8.28836
8.13789
8.00008
7.85103
7.69009
7.51888
7.33688
7.15817
6.93684
6.85451
6.35128
7.1119
4.47383
10.3813
4.61584
4.58272
4.54746
4.51097
4.47251
4.4317
4.38854
4.34296
4.29483
4.244
4.19039
4.13393
4.07465
4.01247
3.94726
3.87902
3.8083
3.73589
3.66211
3.58642
3.50771
3.42455
3.33506
3.23738
3.13081
3.01572
2.89287
2.76302
2.62687
2.48445
2.33527
2.17876
2.01471
1.84306
1.66381
1.47692
1.28237
1.08018
0.870503
0.653515
0.429517
0.198861
-0.0379507
-0.280321
-0.527513
-0.778684
-1.03281
-1.28875
-1.54519
-1.80072
-2.05373
-2.30251
-2.54526
-2.78002
-3.00485
-3.21775
-3.4167
-3.59972
-3.76491
-3.91055
-4.03504
-4.13701
-4.21527
-4.26918
-4.29775
-4.3017
-4.27914
-4.24076
-4.18448
-4.12533
-4.02027
-3.9481
-3.75152
-3.73358
-3.31965
-3.58705
-2.55753
-3.8456
-0.925352
-5.5906
4.64396
4.6712
4.70002
4.73035
4.76228
4.79587
4.83118
4.86829
4.90728
4.94822
4.99118
5.03624
5.08347
5.13296
5.18477
5.23898
5.29568
5.35492
5.41679
5.48133
5.54863
5.6187
5.69163
5.76743
5.84612
5.92773
6.01226
6.09966
6.18993
6.28298
6.37872
6.47703
6.57779
6.6808
6.78584
6.89267
7.00099
7.11044
7.22066
7.33118
7.44152
7.55111
7.65936
7.76558
7.86908
7.96907
8.06473
8.15521
8.2396
8.31698
8.38642
8.44695
8.49765
8.53761
8.56596
8.58182
8.58452
8.57336
8.54775
8.50739
8.45197
8.38139
8.29582
8.19564
8.08139
7.95367
7.81496
7.68516
7.56522
7.43459
7.29258
7.14051
6.9784
6.81722
6.62075
6.54043
6.09776
6.78059
4.34137
9.9692
4.1857
4.15708
4.12658
4.09498
4.06168
4.02635
3.98897
3.9495
3.90781
3.8638
3.81738
3.7685
3.71708
3.66296
3.60551
3.54355
3.47562
3.40111
3.32094
3.23737
3.15299
3.07029
2.99137
2.91657
2.84302
2.76538
2.67785
2.5764
2.46059
2.33368
2.19993
2.06169
1.91873
1.76983
1.61404
1.45115
1.28129
1.10465
0.921318
0.731407
0.535044
0.332475
0.124037
-0.0897945
-0.308509
-0.531413
-0.757743
-0.986584
-1.21686
-1.44745
-1.67701
-1.90406
-2.12707
-2.3444
-2.55428
-2.75491
-2.94445
-3.12106
-3.2829
-3.4283
-3.5556
-3.66337
-3.75028
-3.81545
-3.85772
-3.87756
-3.87279
-3.85106
-3.81098
-3.76828
-3.68347
-3.6281
-3.45909
-3.45112
-3.08249
-3.33383
-2.39476
-3.59932
-0.866962
-5.32073
4.21005
4.23368
4.2587
4.28504
4.31279
4.342
4.37274
4.40506
4.43905
4.47476
4.51227
4.55164
4.59294
4.63626
4.68165
4.72918
4.77895
4.83101
4.88544
4.9423
5.00165
5.06356
5.12808
5.19525
5.26512
5.33771
5.41303
5.49107
5.57186
5.65538
5.74151
5.83022
5.92138
6.01491
6.11062
6.20829
6.30771
6.40866
6.51078
6.61373
6.71709
6.82039
6.92313
7.02477
7.12465
7.22213
7.31646
7.40688
7.49258
7.57269
7.64636
7.7127
7.77072
7.8196
7.85847
7.88642
7.9027
7.90663
7.89748
7.87483
7.83832
7.78761
7.72274
7.64392
7.55154
7.44597
7.32944
7.2187
7.11539
7.002
6.87783
6.74399
6.60084
6.45668
6.2848
6.20483
5.82945
6.41808
4.21745
9.50739
3.66355
3.63984
3.61449
3.58816
3.5604
3.53096
3.4998
3.46687
3.43208
3.39533
3.35649
3.31541
3.27198
3.22609
3.17777
3.12724
3.07468
3.02009
2.96323
2.90412
2.84309
2.78037
2.71548
2.64759
2.57593
2.49958
2.41751
2.32921
2.2347
2.13381
2.02628
1.91247
1.79298
1.66821
1.538
1.4021
1.26028
1.11248
0.958671
0.798953
0.633399
0.462158
0.285408
0.103458
-0.083371
-0.274579
-0.469636
-0.667876
-0.868512
-1.07066
-1.27331
-1.47528
-1.67534
-1.87213
-2.06417
-2.24986
-2.4276
-2.59571
-2.75251
-2.89633
-3.02554
-3.13864
-3.2342
-3.31112
-3.36807
-3.40504
-3.42004
-3.41644
-3.39516
-3.36982
-3.30996
-3.27028
-3.13827
-3.13308
-2.82905
-3.04453
-2.23211
-3.31514
-0.827148
-5.01891
3.68381
3.70352
3.72438
3.74639
3.76961
3.79407
3.81983
3.84698
3.87554
3.9056
3.93722
3.97043
4.00532
4.04197
4.0804
4.12069
4.16294
4.2072
4.25352
4.30198
4.35263
4.40558
4.46084
4.51846
4.57851
4.64103
4.70605
4.77358
4.84366
4.91631
4.99147
5.0691
5.14917
5.23167
5.31641
5.40327
5.49212
5.58283
5.67512
5.76873
5.86336
5.95862
6.05419
6.14962
6.24435
6.3379
6.42961
6.51882
6.60487
6.68698
6.76437
6.83627
6.90171
6.9599
7.01004
7.05122
7.08258
7.10345
7.11301
7.11073
7.09607
7.06862
7.02819
6.97478
6.90852
6.82973
6.74004
6.65259
6.56973
6.47761
6.37562
6.26457
6.14529
6.02266
5.88313
5.8017
5.52063
5.97405
4.10659
8.94182
3.12565
3.1072
3.08744
3.06687
3.04517
3.02215
2.99778
2.97202
2.9448
2.91603
2.88562
2.85344
2.8195
2.78385
2.74671
2.70862
2.67018
2.6319
2.59361
2.55416
2.51165
2.46433
2.41114
2.35192
2.28708
2.21772
2.14534
2.0709
1.99435
1.91477
1.83078
1.74124
1.64586
1.54525
1.44006
1.33042
1.21604
1.09665
0.972094
0.842373
0.707488
0.567542
0.422582
0.272769
0.118291
-0.0405806
-0.203483
-0.37
-0.539599
-0.711642
-0.885406
-1.06008
-1.23466
-1.4081
-1.57925
-1.74679
-1.90936
-2.06552
-2.21376
-2.35255
-2.48033
-2.59562
-2.69696
-2.7831
-2.85254
-2.90499
-2.93834
-2.95268
-2.94917
-2.94262
-2.90547
-2.88695
-2.7844
-2.79835
-2.536
-2.75788
-2.0138
-3.06854
-0.709683
-4.82607
3.14151
3.15701
3.17343
3.19079
3.20912
3.22845
3.24886
3.27039
3.29307
3.31699
3.34219
3.3687
3.3966
3.42596
3.45681
3.4892
3.52324
3.55895
3.59643
3.6357
3.67684
3.71995
3.76505
3.81218
3.86142
3.91284
3.96648
4.02238
4.08055
4.14105
4.20389
4.26905
4.33656
4.40641
4.4785
4.55278
4.62919
4.70764
4.78795
4.86998
4.95351
5.03832
5.12414
5.21061
5.29741
5.38412
5.47024
5.55522
5.63857
5.71963
5.79772
5.8722
5.94222
6.00706
6.06595
6.11807
6.16255
6.19869
6.22564
6.24276
6.24944
6.24517
6.22956
6.20236
6.16351
6.11315
6.05255
5.99058
5.9303
5.86198
5.785
5.69999
5.60797
5.51206
5.40629
5.33898
5.13027
5.53324
3.84247
8.57675
2.67038
2.65582
2.64021
2.62393
2.60675
2.5885
2.56916
2.5487
2.52708
2.50421
2.48002
2.45444
2.42741
2.39885
2.36865
2.33679
2.30317
2.26778
2.23067
2.19181
2.15105
2.10796
2.06226
2.01416
1.96431
1.91335
1.86121
1.80724
1.7505
1.68984
1.62443
1.55398
1.4785
1.39814
1.31323
1.22424
1.13138
1.03454
0.933466
0.827989
0.718035
0.603652
0.484859
0.361751
0.234419
0.103016
-0.0322346
-0.171066
-0.313111
-0.45794
-0.60503
-0.753796
-0.903504
-1.05335
-1.20244
-1.34974
-1.49415
-1.63448
-1.76946
-1.89775
-2.01796
-2.12876
-2.22872
-2.31662
-2.39099
-2.45136
-2.49556
-2.52161
-2.53046
-2.53749
-2.51753
-2.51568
-2.43679
-2.46781
-2.23941
-2.47201
-1.78236
-2.82789
-0.569232
-4.64469
2.68296
2.6953
2.70839
2.72224
2.73688
2.75237
2.76873
2.78598
2.80421
2.82344
2.84371
2.86506
2.88758
2.91129
2.93622
2.96246
2.99004
3.01902
3.04948
3.08144
3.11493
3.15007
3.1869
3.22545
3.26581
3.30799
3.35207
3.39811
3.44612
3.49615
3.54824
3.60239
3.65866
3.71704
3.77748
3.83999
3.90453
3.97102
4.0394
4.10959
4.18143
4.25478
4.32945
4.4052
4.48181
4.55898
4.6363
4.71341
4.78987
4.86523
4.93887
5.01029
5.07883
5.14381
5.2046
5.26043
5.31055
5.35429
5.39084
5.41957
5.43985
5.45107
5.45277
5.44462
5.42634
5.398
5.36053
5.31939
5.27787
5.2297
5.17429
5.1122
5.04449
4.97337
4.89829
4.84745
4.70333
5.07924
3.53461
8.21877
2.2535
2.24205
2.22974
2.21685
2.20323
2.18875
2.17339
2.15711
2.1399
2.12169
2.10241
2.08201
2.06044
2.03763
2.0135
1.98802
1.96109
1.93268
1.90273
1.87124
1.83825
1.80375
1.76756
1.72932
1.68874
1.64611
1.60206
1.55701
1.51079
1.46273
1.41197
1.35765
1.29915
1.23629
1.16906
1.09762
1.0224
0.943792
0.861895
0.77652
0.687439
0.594555
0.497853
0.397395
0.293243
0.185488
0.0742579
-0.0402816
-0.157885
-0.278268
-0.401042
-0.525807
-0.652019
-0.779068
-0.906291
-1.03288
-1.15796
-1.28059
-1.39974
-1.51429
-1.62305
-1.72485
-1.81844
-1.90271
-1.97625
-2.03859
-2.08759
-2.12007
-2.13669
-2.15259
-2.14512
-2.15526
-2.09571
-2.1393
-1.94201
-2.18023
-1.54587
-2.57392
-0.424726
-4.42647
2.26342
2.27316
2.28354
2.29452
2.30617
2.31851
2.33157
2.34536
2.35994
2.37536
2.39162
2.40879
2.42691
2.44601
2.46613
2.48734
2.50965
2.53313
2.55783
2.58377
2.61102
2.63963
2.66965
2.70113
2.73413
2.76866
2.8048
2.8426
2.88208
2.92329
2.96629
3.01108
3.05771
3.10618
3.15648
3.20864
3.26263
3.31842
3.37597
3.43524
3.49612
3.55854
3.62234
3.68739
3.75352
3.82053
3.88811
3.95598
4.02382
4.09129
4.15789
4.22323
4.2868
4.34802
4.40637
4.46123
4.5119
4.55784
4.59834
4.63277
4.66057
4.68113
4.69398
4.69877
4.69513
4.68302
4.66316
4.63837
4.61192
4.58028
4.5429
4.50037
4.45372
4.4049
4.35719
4.32285
4.23887
4.58865
3.20147
7.76664
1.86498
1.85621
1.84674
1.83677
1.82622
1.81499
1.80307
1.79042
1.77703
1.76284
1.7478
1.73188
1.71502
1.69718
1.6783
1.65835
1.63725
1.61495
1.5914
1.56655
1.54037
1.51288
1.4841
1.45398
1.42224
1.38853
1.35269
1.31507
1.27636
1.23688
1.19638
1.15423
1.10962
1.06181
1.01033
0.955029
0.895971
0.833468
0.767985
0.699792
0.628818
0.554854
0.477727
0.397398
0.313891
0.227273
0.13762
0.045027
-0.0503588
-0.148342
-0.248668
-0.351039
-0.455079
-0.560336
-0.666308
-0.772393
-0.877914
-0.982134
-1.08422
-1.18328
-1.27831
-1.36837
-1.45236
-1.52932
-1.598
-1.65797
-1.70719
-1.74201
-1.76271
-1.78368
-1.78465
-1.80284
-1.7585
-1.81085
-1.64071
-1.88094
-1.2991
-2.30421
-0.267994
-4.17256
1.87258
1.88005
1.88803
1.89651
1.90551
1.91506
1.92519
1.9359
1.94724
1.95926
1.97197
1.98541
1.9996
2.01458
2.0304
2.0471
2.06469
2.08322
2.10274
2.12329
2.14493
2.16766
2.19155
2.21664
2.24299
2.27062
2.29956
2.32989
2.36164
2.39485
2.42955
2.46577
2.50357
2.54295
2.5839
2.62648
2.67067
2.71647
2.76385
2.81279
2.86322
2.91512
2.96838
3.02291
3.07858
3.13524
3.19273
3.25081
3.30921
3.3677
3.42592
3.48354
3.54018
3.59535
3.64865
3.69958
3.74757
3.79214
3.8327
3.86872
3.89967
3.92504
3.94436
3.95729
3.96349
3.96286
3.9559
3.94354
3.92885
3.91035
3.8876
3.86125
3.83224
3.80264
3.77816
3.75903
3.72775
4.05089
2.81926
7.22957
1.50933
1.50283
1.49577
1.48828
1.48033
1.47187
1.46286
1.45328
1.44311
1.43232
1.42086
1.40871
1.39584
1.38218
1.36772
1.35243
1.33623
1.31908
1.30093
1.28176
1.2615
1.24012
1.21764
1.19406
1.16938
1.14352
1.11616
1.08693
1.05581
1.02326
0.989925
0.956
0.921153
0.884804
0.84622
0.80476
0.760079
0.712103
0.661047
0.607345
0.551389
0.493273
0.432837
0.369911
0.304424
0.236398
0.165899
0.0929809
0.0177193
-0.0597694
-0.139341
-0.220774
-0.30383
-0.388185
-0.473481
-0.559287
-0.645093
-0.730342
-0.814404
-0.896581
-0.976103
-1.05217
-1.12392
-1.19056
-1.25101
-1.30494
-1.35053
-1.38416
-1.4057
-1.42832
-1.43404
-1.45668
-1.42347
-1.48105
-1.33357
-1.5728
-1.03765
-2.01635
-0.0898219
-3.8789
1.51494
1.52043
1.52632
1.5326
1.5393
1.54642
1.554
1.56202
1.57055
1.57959
1.58917
1.59931
1.61004
1.62138
1.63339
1.64606
1.65944
1.67354
1.68842
1.7041
1.72061
1.738
1.75629
1.77552
1.79575
1.81698
1.83925
1.86262
1.88712
1.91279
1.93965
1.96773
1.99708
2.02773
2.05966
2.09293
2.12754
2.1635
2.2008
2.23944
2.27937
2.3206
2.36307
2.4067
2.45143
2.49716
2.54379
2.59113
2.63903
2.6873
2.73565
2.78386
2.83166
2.87864
2.92449
2.96885
3.01126
3.0513
3.08852
3.1225
3.15278
3.17892
3.20054
3.21734
3.229
3.23545
3.23701
3.23337
3.22716
3.21836
3.20667
3.19279
3.17758
3.16349
3.15719
3.15042
3.16263
3.45824
2.36931
6.60627
1.12937
1.12489
1.11996
1.11467
1.10904
1.10303
1.09661
1.08977
1.08248
1.07472
1.06647
1.05771
1.0484
1.03853
1.02806
1.01697
1.00521
0.992756
0.979566
0.965609
0.950834
0.935217
0.918737
0.901382
0.883179
0.864146
0.844268
0.823381
0.80114
0.777235
0.751805
0.725443
0.698702
0.671697
0.644131
0.615484
0.585162
0.552645
0.517638
0.480121
0.440371
0.398761
0.355436
0.310212
0.262826
0.213159
0.161251
0.107214
0.0511682
-0.00679028
-0.0665521
-0.127969
-0.190851
-0.254965
-0.32004
-0.385757
-0.451744
-0.517582
-0.582807
-0.646911
-0.70931
-0.769408
-0.82654
-0.880129
-0.929293
-0.973833
-1.01219
-1.04134
-1.06065
-1.08174
-1.08874
-1.11227
-1.08625
-1.14542
-1.01599
-1.25046
-0.756753
-1.70036
0.112689
-3.50299
1.13323
1.13701
1.14111
1.14552
1.15025
1.15532
1.16074
1.16652
1.17269
1.17925
1.18623
1.19365
1.20154
1.20991
1.21879
1.2282
1.23815
1.24868
1.25982
1.27158
1.28399
1.29708
1.31091
1.32545
1.34078
1.35691
1.37386
1.39167
1.41038
1.43
1.45056
1.47208
1.4946
1.51812
1.54266
1.56826
1.59491
1.62261
1.65136
1.68118
1.71201
1.74387
1.7767
1.81046
1.84513
1.88061
1.91685
1.95374
1.99116
2.02896
2.06696
2.10502
2.14291
2.18039
2.21721
2.25309
2.28772
2.32081
2.35198
2.38097
2.40737
2.43087
2.45124
2.46814
2.48136
2.49087
2.49688
2.49837
2.4976
2.49525
2.49117
2.48606
2.48051
2.47723
2.48255
2.48201
2.52492
2.79028
1.81973
5.8357
0.837332
0.834694
0.831713
0.828438
0.824912
0.821118
0.81703
0.812637
0.807919
0.802847
0.797434
0.791648
0.785461
0.778866
0.771845
0.764352
0.756374
0.747894
0.738878
0.729288
0.719107
0.708302
0.696839
0.684694
0.671869
0.65836
0.644198
0.629409
0.613915
0.597449
0.57962
0.560257
0.539711
0.518624
0.497351
0.475685
0.453059
0.428789
0.402408
0.373818
0.343229
0.311007
0.277651
0.243557
0.208788
0.173122
0.136297
0.0981957
0.0588353
0.0182809
-0.0233959
-0.0661273
-0.109823
-0.154367
-0.199602
-0.245351
-0.291378
-0.337419
-0.383169
-0.428301
-0.472415
-0.515112
-0.555931
-0.594499
-0.630151
-0.662836
-0.691291
-0.713545
-0.728255
-0.745258
-0.750569
-0.772081
-0.749612
-0.807386
-0.691088
-0.917323
-0.459475
-1.35252
0.332081
-2.99471
0.839491
0.841545
0.843834
0.846327
0.849035
0.851967
0.855124
0.858526
0.862186
0.866103
0.870283
0.874744
0.879509
0.884591
0.889994
0.895726
0.901809
0.908272
0.915107
0.922332
0.929959
0.938024
0.946549
0.955533
0.964997
0.974977
0.985489
0.996552
1.00819
1.02043
1.03327
1.04676
1.06091
1.07573
1.09124
1.10749
1.12447
1.14219
1.16065
1.17988
1.19986
1.22058
1.24204
1.26424
1.28713
1.31069
1.33486
1.3596
1.38483
1.41045
1.43635
1.46243
1.48851
1.51447
1.54013
1.56527
1.58969
1.61321
1.63557
1.65658
1.67599
1.69356
1.70917
1.72257
1.73363
1.74239
1.74897
1.75248
1.75395
1.75442
1.75392
1.75315
1.75254
1.75531
1.7668
1.76747
1.82695
2.05982
1.18292
4.85053
0.333155
0.331779
0.330082
0.328088
0.325897
0.323506
0.320896
0.318038
0.314928
0.311546
0.307896
0.303952
0.299696
0.295108
0.290185
0.284886
0.27919
0.273076
0.266514
0.259468
0.251907
0.243792
0.235073
0.2257
0.215617
0.204767
0.19307
0.180423
0.166623
0.151457
0.134773
0.116747
0.0984273
0.0823694
0.072492
0.072787
0.0853914
0.109284
0.139945
0.170113
0.192097
0.200826
0.195686
0.179976
0.158485
0.134992
0.111217
0.0873312
0.0629833
0.0379696
0.012354
-0.0136888
-0.0400082
-0.0664945
-0.0930476
-0.119571
-0.145949
-0.172056
-0.197753
-0.222899
-0.247313
-0.270823
-0.293213
-0.314341
-0.333805
-0.351742
-0.367188
-0.379603
-0.387197
-0.397518
-0.398423
-0.414982
-0.393385
-0.445102
-0.342637
-0.544233
-0.148902
-0.903811
0.48731
-2.09527
0.334278
0.335413
0.336743
0.338251
0.339948
0.341838
0.343915
0.346211
0.348731
0.351474
0.354439
0.357648
0.361117
0.364855
0.36886
0.37315
0.377738
0.382647
0.387857
0.393389
0.399263
0.405486
0.412061
0.418998
0.42631
0.434008
0.442103
0.450598
0.459497
0.46882
0.478552
0.488708
0.499274
0.510251
0.521633
0.533427
0.545621
0.558188
0.571133
0.584437
0.598063
0.612005
0.626252
0.640778
0.655546
0.67055
0.685741
0.701092
0.716566
0.732105
0.747678
0.763204
0.778631
0.793878
0.808885
0.823554
0.837795
0.851554
0.864688
0.877099
0.888656
0.899258
0.908839
0.917233
0.9244
0.930368
0.935278
0.938165
0.94027
0.942335
0.944431
0.946761
0.948634
0.951838
0.959173
0.945284
0.984909
1.17545
0.391478
3.32365
0.327601
0.329013
0.33033
0.331476
0.33256
0.333625
0.334658
0.33564
0.336578
0.33748
0.338356
0.339201
0.34002
0.340814
0.341602
0.342383
0.343173
0.343978
0.344823
0.345721
0.34671
0.347804
0.349058
0.350478
0.352081
0.353828
0.35573
0.35796
0.361176
0.366724
0.37671
0.393115
0.416163
0.442274
0.46325
0.467877
0.445834
0.392237
0.310883
0.214568
0.121397
0.0478732
0.00222964
-0.0178183
-0.0215401
-0.0189336
-0.0162394
-0.0153681
-0.0158688
-0.0169683
-0.0184019
-0.020302
-0.0228466
-0.0261045
-0.0300468
-0.034611
-0.0397261
-0.0453025
-0.0512411
-0.0574331
-0.063765
-0.0701288
-0.0763993
-0.0825357
-0.0883187
-0.0939958
-0.0989986
-0.104029
-0.10602
-0.110468
-0.108403
-0.118745
-0.102084
-0.13846
-0.0692159
-0.200744
0.0435838
-0.387897
0.395937
-0.905172
0.326133
0.324653
0.323216
0.321802
0.320415
0.319052
0.317699
0.316361
0.315038
0.31372
0.312407
0.311093
0.309785
0.308474
0.307161
0.305839
0.304511
0.303176
0.301821
0.300446
0.299057
0.297637
0.29619
0.294714
0.293214
0.291686
0.290144
0.28858
0.287008
0.285433
0.283866
0.282309
0.280772
0.279266
0.27781
0.276406
0.275074
0.273818
0.272671
0.271627
0.2707
0.269897
0.269243
0.26873
0.268378
0.268193
0.268178
0.268337
0.268672
0.269186
0.269877
0.270712
0.271675
0.272715
0.273798
0.274861
0.275866
0.2768
0.277603
0.278268
0.278786
0.279167
0.279431
0.279579
0.279707
0.2798
0.280054
0.281577
0.280871
0.27887
0.275776
0.272368
0.269532
0.27116
0.281901
0.285269
0.320131
0.422204
0.0105174
1.38965
)
;

boundaryField
{
    inlet
    {
        type            freestreamPressure;
        freestreamValue uniform 0;
        supersonic      0;
        value           nonuniform List<scalar> 
134
(
0.686687
-0.0314343
-0.777629
-1.42081
-1.88053
-2.15438
-2.18831
-1.97861
-1.52992
-0.71409
-0.131614
-0.21239
-0.354525
-0.488327
-0.623556
-0.765111
-0.914315
-1.07196
-1.24031
-1.42339
1.39059
-1.62675
-1.85322
-2.09233
-2.31712
-2.47958
-2.55838
-2.69759
-2.70087
-2.75378
-3.2872
-3.02264
-3.03386
-3.09246
-3.13602
-3.15764
-3.17851
-3.23256
-3.36836
-3.53286
2.05605
2.74441
3.33262
3.66376
3.62351
3.01362
1.62924
-3.89568
-3.81143
-3.67918
-3.59332
-3.52972
-3.45847
-3.37814
-3.2958
-3.21354
-3.13019
-3.04474
-2.95718
-2.86754
-2.7753
-2.67958
-2.57879
-2.47024
-2.35112
-2.21779
-2.13259
-2.0524
-1.95587
-1.84351
-1.71351
-1.54712
-1.32221
-0.924746
-0.399259
0.564201
1.24892
2.00872
2.76034
3.49153
4.18498
4.77386
5.22458
5.5477
5.7537
5.87022
5.92815
5.95445
5.97094
6.00951
6.12114
6.3255
6.54801
6.73084
6.881
7.01115
7.12365
7.21452
7.28175
7.32656
7.35289
7.37
7.39677
7.48097
7.695
8.15821
8.35462
8.15911
7.93359
7.78887
7.67022
7.53537
7.38777
7.23824
7.08801
6.93409
6.7748
6.60934
6.43676
6.25514
6.0616
5.85236
5.62038
5.36042
5.04196
4.83667
4.63551
4.38137
4.0794
3.72881
3.2951
2.74008
1.87845
0.78603
)
;
    }
    outlet
    {
        type            freestreamPressure;
        freestreamValue uniform 0;
        supersonic      0;
        value           nonuniform List<scalar> 
160
(
0.000963194
0.000959027
0.000967172
0.000954826
0.000970878
0.000950754
0.000974088
0.000946749
0.000977109
0.000942825
0.000980062
0.000938971
0.000982909
0.000935151
0.000985597
0.000931377
0.000988146
0.00092765
0.000990577
0.000923945
0.00099292
0.00092026
0.000995156
0.000916579
0.000997305
0.000912922
0.000999364
0.000909265
0.00100139
0.00090561
0.00100338
0.000901942
0.00100537
0.000898265
0.00100739
0.000894579
0.00100951
0.000890849
0.00101175
0.000887074
0.00101424
0.000883271
0.00101701
0.000879398
0.00102022
0.000875459
0.00102391
0.000871455
0.00102814
0.000867403
0.00103281
0.000863288
0.00103788
0.000859153
0.00104372
0.000854982
0.00105199
0.00085081
0.00106633
0.000846663
0.00109271
0.000842566
0.00113704
0.000838534
0.00120061
0.000834599
0.00127428
0.000830793
0.0013358
0.000827178
0.00135348
0.00082376
0.00129618
0.000820608
0.00114653
0.000817735
0.000912472
0.000815244
0.000630764
0.000813126
0.00035644
0.000811423
0.000140118
0.000810166
6.5105e-06
0.000809438
-5.1752e-05
0.000809227
-6.24152e-05
0.000809594
-5.47943e-05
0.000810576
-4.69777e-05
0.000812191
-4.44564e-05
0.000814462
-4.59098e-05
0.000817414
-4.90967e-05
0.000821068
-5.32531e-05
0.000825438
-5.87642e-05
0.000830443
-6.61496e-05
0.000836052
-7.56131e-05
0.000842136
-8.70777e-05
0.000848601
-0.00010037
0.000855285
-0.000115297
0.000862084
-0.000131609
0.000868981
-0.000149035
0.000875815
-0.000167276
0.000882574
-0.000186019
0.000889255
-0.00020497
0.000895908
-0.000223784
0.000902624
-0.000242359
0.000909428
-0.000260079
0.000916651
-0.00027767
0.000924296
-0.000293519
0.000933043
-0.000309454
0.000945387
-0.000316485
0.00094963
-0.0003308
0.000950273
-0.000326371
0.000947928
-0.000358367
0.000945291
-0.000311204
0.000945518
-0.000420819
0.000962459
-0.000215498
0.00101365
-0.000609611
0.0010421
0.000141665
0.00118757
-0.00114054
0.00159571
0.00142711
4.19397e-05
-0.00231105
0.00511065
)
;
    }
    walls
    {
        type            zeroGradient;
    }
    frontAndBack
    {
        type            empty;
    }
}


// ************************************************************************* //
