/*--------------------------------*- C++ -*----------------------------------*\
  =========                 |
  \\      /  F ield         | OpenFOAM: The Open Source CFD Toolbox
   \\    /   O peration     | Website:  https://openfoam.org
    \\  /    A nd           | Version:  7
     \\/     M anipulation  |
\*---------------------------------------------------------------------------*/
FoamFile
{
    version     2.0;
    format      ascii;
    class       volScalarField;
    location    "250";
    object      p;
}
// * * * * * * * * * * * * * * * * * * * * * * * * * * * * * * * * * * * * * //

dimensions      [0 2 -2 0 0 0 0];

internalField   nonuniform List<scalar> 
10720
(
-89.6
-163.608
-250.957
-336.375
-414.769
-494.691
-565.09
-623.82
-674.751
-714.282
-744.392
-766.384
-781.056
-789.612
-792.5
-789.26
-780.815
-765.824
-745.431
-718.259
-685.341
-645.871
-602.08
-554.875
-507.755
-465.805
-428.012
-390.789
-353.857
-317.438
-281.352
-245.459
-209.654
-173.71
-137.372
-99.5363
-59.8395
-12.3119
35.4505
-14.6981
53.3508
126.773
195.807
255.264
301.162
329.835
340.854
340.175
329.222
309.44
286.351
262.888
240.076
218.602
198.338
179.378
161.312
143.889
126.614
109.444
92.0591
74.5527
57.3231
42.2641
30.4438
20.8123
12.9826
6.95788
2.7952
0.397589
-0.34084
0.500452
2.92491
6.94398
12.9752
21.5724
36.4597
61.5462
23.7745
-32.5646
-95.481
-162.105
-230.362
-300.076
-367.574
-430.755
-488.996
-540.518
-585.003
-622.445
-652.909
-676.463
-693.029
-702.321
-704.942
-700.463
-689.43
-671.227
-646.413
-614.713
-577.81
-536.849
-494.914
-456.321
-420.613
-384.996
-349.302
-313.847
-278.54
-243.278
-207.984
-172.447
-136.424
-98.8301
-59.3191
-11.8815
35.1256
74.5689
123.17
171.874
219.209
261.289
295.507
318.87
330.118
330.614
321.612
305.694
286.239
265.376
244.216
223.521
203.556
184.488
166.165
148.411
130.909
113.568
96.1783
78.8249
61.9154
46.9242
34.7663
24.7218
16.4652
10.0192
5.43896
2.65419
1.56738
2.09666
4.24454
8.03225
13.8812
22.3358
37.134
61.2065
40.2166
-10.209
-66.7652
-129.019
-193.383
-259.176
-324.806
-387.574
-445.903
-498.806
-545.048
-584.321
-616.439
-641.344
-659.231
-670.301
-674.786
-672.499
-663.632
-647.952
-625.759
-597.108
-563.258
-525.49
-486.357
-449.396
-414.718
-380.164
-345.413
-310.745
-276.098
-241.376
-206.516
-171.324
-135.57
-98.1875
-58.8496
-11.6039
34.8744
85.823
130.355
174.837
217.251
254.216
284.121
304.925
315.937
317.868
311.566
298.927
282.239
263.346
243.524
223.651
204.189
185.374
167.201
149.553
132.2
115.022
97.8794
80.8366
64.2662
49.3376
36.9457
26.6838
18.2405
11.6176
6.86068
3.90936
2.66622
3.05127
5.06829
8.74686
14.5095
22.8978
37.5731
60.6609
65.1361
22.7084
-25.5971
-78.6282
-134.183
-192.187
-250.969
-308.701
-364.049
-415.873
-463.036
-504.868
-540.886
-570.801
-594.392
-611.658
-622.359
-626.221
-623.193
-613.153
-596.275
-572.767
-543.646
-510.241
-474.755
-440.211
-407.193
-374.114
-340.597
-306.926
-273.107
-239.064
-204.753
-170.001
-134.592
-97.4888
-58.3888
-11.4615
34.4774
103.202
139.914
176.855
212.711
244.362
270.569
289.501
300.399
303.551
299.486
289.662
275.784
259.342
241.505
223.121
204.71
186.575
168.832
151.449
134.296
117.283
100.338
83.534
67.2206
52.359
39.7926
29.3197
20.6543
13.7914
8.78171
5.57712
4.09172
4.25485
6.07579
9.59168
15.224
23.5021
37.979
60.0862
73.3194
35.6148
-7.52583
-55.2022
-105.291
-158.193
-212.508
-266.589
-319.406
-369.802
-416.627
-459.088
-496.513
-528.374
-554.286
-574.012
-587.189
-593.702
-593.417
-586.321
-572.524
-552.306
-526.502
-496.368
-463.803
-431.326
-399.746
-367.949
-335.551
-302.822
-269.815
-236.468
-202.742
-168.477
-133.467
-96.7023
-57.9086
-11.406
33.8434
107.24
139.778
172.606
204.466
232.61
256.203
273.765
284.559
288.654
286.452
279.056
267.745
253.675
237.846
221.054
203.832
186.542
169.385
152.416
135.592
118.866
102.214
85.7215
69.7169
54.9979
42.3361
31.6921
22.8378
15.7703
10.5442
7.12443
5.43547
5.41256
7.06663
10.44
15.9523
24.1154
38.3642
59.4757
78.5763
45.1549
6.70486
-35.7754
-80.4325
-127.974
-177.098
-226.489
-275.394
-322.753
-367.581
-409.11
-446.601
-479.414
-507.055
-529.12
-545.238
-555.159
-558.608
-555.44
-545.655
-529.486
-507.612
-481.18
-451.844
-421.731
-391.814
-361.42
-330.226
-298.496
-266.332
-233.702
-200.583
-166.828
-132.246
-95.8614
-57.4319
-11.4656
32.9797
108.641
137.363
166.536
195.045
220.356
241.859
258.324
268.979
273.76
273.041
267.65
258.577
246.717
232.894
217.811
201.971
185.748
169.39
153.019
136.663
120.328
104.034
87.885
72.1943
57.6413
44.9277
34.139
25.1149
17.8547
12.4157
8.77699
6.87395
6.64958
8.11988
11.334
16.7089
24.7361
38.7114
58.8118
79.763
49.6126
14.8281
-23.6319
-63.9861
-107.181
-152.051
-197.448
-242.863
-287.347
-330.048
-370.269
-407.248
-440.305
-468.867
-492.417
-510.478
-522.655
-528.615
-528.171
-521.31
-508.254
-489.572
-466.285
-439.816
-411.936
-383.663
-354.667
-324.693
-293.985
-262.687
-230.794
-198.3
-165.077
-130.949
-94.98
-56.9708
-11.6509
31.8988
106.914
132.768
159.158
185.049
208.122
227.941
243.488
253.957
259.227
259.667
255.912
248.743
238.863
226.934
213.551
199.158
184.111
168.684
153.041
137.267
121.417
105.552
89.7961
74.4511
60.1075
47.405
36.5184
27.356
19.9253
14.2883
10.4399
8.32875
7.90626
9.19391
12.247
17.4773
25.3537
39.0121
58.1005
79.0921
51.7181
20.0652
-14.9052
-51.5032
-90.8081
-131.747
-173.318
-215.189
-256.55
-296.66
-334.936
-370.672
-403.198
-431.909
-456.235
-475.622
-489.645
-497.922
-500.172
-496.284
-486.394
-470.949
-450.817
-427.223
-401.652
-375.125
-347.594
-318.893
-289.257
-258.864
-227.743
-195.902
-163.235
-129.586
-94.0642
-56.526
-11.9539
30.6142
103.78
127.232
151.3
175.022
196.242
214.658
229.399
239.642
245.249
246.577
244.137
238.561
230.411
220.214
208.462
195.524
181.725
167.333
152.535
137.452
122.181
106.818
91.5061
76.5384
62.4436
49.8066
38.8644
29.5919
22.011
16.1901
12.1401
9.82397
9.20247
10.3033
13.188
18.2616
25.9683
39.2657
57.3472
77.0543
51.9913
22.9732
-9.06153
-42.4841
-78.4404
-115.958
-154.133
-192.778
-231.185
-268.73
-304.941
-339.175
-370.804
-399.234
-423.869
-444.118
-459.492
-469.553
-473.942
-472.482
-465.263
-452.638
-435.339
-414.406
-391.069
-366.298
-340.246
-312.844
-284.313
-254.86
-224.544
-193.39
-161.308
-128.165
-93.1208
-56.0948
-12.3592
29.1499
99.6909
121.159
143.295
165.2
184.851
202.081
216.099
226.085
231.914
233.918
232.527
228.269
221.605
212.957
202.721
191.198
178.666
165.369
151.495
137.19
122.579
107.785
92.9682
78.4162
64.6119
52.095
41.144
31.7952
24.0893
18.1027
13.8625
11.3475
10.5289
11.441
14.1521
19.0581
26.576
39.4709
56.5526
74.2303
51.1492
24.4037
-5.08629
-35.7567
-68.7804
-103.252
-138.356
-174.01
-209.588
-244.58
-278.604
-311.091
-341.489
-369.232
-393.721
-414.368
-430.645
-442.091
-448.306
-449.025
-444.267
-434.279
-419.661
-401.278
-380.144
-357.156
-332.614
-306.539
-279.148
-250.67
-221.193
-190.757
-159.294
-126.688
-92.1564
-55.678
-12.8564
27.538
95.1131
114.89
135.378
155.724
174.029
190.229
203.59
213.298
219.256
221.769
221.212
218.036
212.633
205.345
196.491
186.307
175.021
162.843
149.948
136.49
122.608
108.445
94.1742
80.0775
66.6056
54.2613
43.3496
33.9597
26.1555
20.0227
15.6052
12.8984
11.8852
12.6067
15.1384
19.865
27.1749
39.6275
55.7187
70.9214
49.5527
24.7789
-2.50041
-30.7732
-61.227
-93.0099
-125.379
-158.312
-191.266
-223.824
-255.69
-286.361
-315.358
-342.164
-366.214
-386.924
-403.76
-416.22
-423.897
-426.436
-423.799
-416.152
-403.967
-387.957
-368.945
-347.734
-324.714
-299.984
-273.764
-246.292
-217.685
-188.001
-157.189
-125.156
-91.1739
-55.2799
-13.4396
25.8031
90.2881
108.611
127.672
146.667
163.798
179.087
191.841
201.262
207.277
210.169
210.269
207.979
203.638
197.53
189.915
180.974
170.884
159.817
147.928
135.362
122.264
108.787
95.1088
81.5064
68.4087
56.288
45.4639
36.0706
28.1971
21.9404
17.3607
14.4711
13.2673
13.7974
16.1447
20.6802
27.7624
39.7359
54.8488
67.3488
47.4814
24.4407
-0.893599
-27.0609
-55.2428
-84.6321
-114.544
-145.006
-175.537
-205.795
-235.556
-264.387
-291.881
-317.572
-340.937
-361.425
-378.505
-391.657
-400.478
-404.549
-403.767
-398.218
-388.262
-374.468
-357.498
-338.048
-316.556
-293.187
-268.161
-241.725
-214.02
-185.12
-154.992
-123.566
-90.1749
-54.9046
-14.1072
23.9605
85.3905
102.443
120.255
138.059
154.157
168.628
180.815
189.946
195.96
199.127
199.745
198.177
194.726
189.633
183.116
175.307
166.343
156.357
145.475
133.827
121.553
108.806
95.7631
82.6942
70.0108
58.162
47.4737
38.1162
30.2043
23.8476
19.1229
16.061
14.6719
15.0107
17.1686
21.5011
28.3362
39.7972
53.946
63.6582
45.1158
23.6121
0.00180016
-24.3015
-50.464
-77.7179
-105.422
-133.646
-161.961
-190.075
-217.83
-244.854
-270.805
-295.279
-317.799
-337.852
-354.928
-368.503
-378.177
-383.499
-384.294
-380.586
-372.635
-360.883
-345.851
-328.126
-308.157
-286.155
-262.343
-236.97
-210.196
-182.113
-152.703
-121.919
-89.1601
-54.5552
-14.8557
22.019
80.5242
96.4612
113.163
129.905
145.082
158.813
170.469
179.308
185.28
188.641
189.665
188.683
185.974
181.75
176.193
169.406
161.484
152.53
142.637
131.914
120.488
108.503
96.1309
83.6318
71.4018
59.8703
49.3648
40.0834
32.1653
25.7347
20.884
17.6623
16.0946
16.243
18.2071
22.3253
28.8939
39.8121
53.0139
59.9469
42.5854
22.4563
0.386967
-22.2531
-46.6097
-71.9502
-97.6663
-123.863
-150.149
-176.276
-202.138
-227.417
-251.828
-275.03
-296.596
-316.05
-332.916
-346.683
-356.951
-363.27
-365.392
-363.287
-357.129
-347.251
-334.046
-317.996
-299.535
-278.9
-256.315
-232.028
-206.214
-178.977
-150.32
-120.216
-88.1298
-54.2348
-15.6809
19.9866
75.7631
90.7043
106.415
122.2
136.55
149.601
160.756
169.309
175.205
178.697
180.036
179.529
177.438
173.953
169.233
163.355
156.388
148.403
139.465
129.657
119.086
107.885
96.2122
84.3147
72.5736
61.4019
51.1244
41.9596
34.0692
27.592
22.6362
19.2688
17.5305
17.4907
19.2572
23.1498
29.4334
39.7829
52.056
56.28
39.9808
21.089
0.40711
-20.7408
-43.4747
-67.0892
-91.0128
-115.368
-139.795
-164.089
-188.178
-211.796
-234.708
-256.62
-277.162
-295.903
-312.401
-326.172
-336.815
-343.898
-347.113
-346.383
-341.81
-333.631
-322.132
-307.694
-290.711
-271.435
-250.085
-226.904
-202.073
-175.713
-147.842
-118.455
-87.0841
-53.9435
-16.5789
17.8725
71.1523
85.1982
100.013
114.933
128.53
140.954
151.637
159.905
165.703
169.275
170.857
170.734
169.156
166.299
162.303
157.231
151.128
144.041
136.01
127.091
117.372
106.964
96.0109
84.7408
73.5198
62.747
52.7405
43.7324
35.9043
29.4093
24.371
20.8737
18.9743
18.7495
20.3153
23.9718
29.9522
39.7114
51.0766
52.7015
37.3658
19.5947
0.16989
-19.6317
-40.8968
-62.9489
-85.2484
-107.928
-130.656
-153.261
-175.702
-197.748
-219.212
-239.849
-259.333
-277.282
-293.292
-306.911
-317.739
-325.381
-329.478
-329.911
-326.723
-320.074
-310.154
-297.252
-281.711
-263.777
-243.663
-221.601
-197.777
-172.322
-145.27
-116.636
-86.0231
-53.6816
-17.5431
15.6858
66.7192
79.9549
93.9543
108.085
120.993
132.834
143.073
151.06
156.742
160.355
162.121
162.307
161.154
158.828
155.458
151.093
145.767
139.504
132.323
124.258
115.373
105.757
95.5334
84.911
74.2381
63.8984
54.2025
45.3903
37.6591
31.1762
26.0792
22.4694
20.4198
20.0145
21.3773
24.7879
30.4485
39.6003
50.0799
49.2421
34.7832
18.0332
-0.245134
-18.8253
-38.7546
-59.3886
-80.2099
-101.361
-122.538
-143.589
-164.495
-185.067
-205.149
-224.541
-242.96
-260.069
-275.503
-288.845
-299.707
-307.723
-312.511
-313.911
-311.92
-306.632
-298.161
-286.709
-272.561
-255.945
-237.06
-216.127
-193.33
-168.806
-142.604
-114.761
-84.9469
-53.4475
-18.5665
13.4359
62.4796
74.9785
88.2312
101.635
113.91
125.207
135.024
142.738
148.289
151.913
153.815
154.249
153.449
151.572
148.739
144.995
140.361
134.847
128.455
121.199
113.12
104.284
94.7922
84.8301
74.7267
64.8504
55.5013
46.9223
39.3226
32.882
27.7516
24.0481
21.8606
21.2806
22.4389
25.5949
30.9204
39.4523
49.0702
45.9204
32.2638
16.4524
-0.779323
-18.2422
-36.9549
-56.2929
-75.7668
-95.5213
-115.275
-134.894
-154.383
-173.574
-192.349
-210.54
-227.904
-244.149
-258.944
-271.912
-282.681
-290.913
-296.222
-298.412
-297.441
-293.354
-286.2
-276.105
-263.292
-247.96
-230.292
-210.491
-188.735
-165.165
-139.845
-112.829
-83.8545
-53.2399
-19.6409
11.1351
58.4416
70.2654
82.8312
95.5653
107.252
118.04
127.456
134.901
140.315
143.925
145.925
146.557
146.049
144.552
142.181
138.977
134.956
130.118
124.452
117.955
110.645
102.569
93.8024
84.5062
74.988
65.5999
56.6295
48.3185
40.884
34.5163
29.3782
25.6012
23.2893
22.5418
23.4954
26.3893
31.366
39.2707
48.0529
42.7471
29.8297
14.8812
-1.3854
-17.8263
-35.4218
-53.5735
-71.8121
-90.2886
-108.735
-127.038
-145.212
-163.118
-180.659
-197.701
-214.035
-229.408
-243.526
-256.047
-266.625
-274.937
-280.619
-283.439
-283.324
-280.282
-274.315
-265.478
-253.933
-239.846
-223.376
-204.703
-184
-161.406
-136.996
-110.841
-82.7458
-53.0562
-20.7572
8.79482
54.6082
65.8098
77.7401
89.8532
100.99
111.302
120.336
127.52
132.789
136.366
138.435
139.225
138.957
137.781
135.806
133.072
129.593
125.361
120.358
114.564
107.982
100.637
92.5806
83.9494
75.0271
66.1464
57.5819
49.5706
42.3334
36.0685
30.9494
27.12
24.6984
23.7919
24.5415
27.1674
31.7839
39.0587
47.0328
39.7288
27.4951
13.3443
-2.03156
-17.5305
-34.099
-51.1587
-68.2645
-85.5663
-102.812
-119.898
-136.857
-153.564
-169.947
-185.897
-201.236
-215.745
-229.166
-241.189
-251.494
-259.777
-265.701
-269.007
-269.599
-267.458
-262.549
-254.868
-244.52
-231.629
-216.329
-198.778
-179.133
-157.532
-134.058
-108.798
-81.6197
-52.8933
-21.9061
6.42751
50.9779
61.6041
72.9442
84.4794
95.102
104.962
113.635
120.564
125.686
129.215
131.328
132.242
132.174
131.269
129.633
127.308
124.305
120.614
116.21
111.064
105.164
98.5152
91.1482
83.174
74.8506
66.4909
58.3549
50.6714
43.6616
37.529
32.4551
28.5952
26.0799
25.0243
25.5721
27.9255
32.1727
38.8198
46.0147
36.8673
25.2684
11.8588
-2.69122
-17.3203
-32.9398
-48.9933
-65.0552
-81.2748
-97.4131
-113.38
-129.213
-144.807
-160.105
-175.021
-189.406
-203.068
-215.783
-227.271
-237.243
-245.406
-251.461
-255.127
-256.292
-254.919
-250.942
-244.315
-235.085
-223.336
-209.174
-192.73
-174.145
-153.55
-131.036
-106.702
-80.4747
-52.7465
-23.0769
4.04671
47.5483
57.6391
68.4286
79.4236
89.5637
98.9983
107.326
114.008
118.98
122.45
124.588
125.599
125.695
125.019
123.674
121.703
119.118
115.908
112.044
107.49
102.223
96.2318
89.5274
82.1953
74.4679
66.6374
58.9471
51.6156
44.8606
38.8881
33.8857
30.0177
27.4255
26.2318
26.5813
28.66
32.5314
38.5575
45.0037
34.1627
23.1551
10.4354
-3.34582
-17.168
-31.9086
-47.0307
-62.1286
-77.3473
-92.4642
-107.396
-122.188
-136.747
-151.031
-164.974
-178.447
-191.288
-203.299
-214.232
-223.824
-231.799
-237.889
-241.805
-243.423
-242.693
-239.532
-233.855
-225.662
-214.997
-201.933
-186.576
-169.046
-149.467
-127.932
-104.553
-79.3093
-52.6112
-24.2586
1.66664
44.3135
53.9047
64.1787
74.6672
84.3531
93.3853
101.384
107.825
112.647
116.051
118.197
119.283
119.515
119.032
117.937
116.273
114.054
111.27
107.89
103.874
99.1897
93.8142
87.7402
81.0301
73.8908
66.5919
59.3593
52.3994
45.9237
40.1374
35.2317
31.378
28.7265
27.4069
27.5634
29.3668
32.8588
38.2752
44.005
31.6129
21.1572
9.0827
-3.98094
-17.0542
-30.9767
-45.235
-59.4395
-73.7334
-87.9036
-101.878
-115.705
-129.302
-142.64
-155.668
-168.276
-180.326
-191.646
-202.014
-211.193
-218.924
-224.969
-229.042
-231.008
-230.808
-228.351
-223.524
-216.285
-206.639
-194.629
-180.333
-163.851
-145.292
-124.753
-102.354
-78.1216
-52.4816
-25.4408
-0.699409
41.2665
50.3917
60.1818
70.193
79.4509
88.1015
95.7848
101.993
106.665
109.997
112.14
113.282
113.626
113.307
112.425
111.028
109.129
106.721
103.773
100.243
96.0929
91.2895
85.8106
79.698
73.133
66.3625
59.5946
53.0211
46.8454
41.2691
36.4844
32.6671
29.9745
28.542
28.5122
30.0423
33.1542
37.9762
43.0232
29.2141
19.2755
7.80535
-4.58662
-16.9609
-30.1217
-43.5762
-56.9514
-70.3865
-83.6813
-96.7683
-109.7
-122.403
-134.858
-147.027
-158.817
-170.11
-180.754
-190.556
-199.301
-206.748
-212.683
-216.833
-219.055
-219.285
-217.428
-213.355
-206.987
-198.295
-187.29
-174.024
-158.573
-141.035
-121.504
-100.105
-76.9097
-52.3508
-26.6114
-3.03675
38.4012
47.0884
56.4239
65.9855
74.8386
83.1259
90.5076
96.4909
101.015
104.27
106.4
107.584
108.019
107.839
107.141
105.974
104.356
102.279
99.7149
96.6223
92.9586
88.6831
83.7621
78.2183
72.2093
65.9589
59.657
53.4808
47.6221
42.2766
37.6353
33.8761
31.1606
29.6293
29.4218
30.6825
33.417
37.6635
42.0628
26.9612
17.5089
6.60646
-5.15575
-16.8758
-29.3253
-42.0298
-54.6328
-67.2705
-79.7518
-92.0151
-104.115
-115.987
-127.619
-138.983
-150.001
-160.573
-170.564
-179.806
-188.104
-195.238
-201.013
-205.172
-207.569
-208.14
-206.791
-203.378
-197.799
-189.992
-179.94
-167.666
-153.229
-136.707
-118.19
-97.81
-75.6704
-52.2123
-27.7588
-5.33139
35.7097
43.9855
52.8918
62.0281
70.4975
78.4393
85.5329
91.2992
95.6776
98.8529
100.962
102.176
102.686
102.623
102.083
101.117
99.743
97.9576
95.7343
93.0333
89.8101
86.0187
81.6166
76.6107
71.1353
65.3926
59.5536
53.7801
48.2513
43.1548
38.6773
34.9965
32.2767
30.6611
30.2858
31.2837
33.6465
37.34
41.1276
24.8496
15.8553
5.48702
-5.68341
-16.7903
-28.5739
-40.5774
-52.4602
-64.3549
-76.0791
-87.5774
-98.9037
-110.002
-120.867
-131.478
-141.769
-151.655
-161.02
-169.712
-177.559
-184.361
-189.934
-194.049
-196.555
-197.387
-196.459
-193.622
-188.751
-181.76
-172.605
-161.286
-147.835
-132.319
-114.821
-95.4697
-74.4024
-52.0575
-28.871
-7.56926
33.1847
41.0724
49.573
58.306
66.4116
74.0246
80.8416
86.3989
90.6348
93.7287
95.8107
97.0443
97.6157
97.6525
97.2486
96.4559
95.2958
93.7667
91.8454
89.4939
86.6679
83.318
79.3954
74.894
69.9274
64.6757
59.2921
53.9225
48.7325
43.8994
39.6038
36.0208
33.3146
31.63
31.0983
31.8421
33.8421
37.0081
40.2214
22.8738
14.3112
4.44731
-6.16607
-16.6968
-27.8555
-39.2028
-50.4125
-61.6137
-72.6322
-83.4184
-94.0253
-104.404
-114.553
-124.459
-134.067
-143.303
-152.068
-160.227
-167.626
-174.081
-179.425
-183.451
-186.007
-187.033
-186.451
-184.11
-179.871
-173.626
-165.311
-154.902
-142.412
-127.886
-111.402
-93.0887
-73.1022
-51.8791
-29.9381
-9.73704
30.8182
38.3393
46.4558
54.8067
62.566
69.8661
76.4179
81.773
85.8697
88.8815
90.9321
92.1776
92.7986
92.9197
92.6334
91.9916
91.0183
89.7144
88.0598
86.0194
83.5498
80.6008
77.119
73.0883
68.6026
63.8218
58.8818
53.9131
49.0666
44.508
40.4096
36.9418
34.2666
32.5285
31.8532
32.3541
34.0034
36.6696
39.3467
21.0279
12.8736
3.48558
-6.60139
-16.5905
-27.1617
-37.893
-48.4734
-59.026
-69.3863
-79.5084
-89.4458
-99.1526
-108.635
-117.882
-126.848
-135.471
-143.664
-151.307
-158.263
-164.367
-169.46
-173.363
-175.922
-177.085
-176.781
-174.863
-171.183
-165.618
-158.084
-148.539
-136.974
-123.421
-107.943
-90.6685
-71.768
-51.6702
-30.9479
-11.8219
28.6023
35.7767
43.5294
51.5167
58.9468
65.9483
72.2456
77.4058
81.3668
84.2965
86.3125
87.5634
88.2249
88.4176
88.2323
87.7218
86.9116
85.8053
84.3861
82.6217
80.471
77.8846
74.8061
71.211
67.1769
62.8445
58.3331
53.7581
49.256
44.9794
41.0908
37.7536
35.1259
33.3499
32.5451
32.8161
34.1296
36.3264
38.506
19.3059
11.538
2.60057
-6.98892
-16.4676
-26.4861
-36.6383
-46.6281
-56.5737
-66.3189
-75.8206
-85.1335
-94.2151
-103.074
-111.705
-120.069
-128.114
-135.764
-142.912
-149.435
-155.186
-160.016
-163.767
-166.293
-167.543
-167.458
-165.899
-162.71
-157.76
-150.95
-142.22
-131.544
-118.936
-104.454
-88.2132
-70.3973
-51.4206
-31.8907
-13.8108
26.5298
33.3754
40.7825
48.4238
55.5401
62.2565
68.3101
73.282
77.1113
79.9594
81.9384
83.1896
83.8834
84.1373
84.039
83.6426
82.9749
82.042
80.8302
79.3106
77.4449
75.1845
72.4727
69.2791
65.6662
61.7574
57.6569
53.4654
49.3046
45.314
41.6445
38.4515
35.8864
34.0878
33.1685
33.225
34.2205
35.9792
37.7004
17.7021
10.3003
1.79005
-7.32887
-16.3256
-25.8225
-35.4299
-44.8647
-54.2411
-63.4104
-72.333
-81.0622
-89.5603
-97.8375
-105.893
-113.693
-121.194
-128.328
-135.003
-141.108
-146.509
-151.068
-154.648
-157.109
-158.406
-158.491
-157.231
-154.471
-150.074
-143.931
-135.966
-126.139
-114.45
-100.942
-85.7268
-68.9878
-51.1247
-32.7556
-15.6925
24.5932
31.1264
38.2052
45.5171
52.3339
58.7777
64.5977
69.3881
73.0894
75.8568
77.797
79.0445
79.7637
80.0697
80.0469
79.75
79.2071
78.426
77.3966
76.0936
74.4812
72.5133
70.1339
67.3081
64.086
60.5749
56.8649
53.0433
49.2176
45.5134
42.0697
39.0315
36.5428
34.7367
33.7187
33.5775
34.2751
35.6288
36.9305
16.2104
9.15629
1.05111
-7.62167
-16.1629
-25.1675
-34.2613
-43.1743
-52.0164
-60.6463
-69.0267
-77.2105
-85.1636
-92.8973
-100.414
-107.686
-114.676
-121.324
-127.547
-133.248
-138.306
-142.592
-145.988
-148.36
-149.671
-149.882
-148.87
-146.483
-142.581
-137.048
-129.798
-120.778
-109.974
-97.419
-83.2129
-67.5384
-50.7748
-33.5344
-17.4577
22.7852
29.0217
35.7878
42.7857
49.3164
55.4996
61.095
65.7113
69.2885
71.9765
73.8764
75.1167
75.8561
76.206
76.2486
76.0383
75.6046
74.9567
74.0878
72.9759
71.5885
69.8822
67.8026
65.3122
62.4505
59.3102
55.9688
52.5012
49.0011
45.5807
42.3661
39.4914
37.0913
35.2919
34.1914
33.8708
34.2927
35.2752
36.1961
14.8251
8.10122
0.380961
-7.86867
-15.9789
-24.5181
-33.1273
-41.5494
-49.8894
-58.0128
-65.8856
-73.5591
-81.0026
-88.2283
-95.2421
-102.02
-108.529
-114.717
-120.513
-125.827
-130.55
-134.565
-137.768
-140.034
-141.332
-141.633
-140.824
-138.759
-135.297
-130.321
-123.737
-115.48
-105.524
-93.894
-80.6765
-66.0482
-50.3645
-34.219
-19.0978
21.0989
27.0533
33.5214
40.2192
46.4768
52.4104
57.7903
62.2389
65.6957
68.306
70.1652
71.3958
72.1506
72.5375
72.6366
72.5021
72.1635
71.6327
70.9048
69.9613
68.7732
67.3001
65.49
63.3043
60.773
57.9764
54.9805
51.8488
48.6624
45.5201
42.5352
39.83
37.5287
35.7495
34.583
34.1025
34.2725
34.9179
35.4961
13.5405
7.13063
-0.22355
-8.0714
-15.7733
-23.872
-32.0234
-39.9823
-47.8499
-55.4976
-62.8949
-70.0908
-77.0576
-83.8091
-90.3518
-96.6663
-102.724
-108.481
-113.871
-118.815
-123.216
-126.964
-129.969
-132.117
-133.382
-133.742
-133.098
-131.309
-128.239
-123.768
-117.8
-110.26
-101.116
-90.3775
-78.1226
-64.5161
-49.8888
-34.8022
-20.6048
19.5276
25.2133
31.3972
37.8085
43.8048
49.4995
54.6727
58.9591
62.2999
64.8342
66.6522
67.8706
68.6368
69.0554
69.2033
69.1346
68.8796
68.4508
67.847
67.0518
66.0399
64.7742
63.2055
61.2951
59.0656
56.5855
53.9114
51.0962
48.2093
45.337
42.5797
40.0474
37.8536
36.1069
34.8906
34.2702
34.2135
34.5561
34.8287
12.3508
6.24009
-0.765713
-8.23168
-15.5463
-23.228
-30.9464
-38.4685
-45.8906
-53.0914
-60.0421
-66.7905
-73.3112
-79.619
-85.7219
-91.603
-97.2385
-102.589
-107.596
-112.189
-116.279
-119.768
-122.574
-124.595
-125.811
-126.207
-125.694
-124.141
-121.418
-117.405
-112.004
-105.137
-96.7612
-86.8795
-75.5562
-62.9433
-49.3426
-35.2784
-21.9733
18.0649
23.4945
29.4071
35.5445
41.2908
46.7565
51.7309
55.8616
59.0899
61.5497
63.3266
64.5311
65.3053
65.7503
65.9407
65.9294
65.7472
65.4083
64.9129
64.2482
63.3918
62.3098
60.9567
59.2943
57.339
55.1493
52.7727
50.2535
47.6504
45.0377
42.5033
40.1451
38.0653
36.3623
35.1122
34.3724
34.1147
34.1885
34.1915
11.2511
5.42509
-1.24885
-8.35163
-15.2987
-22.585
-29.8939
-37.0033
-44.0059
-50.7859
-57.3173
-63.6462
-69.7494
-75.6419
-81.333
-86.8087
-92.0484
-97.0177
-101.664
-105.924
-109.717
-112.956
-115.565
-117.456
-118.61
-119.023
-118.614
-117.262
-114.843
-111.243
-106.363
-100.123
-92.4743
-83.4102
-72.9831
-61.3303
-48.7237
-35.6436
-23.1983
16.7044
21.8897
27.5432
33.4185
38.9254
44.1716
48.9551
52.9358
56.0554
58.4424
60.1784
61.3674
62.1469
62.6143
62.8411
62.8797
62.7612
62.5009
62.1005
61.5503
60.8306
59.9113
58.7501
57.3102
55.603
53.6779
51.5751
49.3308
46.9944
44.6291
42.311
40.126
38.1647
36.5153
35.2464
34.4078
33.9752
33.8135
33.5813
10.2357
4.6814
-1.67636
-8.43342
-15.0313
-21.9426
-28.8634
-35.5829
-42.19
-48.5737
-54.7112
-60.6464
-66.3583
-71.8624
-77.1686
-82.265
-87.134
-91.7455
-96.0524
-99.9978
-103.51
-106.507
-108.924
-110.682
-111.768
-112.182
-111.854
-110.673
-108.523
-105.294
-100.891
-95.2335
-88.2671
-79.9788
-70.4095
-59.6791
-48.0301
-35.8944
-24.277
15.4404
20.3925
25.7982
31.4228
36.7004
41.7359
46.3357
50.1717
53.1864
55.5026
57.1979
58.3704
59.1525
59.6381
59.8965
59.9786
59.9159
59.7239
59.4068
58.9569
58.3573
57.5814
56.5907
55.3498
53.8659
52.1811
50.3286
48.3381
46.2505
44.1189
42.0086
39.9938
38.1539
36.5665
35.2929
34.3755
33.7939
33.429
32.9947
9.29988
4.00473
-2.0516
-8.47949
-14.7455
-21.3009
-27.8541
-34.2049
-40.4382
-46.4489
-52.2156
-57.7815
-63.1265
-68.2669
-73.213
-77.955
-82.4773
-86.7536
-90.742
-94.3915
-97.6365
-100.404
-102.634
-104.261
-105.274
-105.677
-105.411
-104.375
-102.461
-99.5659
-95.5984
-90.4784
-84.1503
-76.5948
-67.841
-57.9924
-47.2608
-36.0297
-25.2076
14.2672
18.9964
24.1652
29.5496
34.6075
39.4406
43.8639
47.5605
50.4736
52.7208
54.3756
55.5307
56.3135
56.8142
57.0993
57.2192
57.2048
57.0727
56.8282
56.466
55.9717
55.3222
54.4821
53.4186
52.1352
50.6672
49.0424
47.2847
45.4276
43.5152
41.6027
39.7536
38.036
36.5176
35.2522
34.2754
33.5702
33.033
32.4277
8.43875
3.39103
-2.37782
-8.49196
-14.4426
-20.6598
-26.8646
-32.8664
-38.7466
-44.4057
-49.824
-55.0428
-60.0441
-64.8439
-69.4533
-73.8634
-78.0618
-82.0248
-85.7146
-89.0856
-92.0792
-94.6287
-96.6804
-98.1784
-99.1143
-99.4984
-99.2796
-98.3663
-96.6592
-94.0639
-90.4924
-85.868
-80.1342
-73.2664
-65.2842
-56.2737
-46.4169
-36.0489
-25.9898
13.1791
17.6955
22.6372
27.7917
32.6389
37.2778
41.5311
45.0935
47.9082
50.0883
51.7029
52.8397
53.6211
54.1339
54.442
54.5946
54.6222
54.5421
54.3609
54.0751
53.6732
53.1343
52.4272
51.5212
50.417
49.144
47.7253
46.1798
44.5348
42.8264
41.1007
39.411
37.8153
36.3715
35.1258
34.1078
33.3032
32.6234
31.8761
7.6477
2.8361
-2.65819
-8.4733
-14.1239
-20.0197
-25.894
-31.5655
-37.1124
-42.4398
-47.5301
-52.4229
-57.1018
-61.583
-65.8772
-69.9774
-73.873
-77.543
-80.9536
-84.0637
-86.8204
-89.1639
-91.0458
-92.4188
-93.2781
-93.6374
-93.4534
-92.6442
-91.1192
-88.7917
-85.5796
-81.4103
-76.227
-70.0018
-62.7453
-54.5269
-45.5004
-35.9538
-26.6252
12.1711
16.4839
21.2084
26.1423
30.7874
35.2397
39.3295
42.7622
45.4819
47.5965
49.1713
50.2893
51.0675
51.5897
51.9171
52.0977
52.1619
52.1269
52.0007
51.7814
51.4598
51.018
50.4281
49.6614
48.7166
47.6182
46.3849
45.032
43.5809
42.0611
40.5103
38.9727
37.497
36.1316
34.9159
33.8736
32.9927
32.1977
31.3358
6.92228
2.3363
-2.89601
-8.42592
-13.791
-19.3813
-24.942
-30.3008
-35.5323
-40.547
-45.3283
-49.9149
-54.2915
-58.4741
-62.4738
-66.2845
-69.8974
-73.2938
-76.4436
-79.3097
-81.8444
-83.9942
-85.7155
-86.9689
-87.7525
-88.083
-87.9246
-87.2037
-85.8389
-83.7511
-80.8646
-77.1112
-72.4359
-66.8081
-60.2304
-52.757
-44.5146
-35.7468
-27.1161
11.2381
15.3564
19.8728
24.5951
29.0462
33.3192
37.2514
40.559
43.1867
45.2374
46.7729
47.8713
48.6448
49.174
49.5175
49.7221
49.8177
49.8218
49.7432
49.5817
49.33
48.9729
48.4856
47.8417
47.0384
46.0955
45.0286
43.8492
42.5744
41.2277
39.8394
38.446
37.0871
35.8028
34.6256
33.5743
32.6384
31.7541
30.8025
6.25824
1.88785
-3.09421
-8.35216
-13.4455
-18.7454
-24.0082
-29.0709
-34.0042
-38.7238
-43.2145
-47.5132
-51.6061
-55.5092
-59.2333
-62.7736
-66.1226
-69.2639
-72.1705
-74.8088
-77.1362
-79.1045
-80.6749
-81.8146
-82.5248
-82.8247
-82.6845
-82.0388
-80.8151
-78.9414
-76.3493
-72.9753
-68.7668
-63.6916
-57.7457
-50.9692
-43.4639
-35.4319
-27.4661
10.3757
14.3075
18.6246
23.144
27.4088
31.5093
35.2897
38.4766
41.0151
43.0036
44.5001
45.5784
46.3458
46.8798
47.2365
47.4613
47.5838
47.6216
47.5841
47.4726
47.2815
46.9979
46.6002
46.0645
45.3861
44.5813
43.6627
42.639
41.5235
40.3346
39.0965
37.8383
36.5921
35.3901
34.2587
33.2121
32.2406
31.2905
30.2722
5.65149
1.48723
-3.25581
-8.2543
-13.0888
-18.1126
-23.0926
-27.8747
-32.5263
-36.9672
-41.1841
-45.2122
-49.0391
-52.6802
-56.1468
-59.4347
-62.5376
-65.4412
-68.1212
-70.5474
-72.6816
-74.4803
-75.9098
-76.9425
-77.5827
-77.8512
-77.7236
-77.1422
-76.0428
-74.3608
-72.0344
-69.0053
-65.2241
-60.6577
-55.2968
-49.1692
-42.3534
-35.0144
-27.6808
9.57908
13.3325
17.4585
21.7832
25.869
29.8035
33.4378
36.5079
38.96
40.8876
42.3455
43.4032
44.1633
44.7
45.0672
45.309
45.4544
45.521
45.5188
45.4502
45.3114
45.0916
44.7721
44.3309
43.7626
43.0798
42.2928
41.4082
40.4359
39.3901
38.2898
37.1577
36.0192
34.8997
33.8198
32.7896
31.7999
30.8052
29.741
5.09826
1.13096
-3.38354
-8.13459
-12.7224
-17.4837
-22.1954
-26.7115
-31.0963
-35.2743
-39.2332
-43.0071
-46.5843
-49.9804
-53.2062
-56.2586
-59.1324
-61.8147
-64.2838
-66.5129
-68.4673
-70.1085
-71.4066
-72.3395
-72.9133
-73.1505
-73.0318
-72.506
-71.5163
-70.0056
-67.9187
-65.2026
-61.811
-57.7112
-52.8896
-47.3628
-41.1893
-34.5003
-27.7658
8.84406
12.4267
16.3694
20.5073
24.4212
28.196
31.6892
34.6464
37.0145
38.8827
40.3025
41.3389
42.0904
42.6281
43.0035
43.2594
43.424
43.515
43.5429
43.5112
43.4174
43.2526
43.0008
42.6421
42.1702
41.5949
40.9243
40.1632
39.319
38.4023
37.4275
36.4122
35.3758
34.3378
33.3137
32.3099
31.3173
30.297
29.2054
4.5948
0.815917
-3.48029
-7.99511
-12.3481
-16.8595
-21.3163
-25.5803
-29.7129
-33.6428
-37.3587
-40.8935
-44.2368
-47.4033
-50.4041
-53.2367
-55.897
-58.3735
-60.647
-62.6931
-64.4808
-65.9761
-67.1524
-67.9927
-68.5045
-68.7116
-68.5986
-68.1211
-67.2287
-65.8714
-64
-61.567
-58.5295
-54.8558
-50.5289
-45.556
-39.9783
-33.8968
-27.7282
8.16664
11.5856
15.3526
19.311
23.0596
26.6806
30.0377
32.8858
35.1724
36.9825
38.3644
39.3792
40.121
40.6579
41.0392
41.3064
41.4871
41.5986
41.6521
41.6517
41.5963
41.4788
41.2856
40.9986
40.6108
40.1297
39.5615
38.9098
38.1795
37.3785
36.5176
35.6098
34.6695
33.7112
32.7458
31.7767
30.7942
29.765
28.6624
4.13765
0.538977
-3.54862
-7.83796
-11.9673
-16.2409
-20.4556
-24.4807
-28.3748
-32.0703
-35.5574
-38.8674
-41.9912
-44.943
-47.7338
-50.3615
-52.8232
-55.1085
-57.2003
-59.0768
-60.7105
-62.0708
-63.1348
-63.8894
-64.3438
-64.5224
-64.4135
-63.9781
-63.1723
-61.952
-60.2745
-58.097
-55.3805
-52.0944
-48.2194
-43.7551
-38.7275
-33.2116
-27.5758
7.54293
10.8051
14.4035
18.1895
21.7792
25.2522
28.4779
31.2203
33.4276
35.1808
36.5252
37.5178
38.2489
38.7834
39.1687
39.4448
39.6386
39.7672
39.8421
39.8682
39.8455
39.7685
39.6254
39.4004
39.0859
38.687
38.2086
37.6531
37.0238
36.3261
35.5679
34.7584
33.9081
33.0268
32.1219
31.1938
30.2325
29.2087
28.1094
3.72348
0.297206
-3.59096
-7.6651
-11.5813
-15.6286
-19.6135
-23.4121
-27.0805
-30.5548
-33.8263
-36.9252
-39.843
-42.5939
-45.1886
-47.6255
-49.9025
-52.0104
-53.9339
-55.6536
-57.145
-58.381
-59.3417
-60.0176
-60.4193
-60.5715
-60.4653
-60.0671
-59.3383
-58.241
-56.7376
-54.7902
-52.3637
-49.429
-45.9652
-41.9658
-37.4441
-32.4529
-27.3169
6.96924
10.0812
13.5178
17.1383
20.5751
23.9053
27.0041
29.6443
31.7745
33.4721
34.779
35.7492
36.4684
36.9992
37.3865
37.6693
37.8735
38.0161
38.1089
38.1573
38.1622
38.1194
38.0194
37.8478
37.5966
37.2692
36.8691
36.3979
35.8576
35.2518
34.5858
33.8659
33.099
32.2917
31.4478
30.5657
29.6345
28.6282
27.5444
3.34916
0.0878183
-3.60975
-7.47846
-11.1916
-15.0237
-18.7901
-22.3741
-25.829
-29.0945
-32.163
-35.0634
-37.7883
-40.3512
-42.7627
-45.0219
-47.1272
-49.0706
-50.8385
-52.4136
-53.7737
-54.8955
-55.7616
-56.3656
-56.7193
-56.8472
-56.7431
-56.3778
-55.718
-54.7308
-53.3838
-51.6434
-49.4781
-46.8609
-43.7699
-40.1939
-36.1356
-31.6292
-26.9605
6.44218
9.41012
12.6915
16.153
19.4426
22.6353
25.6115
28.1525
30.2078
31.8506
33.1205
34.0677
34.7743
35.2999
35.6876
35.975
36.1874
36.3413
36.4486
36.5154
36.5434
36.5296
36.4661
36.3402
36.1437
35.8781
35.5461
35.1485
34.6864
34.1619
33.5783
32.9395
32.2498
31.5127
30.7296
29.8967
29.0028
28.0238
26.9658
3.01174
-0.0918191
-3.60717
-7.2798
-10.7994
-14.4267
-17.9858
-21.3664
-24.6192
-27.6875
-30.565
-33.2789
-35.8228
-38.2101
-40.4507
-42.5446
-44.4904
-46.2813
-47.9053
-49.3469
-50.5865
-51.6035
-52.3834
-52.922
-53.2321
-53.3381
-53.2358
-52.9
-52.3021
-51.4137
-50.2068
-48.6523
-46.722
-44.3907
-41.6365
-38.4446
-34.8093
-30.7492
-26.5157
5.95846
8.78836
11.9207
15.2293
18.3774
21.4374
24.2951
26.7399
28.7221
30.3114
31.5445
32.4683
33.1613
33.6806
34.0672
34.3573
34.5757
34.7384
34.8576
34.9395
34.9866
34.997
34.9643
34.8775
34.7277
34.5154
34.2423
33.9087
33.515
33.0621
32.5518
31.9862
31.3674
30.6968
29.9732
29.1917
28.3403
27.3965
26.3727
2.70842
-0.244202
-3.58534
-7.07078
-10.406
-13.8385
-17.2006
-20.3884
-23.45
-26.3324
-29.0298
-31.5685
-33.9429
-36.1658
-38.2472
-40.1871
-41.985
-43.6349
-45.126
-46.4448
-47.5738
-48.495
-49.1962
-49.6756
-49.9465
-50.033
-49.9325
-49.6233
-49.081
-48.2813
-47.2001
-45.8122
-44.0927
-42.0183
-39.5674
-36.7228
-33.4722
-29.8216
-25.9917
5.51496
8.21252
11.2018
14.3635
17.3753
20.3074
23.0505
25.402
27.313
28.8496
30.0461
30.9462
31.6249
32.1367
32.5207
32.812
33.0344
33.2039
33.3322
33.4263
33.489
33.5196
33.5128
33.4589
33.349
33.1824
32.96
32.6819
32.3478
31.9578
31.5126
31.0128
30.4588
29.8503
29.1846
28.4554
27.6502
26.7477
25.7647
2.43651
-0.371656
-3.54625
-6.85306
-10.0126
-13.2596
-16.4347
-19.4397
-22.3206
-25.0275
-27.5553
-29.9295
-32.1449
-34.2143
-36.1472
-37.944
-39.6047
-41.1241
-42.4926
-43.6985
-44.7263
-45.56
-46.1898
-46.6158
-46.8517
-46.9209
-46.8223
-46.5373
-46.0451
-45.3251
-44.3565
-43.1178
-41.587
-39.7429
-37.5645
-35.0329
-32.131
-28.8549
-25.3979
5.10876
7.67949
10.5314
13.5519
16.4324
19.241
21.8732
24.1342
25.9758
27.4607
28.6208
29.4969
30.1605
30.6638
31.044
31.3349
31.5598
31.734
31.8694
31.973
32.0484
32.0953
32.1101
32.0839
32.0079
31.8802
31.7013
31.4711
31.1888
30.8538
30.4661
30.0252
29.5303
28.9797
28.3695
27.6925
26.9359
26.079
25.1418
2.19356
-0.476423
-3.49176
-6.62806
-9.62016
-12.6908
-15.6882
-18.52
-21.23
-23.7711
-26.1395
-28.3591
-30.4257
-32.3515
-34.146
-35.8098
-37.3433
-38.7421
-39.9978
-41.1
-42.035
-42.7892
-43.3544
-43.7323
-43.937
-43.9911
-43.8947
-43.632
-43.185
-42.5365
-41.6689
-40.5637
-39.2015
-37.5633
-35.629
-33.3788
-30.792
-27.857
-24.7437
4.73719
7.18624
9.90623
12.7909
15.5451
18.2346
20.7594
22.9325
24.7064
26.1405
27.2643
28.1161
28.764
29.2578
29.6331
29.9224
30.1481
30.3254
30.4659
30.5769
30.6622
30.7225
30.7549
30.7518
30.7043
30.6097
30.468
30.2788
30.0413
29.7544
29.4173
29.029
28.5876
28.0907
27.5333
26.9077
26.2008
25.3925
24.5047
1.97718
-0.56053
-3.42371
-6.39722
-9.22977
-12.1325
-14.9612
-17.6289
-20.1771
-22.5619
-24.7801
-26.8545
-28.7818
-30.5736
-32.239
-33.7792
-35.1949
-36.4823
-37.6342
-38.6412
-39.4916
-40.1734
-40.6803
-41.0151
-41.1922
-41.2334
-41.1395
-40.8971
-40.4911
-39.9069
-39.1298
-38.1438
-36.9322
-35.4778
-33.7617
-31.7637
-29.4609
-26.836
-24.0377
4.39756
6.73
9.32333
12.0773
14.7098
17.2843
19.7053
21.7929
23.5008
24.8848
25.9727
26.8
27.4316
27.9151
28.2844
28.5709
28.7962
28.9751
29.119
29.2353
29.3283
29.3991
29.4459
29.4618
29.4382
29.3715
29.2614
29.1074
28.9085
28.6634
28.3709
28.0293
27.6364
27.1888
26.6813
26.1056
25.4485
24.6905
23.8544
1.78517
-0.62597
-3.34364
-6.16179
-8.84236
-11.5854
-14.2538
-16.7659
-19.1612
-21.3986
-23.4753
-25.4134
-27.2101
-28.8766
-30.422
-31.8475
-33.154
-34.3386
-35.3949
-36.3147
-37.0879
-37.7041
-38.1584
-38.4548
-38.6075
-38.6376
-38.5465
-38.3229
-37.9542
-37.4278
-36.7317
-35.8522
-34.7749
-33.4843
-31.9628
-30.1905
-28.1429
-25.7988
-23.2886
4.08752
6.3081
8.77978
11.4082
13.9234
16.3868
18.7071
20.7118
22.3551
23.69
24.7422
25.5448
26.1595
26.632
26.9945
27.2771
27.5008
27.68
27.8258
27.9459
28.0446
28.1236
28.1818
28.2133
28.2095
28.1662
28.0828
27.9589
27.7932
27.5843
27.3308
27.0307
26.6814
26.2792
25.8184
25.2906
24.6826
23.9754
23.1921
1.61548
-0.674559
-3.25314
-5.92302
-8.45874
-11.0498
-13.5661
-15.9307
-18.1814
-20.2794
-22.223
-24.0332
-25.7076
-27.2572
-28.6906
-30.0095
-31.2151
-32.3048
-33.2733
-34.1133
-34.8161
-35.3729
-35.7799
-36.042
-36.1735
-36.1942
-36.1062
-35.9001
-35.5651
-35.0909
-34.4673
-33.6829
-32.7252
-31.5804
-30.2322
-28.6613
-26.8427
-24.7521
-22.5046
3.80475
5.91803
8.27293
10.7805
13.1826
15.5388
17.7616
19.6858
21.266
22.5526
23.5693
24.347
24.9445
25.4053
25.7601
26.038
26.2592
26.4375
26.584
26.7063
26.809
26.8941
26.9614
27.0055
27.018
26.9941
26.9332
26.8347
26.6975
26.5201
26.3007
26.0373
25.7272
25.3664
24.949
24.4668
23.9065
23.2498
22.5196
1.46615
-0.708
-3.15364
-5.68202
-8.07971
-10.5262
-12.8979
-15.1227
-17.2366
-19.2032
-21.0215
-22.7115
-24.2713
-25.7116
-27.0409
-28.2609
-29.373
-30.3752
-31.263
-32.0301
-32.6688
-33.1717
-33.5363
-33.7681
-33.8809
-33.8939
-33.8093
-33.6194
-33.315
-32.8878
-32.3292
-31.6297
-30.7784
-29.7632
-28.5692
-27.1779
-25.5641
-23.7021
-21.6931
3.5471
5.55748
7.80022
10.1915
12.4847
14.7373
16.8657
18.7114
20.23
21.4691
22.4507
23.2035
23.7834
24.232
24.5785
24.8508
25.0685
25.245
25.3912
25.5145
25.6197
25.7092
25.7834
25.8375
25.8632
25.8554
25.8134
25.7364
25.6235
25.4732
25.2836
25.0527
24.7777
24.4545
24.0774
23.638
23.1238
22.5164
21.8387
1.33536
-0.727893
-3.04647
-5.43975
-7.70592
-10.0148
-12.2493
-14.3416
-16.3259
-18.1686
-19.8689
-21.446
-22.8985
-24.2368
-25.4689
-26.5971
-27.6226
-28.5443
-29.3579
-30.0583
-30.6387
-31.093
-31.4196
-31.6245
-31.7211
-31.7277
-31.6469
-31.472
-31.1956
-30.8107
-30.3103
-29.6865
-28.9299
-28.0299
-26.9729
-25.7413
-24.3106
-22.6541
-20.8612
3.31256
5.22423
7.35927
9.63875
11.8268
13.9794
16.0162
17.7858
19.244
20.4364
21.3833
22.1111
22.6732
23.1091
23.4467
23.7129
23.9264
24.1003
24.2452
24.3684
24.475
24.5674
24.6466
24.7084
24.7448
24.7502
24.7239
24.6651
24.573
24.4459
24.2824
24.0801
23.8364
23.5474
23.2073
22.8081
22.3375
21.778
21.1515
1.22143
-0.735748
-2.93288
-5.19723
-7.33809
-9.51607
-11.6201
-13.5867
-15.4486
-17.1741
-18.7632
-20.2342
-21.5862
-22.8291
-23.9709
-25.0137
-25.9593
-26.8065
-27.5521
-28.1915
-28.719
-29.1295
-29.422
-29.6031
-29.6858
-29.6872
-29.6104
-29.4495
-29.1986
-28.8519
-28.4037
-27.8474
-27.1751
-26.3774
-25.442
-24.3523
-23.0849
-21.6128
-20.0152
3.09925
4.91626
6.94788
9.11974
11.2065
13.2624
15.2104
16.9058
18.3051
19.4516
20.3642
21.0671
21.6112
22.034
22.3623
22.6217
22.8305
23.0011
23.1439
23.2663
23.3731
23.4672
23.5499
23.6177
23.6624
23.6786
23.6651
23.6217
23.5471
23.4402
23.2993
23.1222
22.9065
22.6482
22.3421
21.9803
21.5509
21.0372
20.46
1.12276
-0.73294
-2.81401
-4.95535
-6.97677
-9.03015
-11.0102
-12.8577
-14.6036
-16.2185
-17.7028
-19.0741
-20.3318
-21.4856
-22.5432
-23.5067
-24.3782
-25.1569
-25.84
-26.4236
-26.9031
-27.2739
-27.5361
-27.6962
-27.7669
-27.7643
-27.6915
-27.5439
-27.3163
-27.0041
-26.6027
-26.1066
-25.5093
-24.8024
-23.9748
-23.0113
-21.8892
-20.5823
-19.1607
2.90541
4.63161
6.56397
8.63229
10.6213
12.5837
14.4456
16.069
17.4104
18.5119
19.3907
20.0689
20.5948
21.0043
21.3228
21.5751
21.7786
21.9453
22.0854
22.2062
22.3124
22.4073
22.4922
22.5642
22.6155
22.6403
22.6375
22.6068
22.5472
22.4576
22.3363
22.1815
21.9906
21.7601
21.485
21.1576
20.7669
20.2965
19.7665
1.03784
-0.720793
-2.69094
-4.71491
-6.6225
-8.55727
-10.4195
-12.1539
-13.7899
-15.3002
-16.6858
-17.9633
-19.1326
-20.2031
-21.1821
-22.072
-22.8749
-23.5903
-24.2161
-24.7488
-25.1845
-25.5197
-25.7548
-25.8964
-25.9569
-25.9513
-25.8827
-25.7473
-25.5411
-25.2601
-24.9007
-24.4585
-23.9279
-23.3016
-22.5697
-21.7181
-20.7255
-19.5662
-18.3029
2.72938
4.36855
6.20559
8.17428
10.0691
11.9411
13.7193
15.2725
16.5572
17.6146
18.4603
19.114
19.6216
20.0176
20.3261
20.5709
20.7686
20.9311
21.068
21.1866
21.2916
21.3863
21.4724
21.5474
21.6036
21.6353
21.6412
21.6211
21.5742
21.4993
21.3951
21.2598
21.091
20.8855
20.6385
20.3429
19.9881
19.5585
19.0732
0.965313
-0.70054
-2.56473
-4.4767
-6.2758
-8.09764
-9.84786
-11.475
-13.0067
-14.4182
-15.7104
-16.8996
-17.986
-18.9785
-19.8843
-20.7057
-21.445
-22.102
-22.6751
-23.1613
-23.5573
-23.8604
-24.0713
-24.1967
-24.2485
-24.2407
-24.1765
-24.0526
-23.8659
-23.6132
-23.2916
-22.8976
-22.4262
-21.8716
-21.2245
-20.4723
-19.5947
-18.5675
-17.4462
2.56961
4.12533
5.87097
7.74378
9.54767
11.3324
13.0293
14.5142
15.743
16.7573
17.5706
18.2001
18.6894
19.0717
19.37
19.607
19.7988
19.9566
20.09
20.2059
20.3091
20.4029
20.4894
20.5663
20.6261
20.6631
20.6761
20.6648
20.6287
20.5665
20.4771
20.3589
20.2098
20.0267
19.8052
19.5387
19.2171
18.8255
18.3823
0.9039
-0.673273
-2.43625
-4.24136
-5.93708
-7.65144
-9.29508
-10.8203
-12.2532
-13.571
-14.7751
-15.8809
-16.8893
-17.8089
-18.6462
-19.4038
-20.0842
-20.6873
-21.2119
-21.6556
-22.0156
-22.2897
-22.4791
-22.5904
-22.6348
-22.6256
-22.5658
-22.4528
-22.284
-22.0569
-21.7694
-21.4184
-21
-20.509
-19.9372
-19.273
-18.4978
-17.5883
-16.5945
2.4247
3.90043
5.55835
7.33885
9.05509
10.7554
12.3733
13.7916
14.9653
15.9376
16.7194
17.3249
17.7959
18.1645
18.4525
18.6816
18.8672
19.0202
19.1497
19.2626
19.3636
19.4561
19.5422
19.6201
19.6824
19.7236
19.7422
19.7382
19.7111
19.6598
19.5833
19.4802
19.3485
19.1855
18.987
18.747
18.4561
18.0999
17.6958
0.852439
-0.639952
-2.30633
-4.00944
-5.6066
-7.21857
-8.7608
-10.1892
-11.5282
-12.7573
-13.878
-14.9051
-15.8403
-16.6915
-17.4647
-18.1628
-18.7882
-19.3416
-19.8215
-20.2263
-20.5536
-20.8016
-20.9719
-21.0709
-21.1092
-21.0993
-21.0439
-20.9412
-20.7888
-20.5851
-20.3283
-20.0159
-19.6448
-19.2103
-18.7054
-18.1194
-17.4351
-16.6308
-15.7509
2.29337
3.69238
5.26613
6.95769
8.58932
10.2078
11.7488
13.1025
14.2218
15.1537
15.9049
16.4865
16.9393
17.2941
17.5717
17.7928
17.9721
18.1201
18.2456
18.3553
18.4537
18.5444
18.6297
18.7078
18.7718
18.8161
18.8393
18.8413
18.8218
18.7799
18.7146
18.6247
18.5085
18.3635
18.1859
17.97
17.7071
17.3836
17.016
0.80971
-0.601654
-2.17587
-3.78166
-5.28489
-6.79917
-8.24477
-9.58112
-10.8306
-11.9758
-13.0173
-13.9701
-14.8366
-15.6237
-16.3368
-16.979
-17.5534
-18.0606
-18.4993
-18.8684
-19.1659
-19.3905
-19.5438
-19.6322
-19.6655
-19.6553
-19.6045
-19.5115
-19.3744
-19.192
-18.9629
-18.6853
-18.3564
-17.9723
-17.5268
-17.0103
-16.4068
-15.6962
-14.9184
2.17428
3.49991
4.99313
6.59894
8.14895
9.68814
11.1538
12.4444
13.5096
14.4033
15.1255
15.6832
16.1175
16.4587
16.7261
16.9391
17.112
17.2548
17.3762
17.4824
17.5782
17.6668
17.7507
17.8285
17.8936
17.9401
17.9669
17.974
17.9609
17.9271
17.8716
17.7934
17.6909
17.562
17.4032
17.2093
16.972
16.6787
16.3448
0.774518
-0.559795
-2.04624
-3.55938
-4.97295
-6.39427
-7.74757
-8.99604
-10.1599
-11.2256
-12.1908
-13.0728
-13.8754
-14.6027
-15.259
-15.8488
-16.3757
-16.84
-17.2408
-17.5771
-17.8475
-18.0509
-18.1892
-18.2682
-18.2975
-18.2876
-18.2414
-18.1575
-18.0347
-17.8718
-17.6679
-17.4215
-17.1305
-16.7914
-16.3988
-15.9441
-15.4126
-14.7856
-14.099
2.06621
3.32189
4.73823
6.26188
7.73355
9.19607
10.5883
11.8165
12.8248
13.6829
14.378
14.9122
15.3282
15.6561
15.9135
16.1186
16.2852
16.4229
16.5401
16.6428
16.7357
16.822
16.9043
16.9815
17.0469
17.0951
17.1248
17.1361
17.1286
17.1017
17.0549
16.987
16.8967
16.7822
16.6404
16.4663
16.2525
15.9867
15.684
0.74598
-0.515048
-1.91804
-3.34312
-4.67145
-6.00444
-7.26969
-8.43444
-9.5163
-10.5072
-11.3971
-12.2106
-12.9535
-13.6247
-14.2273
-14.7678
-15.2504
-15.6751
-16.0409
-16.3472
-16.5929
-16.7775
-16.9025
-16.9737
-16.9998
-16.9907
-16.9492
-16.8741
-16.7644
-16.6195
-16.4385
-16.2205
-15.9635
-15.6647
-15.3193
-14.9196
-14.4521
-13.8999
-13.2949
1.96816
3.15705
4.50018
5.9449
7.34156
8.73016
10.0519
11.2189
12.1662
12.9904
13.6604
14.1712
14.5691
14.8841
15.1319
15.3293
15.4897
15.6224
15.7355
15.8348
15.9247
16.0087
16.0893
16.1655
16.231
16.2805
16.3126
16.3274
16.3247
16.304
16.2648
16.206
16.1268
16.0253
15.8987
15.7426
15.5501
15.3097
15.0356
0.724193
-0.466574
-1.78959
-3.13057
-4.37772
-5.62657
-6.80848
-7.89407
-8.8984
-9.81776
-10.6355
-11.3858
-12.0735
-12.6905
-13.2409
-13.7344
-14.1752
-14.5625
-14.8954
-15.1739
-15.3971
-15.5645
-15.678
-15.7425
-15.7662
-15.7584
-15.7216
-15.655
-15.5577
-15.4294
-15.2695
-15.0771
-14.8509
-14.5883
-14.2852
-13.9346
-13.5244
-13.0389
-12.507
1.8796
3.00428
4.27604
5.64382
6.96738
8.28333
9.53728
10.6457
11.5378
12.3325
12.9761
13.4615
13.8409
14.1431
14.381
14.5705
14.7245
14.8522
14.9611
15.057
15.144
15.2256
15.3045
15.3797
15.445
15.4954
15.5294
15.5473
15.5488
15.5337
15.5012
15.4508
15.3814
15.2916
15.1789
15.0392
14.8661
14.6487
14.4009
0.708764
-0.414538
-1.6602
-2.92046
-4.08937
-5.25717
-6.3589
-7.36953
-8.30032
-9.15109
-9.89908
-10.599
-11.2398
-11.8019
-12.2992
-12.7476
-13.1491
-13.5008
-13.8023
-14.0545
-14.2568
-14.4086
-14.5116
-14.5705
-14.5926
-14.5866
-14.5547
-14.4964
-14.4108
-14.2981
-14.1576
-13.9885
-13.7901
-13.5602
-13.2949
-12.9882
-12.6293
-12.2036
-11.7373
1.80003
2.86258
4.06451
5.35601
6.6068
7.84894
9.03521
10.0826
10.9321
11.713
12.3287
12.7832
13.1433
13.4334
13.6615
13.8429
13.9905
14.1132
14.218
14.3104
14.3944
14.4736
14.5505
14.6244
14.6895
14.7405
14.7762
14.7968
14.8021
14.7918
14.7655
14.7225
14.6621
14.5828
14.4826
14.3578
14.2024
14.0061
13.7824
0.697795
-0.372672
-1.55824
-2.75008
-3.84899
-4.93838
-5.95198
-6.8715
-7.69914
-8.45664
-9.07485
-9.76198
-10.4114
-10.9521
-11.4253
-11.8591
-12.2499
-12.5909
-12.8826
-13.1268
-13.3233
-13.4712
-13.5718
-13.6299
-13.653
-13.6497
-13.6226
-13.5707
-13.4942
-13.3934
-13.2649
-13.1117
-12.9326
-12.7254
-12.4864
-12.2102
-11.8871
-11.5038
-11.0843
1.73944
2.75202
3.89929
5.12265
6.30293
7.46171
8.55152
9.48269
10.2336
11.0868
11.718
12.1614
12.5197
12.8134
13.0433
13.2249
13.3727
13.4958
13.6009
13.6936
13.778
13.8577
13.9354
14.0106
14.0773
14.1303
14.1682
14.1914
14.1997
14.1931
14.171
14.1331
14.0785
14.0063
13.9144
13.7993
13.6557
13.4735
13.266
0.689837
-0.337091
-1.47134
-2.60316
-3.63668
-4.6477
-5.56938
-6.38663
-7.09243
-7.7361
-8.1831
-8.89326
-9.58879
-10.1313
-10.6001
-11.0393
-11.4382
-11.7853
-12.0818
-12.3306
-12.5313
-12.6832
-12.7877
-12.8492
-12.876
-12.8767
-12.8545
-12.808
-12.7386
-12.6473
-12.5255
-12.3826
-12.217
-12.0253
-11.8043
-11.5494
-11.2515
-10.898
-10.5112
1.69033
2.66123
3.75955
4.91917
6.028
7.09408
8.06889
8.86229
9.48973
10.4567
11.135
11.5829
11.9506
12.2575
12.4971
12.685
12.8376
12.9647
13.0732
13.1688
13.256
13.3383
13.4189
13.4971
13.567
13.6229
13.6635
13.6894
13.7005
13.6966
13.6776
13.6431
13.5925
13.5248
13.4383
13.3297
13.1937
13.0207
12.8237
0.683558
-0.299397
-1.38184
-2.45325
-3.42152
-4.35449
-5.18648
-5.904
-6.49503
-7.02798
-7.31584
-8.03507
-8.76708
-9.30892
-9.76935
-10.2092
-10.6131
-10.9644
-11.2641
-11.5163
-11.7209
-11.8764
-11.9848
-12.0498
-12.0804
-12.0853
-12.0686
-12.028
-11.9664
-11.8854
-11.7713
-11.6395
-11.4882
-11.3128
-11.1102
-10.8767
-10.6041
-10.2804
-9.92875
1.64223
2.57121
3.61989
4.71547
5.75388
6.72697
7.59098
8.25499
8.76111
9.81823
10.5454
10.9986
11.3717
11.6897
11.9387
12.1326
12.2896
12.4204
12.5321
12.6304
12.7201
12.805
12.8884
12.9697
13.0428
13.1017
13.1452
13.1739
13.1879
13.1871
13.1713
13.1403
13.0938
13.0309
12.9498
12.8477
12.7195
12.5557
12.3695
0.67868
-0.260288
-1.29081
-2.30213
-3.20574
-4.06161
-4.80672
-5.42694
-5.91099
-6.33207
-6.47889
-7.19119
-7.94553
-8.48508
-8.93512
-9.37104
-9.77639
-10.1297
-10.4312
-10.6857
-10.8932
-11.0523
-11.1642
-11.2329
-11.2673
-11.2764
-11.2648
-11.2297
-11.1755
-11.104
-10.9968
-10.8751
-10.7372
-10.5772
-10.3922
-10.1795
-9.93141
-9.63588
-9.31241
1.59529
2.48257
3.48135
4.5133
5.4827
6.36258
7.12131
7.66048
8.05259
9.17213
9.9475
10.4095
10.7857
11.1119
11.3692
11.569
11.7303
11.8646
11.9793
12.0803
12.1725
12.2598
12.3458
12.4302
12.5065
12.5684
12.6149
12.6466
12.6636
12.6661
12.6538
12.6267
12.5846
12.5267
12.4515
12.3561
12.2358
12.0814
11.9059
0.675233
-0.220157
-1.19912
-2.15122
-2.9914
-3.77173
-4.43318
-4.95871
-5.34352
-5.6501
-5.67567
-6.3654
-7.12549
-7.65929
-8.0974
-8.5255
-8.92844
-9.28161
-9.58347
-9.83905
-10.0488
-10.2111
-10.3269
-10.4001
-10.4398
-10.4552
-10.4512
-10.4244
-10.3806
-10.3217
-10.2251
-10.1167
-9.99455
-9.85184
-9.68582
-9.49429
-9.27103
-9.00635
-8.72557
1.54995
2.39603
3.34507
4.31439
5.21656
6.00299
6.66227
7.07665
7.3632
8.51944
9.33886
9.81395
10.1934
10.5262
10.7904
10.9951
11.1599
11.2975
11.4154
11.5194
11.6142
11.7042
11.7929
11.8805
11.9603
12.0257
12.0755
12.1105
12.1309
12.1367
12.1281
12.105
12.0673
12.0144
11.9451
11.8567
11.7446
11.6
11.4356
0.673073
-0.179696
-1.10825
-2.00252
-2.78115
-3.48818
-4.06975
-4.50369
-4.79662
-4.98511
-4.9081
-5.56002
-6.30816
-6.83118
-7.25592
-7.67278
-8.06947
-8.41999
-8.72088
-8.97686
-9.18842
-9.35357
-9.47228
-9.5482
-9.59012
-9.60776
-9.60689
-9.58352
-9.5447
-9.49232
-9.40092
-9.30076
-9.19008
-9.06133
-8.91211
-8.74064
-8.53998
-8.29704
-8.02261
1.5068
2.31279
3.21264
4.12119
4.95756
5.65029
6.21579
6.50148
6.68872
7.86089
8.71805
9.20859
9.59258
9.93293
10.2055
10.4155
10.5827
10.7219
10.8416
10.9477
11.045
11.1376
11.2294
11.3204
11.4039
11.4733
11.5272
11.5664
11.5914
11.602
11.5983
11.5804
11.5482
11.501
11.4379
11.3564
11.2522
11.1164
10.9605
0.671991
-0.14035
-1.0208
-1.85964
-2.57885
-3.21518
-3.72026
-4.06557
-4.27257
-4.33913
-4.17701
-4.77641
-5.49497
-6.00084
-6.40992
-6.8122
-7.19892
-7.54391
-7.84202
-8.09754
-8.31138
-8.4816
-8.60854
-8.69587
-8.75144
-8.78363
-8.79856
-8.79206
-8.77217
-8.74058
-8.66781
-8.58733
-8.49744
-8.38948
-8.26105
-8.11168
-7.93871
-7.73877
-7.54753
1.46694
2.23492
3.08706
3.93733
4.70769
5.30455
5.77962
5.92828
6.01913
7.19568
8.08729
8.59325
8.97894
9.32422
9.60701
9.82732
10.0021
10.1454
10.267
10.3741
10.4724
10.5665
10.6605
10.7544
10.8412
10.9138
10.9709
11.0134
11.0419
11.0566
11.0578
11.0457
11.0203
10.9811
10.9271
10.8558
10.7633
10.6424
10.5076
0.671526
-0.103922
-0.940121
-1.7272
-2.38974
-2.95804
-3.38833
-3.64583
-3.77078
-3.713
-3.48154
-4.01483
-4.68712
-5.1681
-5.55779
-5.94199
-6.31535
-6.6524
-6.94587
-7.19828
-7.4095
-7.5763
-7.69724
-7.77433
-7.81754
-7.83898
-7.84489
-7.8305
-7.8041
-7.76669
-7.68978
-7.60992
-7.52545
-7.4277
-7.31424
-7.18344
-7.02599
-6.82124
-6.55548
1.4311
2.16402
2.97123
3.76674
4.46909
4.96692
5.35271
5.34957
5.33772
6.5142
7.44731
7.979
8.36812
8.70845
8.98748
9.20957
9.39205
9.54622
9.67847
9.79403
9.8984
9.99715
10.0954
10.1943
10.2874
10.3671
10.4312
10.4802
10.5142
10.5332
10.5376
10.5277
10.5038
10.4662
10.4143
10.3461
10.2573
10.1355
9.98433
0.671283
-0.0704587
-0.866405
-1.6066
-2.21699
-2.72228
-3.0803
-3.25214
-3.29936
-3.11476
-2.82105
-3.27443
-3.88581
-4.33304
-4.69802
-5.05884
-5.41355
-5.74034
-6.03264
-6.29223
-6.51893
-6.7108
-6.86813
-6.99333
-7.08772
-7.15541
-7.20514
-7.23386
-7.25362
-7.26453
-7.22899
-7.186
-7.1352
-7.06698
-6.97983
-6.87652
-6.76385
-6.65536
-6.61938
1.39822
2.0986
2.86436
3.61053
4.24534
4.65069
4.95306
4.76848
4.62952
5.7936
6.77003
7.34977
7.77692
8.13875
8.41659
8.61944
8.77705
8.91227
9.03555
9.15045
9.2591
9.36431
9.46956
9.57497
9.67417
9.76125
9.83558
9.89804
9.94878
9.98773
10.0147
10.0292
10.0306
10.018
9.99006
9.94552
9.88483
9.81126
9.75885
0.671565
-0.038806
-0.797807
-1.49606
-2.06099
-2.51282
-2.80752
-2.90686
-2.88547
-2.56219
-2.19613
-2.55745
-3.09278
-3.49481
-3.83089
-4.16493
-4.49103
-4.78858
-5.05136
-5.27994
-5.47166
-5.61924
-5.71592
-5.76178
-5.7777
-5.7854
-5.78661
-5.7722
-5.7472
-5.7115
-5.64306
-5.57971
-5.51884
-5.45188
-5.37549
-5.28468
-5.15877
-4.95416
-4.59909
1.36803
2.03828
2.76659
3.46954
4.04245
4.37862
4.60426
4.18487
3.89365
5.03149
6.01257
6.60812
7.07781
7.51333
7.87647
8.14723
8.3384
8.47308
8.5747
8.66103
8.74364
8.83004
8.92528
9.02755
9.12424
9.20384
9.26391
9.30574
9.33107
9.34135
9.33806
9.32315
9.2987
9.26631
9.22595
9.17331
9.09397
8.95161
8.70177
0.672695
-0.016623
-0.74846
-1.41231
-1.93779
-2.34134
-2.57589
-2.61294
-2.51799
-2.03353
-1.59614
-1.87262
-2.31501
-2.64895
-2.94508
-3.26073
-3.58896
-3.91041
-4.21779
-4.51115
-4.79151
-5.0611
-5.32074
-5.56305
-5.7591
-5.8996
-6.01227
-6.10446
-6.20032
-6.29594
-6.32517
-6.3286
-6.32504
-6.30809
-6.27403
-6.23114
-6.20988
-6.2647
-6.53768
1.34947
1.99955
2.69942
3.36271
3.87227
4.14334
4.24057
3.51669
3.11581
4.29702
5.2864
5.83316
6.21023
6.55095
6.87555
7.18893
7.48843
7.7597
7.99081
8.17971
8.33246
8.45899
8.57375
8.69711
8.84298
8.99908
9.14815
9.28478
9.40744
9.51517
9.60588
9.67665
9.72522
9.75048
9.75446
9.74528
9.74871
9.82187
10.0782
0.671952
-0.0259728
-0.758459
-1.406
-1.89627
-2.23829
-2.38169
-2.3143
-2.07399
-1.41034
-0.975358
-1.2128
-1.57569
-1.82201
-2.01369
-2.2004
-2.38493
-2.55892
-2.71705
-2.85389
-2.95672
-3.00518
-2.98449
-2.90361
-2.82895
-2.7956
-2.77936
-2.74688
-2.68961
-2.64855
-2.5788
-2.51835
-2.47494
-2.43549
-2.3928
-2.33789
-2.22344
-1.96403
-1.36883
1.35804
2.01307
2.70513
3.33199
3.75775
3.8978
3.69096
2.60761
2.19554
3.56363
4.78847
5.58353
6.08454
6.34926
6.40535
6.33212
6.21517
6.12368
6.08689
6.10759
6.17728
6.28708
6.42052
6.53613
6.58833
6.59548
6.59291
6.58603
6.57377
6.55586
6.53617
6.51987
6.51067
6.50967
6.51187
6.49847
6.41386
6.14497
5.50753
0.664694
-0.0658809
-0.824103
-1.47652
-1.9416
-2.2168
-2.2473
-2.02946
-1.5679
-0.730935
-0.311356
-0.502796
-0.838439
-1.15317
-1.47022
-1.80119
-2.14917
-2.51595
-2.90679
-3.33109
-3.80181
-4.32556
-4.87793
-5.39635
-5.76942
-5.99684
-6.22077
-6.3986
-6.6954
-7.12787
-7.00318
-7.02554
-7.15791
-7.25541
-7.30228
-7.34767
-7.47008
-7.78134
-8.49445
1.38161
2.06017
2.76307
3.36536
3.70695
3.67146
3.05665
1.65291
1.00061
2.22016
3.57643
4.92134
6.23205
7.47678
8.53514
9.34651
9.92942
10.3025
10.5151
10.6228
10.6739
10.7076
10.7814
10.987
11.3594
11.7644
12.0981
12.3731
12.6122
12.8194
12.9877
13.1132
13.1984
13.2501
13.2854
13.3383
13.4953
13.8874
14.7282
119.578
117.513
114.921
111.875
108.218
103.923
99.0162
93.5731
87.7391
81.7017
75.6369
69.6684
63.8622
58.246
52.829
47.6158
42.6091
37.8111
33.2231
28.8448
24.6732
20.7054
16.9366
13.3619
9.97605
6.77441
3.75225
0.904457
-1.77343
-4.28599
-6.63605
-8.82512
-10.8548
-12.7253
-14.437
-15.9902
-17.3854
-18.6237
-19.7067
-20.6364
-21.416
-22.0494
-22.5413
-22.8972
-23.1237
-23.2279
-23.2174
-23.1005
-22.8858
-22.5823
-22.1989
-21.7445
-21.228
-20.6579
-20.0425
-19.3894
-18.7059
-17.9986
-17.2736
-16.5365
-15.792
-15.0445
-14.2977
-13.5547
-12.8186
-12.0909
-11.3753
-10.7631
-10.2172
-9.66624
-9.06918
-8.52411
-7.8136
-7.42422
-6.34437
-6.61949
-4.32294
-6.73796
-0.98999
-8.99408
119.269
115.65
111.69
107.603
103.434
99.2574
95.1297
91.0802
87.1263
83.2815
79.5568
75.9633
72.511
69.208
66.0615
63.0764
60.256
57.6019
55.1136
52.7888
50.6236
48.6127
46.7495
45.0265
43.4355
41.9678
40.6147
39.3674
38.2171
37.1554
36.1744
35.2662
34.4234
33.6388
32.9058
32.2177
31.5681
30.9511
30.3607
29.7914
29.2379
28.6952
28.1589
27.6248
27.0893
26.5492
26.0021
25.4458
24.8789
24.3005
23.7102
23.108
22.4945
21.8706
21.2375
20.5967
19.9499
19.2991
18.6462
17.9933
17.3424
16.6954
16.0544
15.4211
14.7978
14.1858
13.5883
13.0864
12.6539
12.2098
11.7562
11.2966
10.8281
10.3954
9.84982
9.71802
8.48272
10.2599
5.07349
15.0835
48.6591
48.2082
47.8909
47.6043
47.2765
46.9019
46.4533
45.8854
45.1531
44.2253
43.0883
41.7413
40.1907
38.4481
36.5293
34.4522
32.2371
29.9049
27.4769
24.975
22.4203
19.834
17.2358
14.6439
12.0755
9.54532
7.06662
4.6523
2.31529
0.0661086
-2.08633
-4.13449
-6.07279
-7.89604
-9.59984
-11.1808
-12.636
-13.9632
-15.1608
-16.2279
-17.1643
-17.971
-18.6496
-19.2024
-19.633
-19.9457
-20.1456
-20.2384
-20.2306
-20.1292
-19.9415
-19.6751
-19.3379
-18.9374
-18.4815
-17.9774
-17.4323
-16.8531
-16.2458
-15.6165
-14.9704
-14.3124
-13.6466
-12.9769
-12.307
-11.6388
-10.9764
-10.4062
-9.89501
-9.37985
-8.81354
-8.30307
-7.61755
-7.26123
-6.20631
-6.49594
-4.26467
-6.60195
-1.09188
-8.79725
48.9097
49.1272
49.6602
50.1306
50.5049
50.7747
50.9317
50.9727
50.8989
50.7132
50.4191
50.0204
49.5228
48.9323
48.2566
47.5044
46.6851
45.8089
44.8871
43.9312
42.9524
41.9616
40.9691
39.9847
39.0167
38.072
37.1565
36.2745
35.429
34.6215
33.8528
33.1222
32.4284
31.7695
31.1429
30.5456
29.9745
29.4261
28.8967
28.3829
27.8809
27.3872
26.8984
26.4113
25.9229
25.4306
24.932
24.4252
23.9086
23.3812
22.8423
22.2917
21.7294
21.1562
20.5727
19.9803
19.3803
18.7744
18.1642
17.5518
16.9389
16.3276
15.7199
15.1177
14.5231
13.9374
13.3643
12.8818
12.4653
12.0372
11.5987
11.1543
10.6995
10.2826
9.74781
9.63104
8.41868
10.1435
5.16513
14.7292
26.6134
26.2394
25.8727
25.5021
25.0991
24.6644
24.1981
23.6995
23.1712
22.6182
22.0458
21.4572
20.8506
20.2181
19.5487
18.8299
18.0509
17.202
16.2754
15.2657
14.17
12.9882
11.7224
10.3777
8.96168
7.48389
5.95599
4.39016
2.79926
1.19649
-0.404551
-1.99007
-3.54726
-5.0637
-6.52783
-7.92934
-9.25892
-10.5084
-11.6707
-12.7399
-13.7112
-14.5811
-15.3472
-16.0079
-16.5631
-17.0137
-17.3615
-17.6094
-17.7609
-17.8207
-17.7939
-17.6862
-17.5037
-17.2528
-16.9401
-16.5722
-16.1556
-15.6968
-15.2018
-14.6765
-14.1263
-13.5563
-12.9712
-12.3749
-11.7717
-11.1641
-10.5561
-10.0294
-9.55437
-9.07542
-8.54262
-8.06494
-7.413
-7.07749
-6.07425
-6.3375
-4.23937
-6.40422
-1.24793
-8.49027
26.8814
27.1232
27.4036
27.6761
27.9806
28.3132
28.6692
29.0436
29.4306
29.824
30.2173
30.6033
30.9753
31.3263
31.6495
31.9383
32.1867
32.3893
32.5415
32.6402
32.683
32.6691
32.5987
32.4739
32.2977
32.074
31.8076
31.5042
31.1693
30.8088
30.4282
30.0327
29.6268
29.2144
28.7986
28.3818
27.9653
27.5503
27.1367
26.7244
26.3125
25.8999
25.4853
25.0671
24.6438
24.2137
23.7753
23.3273
22.8685
22.398
21.9153
21.42
20.9123
20.3925
19.8613
19.3195
18.7685
18.2095
17.6443
17.0744
16.5018
15.9284
15.3561
14.7869
14.223
13.6657
13.1189
12.6574
12.2587
11.848
11.4263
10.9987
10.5597
10.1581
9.64115
9.52397
8.37286
9.97353
5.31052
14.3215
27.2106
26.9927
26.7589
26.5076
26.217
25.8692
25.45
24.9465
24.3508
23.6636
22.8945
22.0593
21.1743
20.2514
19.2977
18.3168
17.3113
16.2835
15.2349
14.166
13.0771
11.9674
10.8361
9.6821
8.50454
7.30303
6.07819
4.83125
3.5648
2.2824
0.989064
-0.30881
-1.60412
-2.88877
-4.15394
-5.39067
-6.58985
-7.74265
-8.84059
-9.87579
-10.8413
-11.7311
-12.54
-13.2638
-13.8997
-14.4457
-14.9011
-15.266
-15.5417
-15.7304
-15.8352
-15.8599
-15.8088
-15.6869
-15.4996
-15.2524
-14.9511
-14.6016
-14.2094
-13.7802
-13.3194
-12.8321
-12.323
-11.7965
-11.2568
-10.7073
-10.1518
-9.66679
-9.22572
-8.78042
-8.27906
-7.83245
-7.21141
-6.89867
-5.93694
-6.19298
-4.18554
-6.25477
-1.31289
-8.29109
27.3902
27.5546
27.7001
27.8284
27.9444
28.0433
28.1266
28.1956
28.2512
28.2946
28.3274
28.351
28.3668
28.3762
28.3804
28.3804
28.3767
28.3696
28.3586
28.343
28.3214
28.2922
28.2532
28.2023
28.1372
28.0559
27.9565
27.8376
27.6983
27.5383
27.3578
27.1574
26.9385
26.7023
26.4505
26.1849
25.907
25.6181
25.3194
25.0117
24.6954
24.3707
24.0374
23.6951
23.3431
22.9809
22.6075
22.2221
21.8242
21.4129
20.988
20.5493
20.0967
19.6306
19.1515
18.6602
18.1577
17.6454
17.1247
16.5971
16.0645
15.5286
14.9915
14.4551
13.9217
13.3925
12.8717
12.4307
12.0489
11.6549
11.2495
10.838
10.4144
10.0276
9.52648
9.41389
8.30442
9.83878
5.35359
14.0607
23.665
23.4502
23.2325
23.0224
22.8083
22.5785
22.3244
22.0373
21.7068
21.3233
20.8808
20.378
19.8177
19.2039
18.539
17.8238
17.0581
16.2426
15.3788
14.4689
13.5161
12.5238
11.4958
10.4361
9.34878
8.23781
7.10707
5.96032
4.8014
3.63401
2.46193
1.28938
0.12055
-1.03988
-2.18669
-3.31434
-4.41684
-5.48789
-6.52096
-7.5095
-8.4472
-9.32804
-10.1464
-10.8973
-11.5764
-12.1804
-12.7067
-13.1538
-13.5208
-13.8082
-14.017
-14.1493
-14.2078
-14.1958
-14.1174
-13.9771
-13.7794
-13.5295
-13.2323
-12.8931
-12.5169
-12.1085
-11.6728
-11.2141
-10.7368
-10.2445
-9.74095
-9.29743
-8.89013
-8.47835
-8.00853
-7.59336
-7.00241
-6.71547
-5.789
-6.0516
-4.10928
-6.12691
-1.32907
-8.14333
23.8283
23.962
24.1005
24.2415
24.3816
24.5194
24.6543
24.7849
24.9096
25.027
25.1356
25.2341
25.3212
25.3959
25.4571
25.5044
25.5375
25.5563
25.5612
25.5528
25.5318
25.499
25.4556
25.4023
25.3399
25.269
25.1899
25.1026
25.0071
24.9029
24.7895
24.6663
24.5327
24.3881
24.2321
24.0643
23.8844
23.6925
23.4883
23.2719
23.0434
22.8026
22.5493
22.2834
22.0045
21.7122
21.4061
21.0857
20.7505
20.4002
20.0346
19.6534
19.2569
18.8452
18.4189
17.9786
17.5254
17.0602
16.5846
16.1
15.608
15.1106
14.6095
14.1067
13.6045
13.1043
12.6103
12.1904
11.8258
11.449
11.0604
10.6654
10.2575
9.88572
9.40049
9.29533
8.21788
9.71317
5.34256
13.8469
18.7546
18.5593
18.3596
18.1674
17.9744
17.7752
17.5649
17.3378
17.0882
16.8101
16.4986
16.1514
15.7693
15.3549
14.9109
14.4385
13.9366
13.4033
12.8361
12.2328
11.5921
10.9127
10.194
9.43607
8.63965
7.80621
6.93796
6.03771
5.10905
4.15594
3.18276
2.19441
1.19583
0.192248
-0.810887
-1.80807
-2.79363
-3.76184
-4.70678
-5.62261
-6.5035
-7.34377
-8.13788
-8.88059
-9.56723
-10.1935
-10.7559
-11.2514
-11.678
-12.0344
-12.3202
-12.5356
-12.6818
-12.7607
-12.7748
-12.7272
-12.6215
-12.4616
-12.2518
-11.9966
-11.7004
-11.3678
-11.0033
-10.6111
-10.1956
-9.76057
-9.30943
-8.90798
-8.53544
-8.15825
-7.72143
-7.33878
-6.77968
-6.51932
-5.63035
-5.89915
-4.02556
-5.98716
-1.34282
-7.97773
18.8944
19.0043
19.1246
19.2492
19.3782
19.5121
19.6509
19.7942
19.9417
20.093
20.2473
20.4042
20.5625
20.7212
20.8792
21.0351
21.1873
21.3342
21.4745
21.6064
21.7285
21.8395
21.9382
22.0238
22.0954
22.1529
22.1958
22.2242
22.2384
22.2385
22.2249
22.1979
22.1577
22.1043
22.038
21.9586
21.8661
21.7602
21.6407
21.5073
21.3599
21.198
21.0214
20.8298
20.6228
20.4001
20.1614
19.9063
19.6345
19.3459
19.0401
18.7173
18.3775
18.021
17.6482
17.2598
16.8566
16.4396
16.0102
15.5697
15.1197
14.6619
14.1982
13.7306
13.2612
12.7915
12.3258
11.9284
11.5824
11.2239
10.8533
10.476
10.0852
9.72913
9.26185
9.16274
8.12225
9.56882
5.32801
13.6038
15.6651
15.5048
15.3382
15.174
15.0073
14.8364
14.66
14.4731
14.2704
14.0467
13.7966
13.5158
13.2028
12.8591
12.488
12.0929
11.676
11.2379
10.778
10.2952
9.78851
9.2573
8.70066
8.11784
7.50815
6.87113
6.20651
5.51443
4.79552
4.05084
3.28207
2.49157
1.68216
0.857287
0.0209958
-0.822276
-1.66765
-2.50999
-3.34383
-4.16362
-4.96374
-5.73858
-6.48262
-7.19043
-7.85702
-8.47766
-9.04801
-9.56437
-10.0235
-10.4231
-10.7612
-11.037
-11.25
-11.4008
-11.4906
-11.521
-11.4944
-11.4138
-11.2824
-11.1038
-10.8818
-10.6204
-10.3236
-9.99548
-9.64006
-9.26124
-8.86213
-8.50285
-8.16544
-7.82323
-7.42029
-7.07058
-6.54493
-6.31086
-5.46258
-5.73471
-3.93661
-5.83328
-1.35519
-7.79117
15.7858
15.8888
15.9994
16.1127
16.2298
16.3506
16.4748
16.6024
16.7334
16.8676
17.0051
17.1456
17.2889
17.4348
17.5832
17.7338
17.8861
18.0395
18.1936
18.3476
18.5005
18.6515
18.7992
18.9426
19.0803
19.2109
19.3331
19.4456
19.5474
19.6373
19.7143
19.7779
19.8274
19.8624
19.8826
19.8877
19.8776
19.8521
19.811
19.7541
19.6814
19.5924
19.4871
19.365
19.2258
19.0694
18.8954
18.7034
18.4933
18.2649
18.018
17.7526
17.4689
17.167
16.8474
16.5107
16.1576
15.789
15.4062
15.0103
14.603
14.1857
13.7604
13.329
12.8935
12.4556
12.0195
11.6456
11.3193
10.9802
10.6287
10.27
9.8975
9.55767
9.11037
9.0153
8.01804
9.40428
5.31096
13.3376
13.5912
13.4576
13.3171
13.1762
13.0317
12.8837
12.7334
12.579
12.4166
12.2419
12.0504
11.8373
11.5983
11.3312
11.0369
10.7174
10.3753
10.0125
9.62951
9.22581
8.80069
8.35367
7.88449
7.39302
6.87928
6.34331
5.78529
5.20547
4.60435
3.98249
3.34074
2.68025
2.00241
1.309
0.60228
-0.115106
-0.840026
-1.56894
-2.29786
-3.02242
-3.73804
-4.43989
-5.12301
-5.78237
-6.41308
-7.01036
-7.56967
-8.08684
-8.5581
-8.98024
-9.35057
-9.66704
-9.92829
-10.1335
-10.2828
-10.3766
-10.4162
-10.4034
-10.3404
-10.2299
-10.075
-9.87892
-9.64526
-9.37754
-9.07946
-8.75485
-8.40639
-8.08853
-7.78584
-7.47822
-7.10925
-6.79225
-6.30082
-6.09263
-5.2865
-5.56124
-3.83967
-5.6722
-1.356
-7.60017
13.6961
13.7895
13.8887
13.9911
14.0973
14.2072
14.3206
14.4376
14.558
14.6817
14.8086
14.9384
15.071
15.2061
15.3435
15.4829
15.624
15.7664
15.9099
16.0541
16.1987
16.3431
16.487
16.6297
16.7707
16.9094
17.0448
17.1762
17.3027
17.4231
17.5364
17.6415
17.7373
17.8227
17.8968
17.9586
18.0072
18.0419
18.0619
18.0668
18.0559
18.0287
17.9849
17.9238
17.8452
17.7486
17.6337
17.5002
17.3477
17.176
16.985
16.7745
16.5447
16.2957
16.0279
15.7417
15.4377
15.1168
14.7801
14.4286
14.0639
13.6873
13.3007
12.9059
12.505
12.0996
11.6939
11.3443
11.0381
10.7191
10.3874
10.048
9.69469
9.37146
8.9456
8.85326
7.90269
9.22498
5.28
13.0682
11.8211
11.7077
11.5877
11.4661
11.34
11.2095
11.0765
10.9416
10.8035
10.6594
10.5058
10.3394
10.1559
9.95147
9.72406
9.47387
9.2025
8.91189
8.60354
8.27793
7.93446
7.57217
7.19031
6.78835
6.36596
5.9229
5.45913
4.97473
4.47003
3.94552
3.40192
2.84023
2.26159
1.6674
1.0594
0.439545
-0.189906
-0.82635
-1.46687
-2.10821
-2.74684
-3.37897
-4.00053
-4.60727
-5.19487
-5.75897
-6.29524
-6.79957
-7.26801
-7.697
-8.08336
-8.42434
-8.71783
-8.96215
-9.15633
-9.29997
-9.39326
-9.43698
-9.43243
-9.38138
-9.28608
-9.14908
-8.97327
-8.76172
-8.51761
-8.24461
-7.94488
-7.66721
-7.3985
-7.12476
-6.78956
-6.50481
-6.04797
-5.86529
-5.10196
-5.37961
-3.73334
-5.50585
-1.34306
-7.40948
11.9113
11.9926
12.0789
12.1687
12.2623
12.3596
12.4607
12.5657
12.6746
12.7873
12.9039
13.0242
13.1481
13.2756
13.4065
13.5404
13.6773
13.8167
13.9584
14.102
14.247
14.393
14.5395
14.6859
14.8318
14.9766
15.1196
15.2603
15.398
15.5319
15.6614
15.7856
15.9037
16.0148
16.118
16.2122
16.2965
16.3699
16.4315
16.4802
16.5152
16.5356
16.5407
16.5297
16.5019
16.4567
16.3935
16.3118
16.2111
16.0912
15.9517
15.7924
15.6133
15.4143
15.1958
14.958
14.7015
14.427
14.1352
13.8274
13.5047
13.1686
12.8206
12.4626
12.0966
11.724
11.3492
11.0244
10.7389
10.4405
10.1292
9.80965
9.47615
9.16982
8.76663
8.67622
7.77444
9.03225
5.23256
12.7977
10.3271
10.2307
10.1285
10.0242
9.91516
9.80093
9.68286
9.56221
9.43955
9.3142
9.18405
9.04632
8.89809
8.73588
8.55616
8.35685
8.13792
7.90069
7.64687
7.37793
7.09457
6.79642
6.48266
6.15254
5.8055
5.44115
5.05914
4.6592
4.24123
3.80522
3.35137
2.88016
2.39218
1.88833
1.3698
0.837998
0.29464
-0.258269
-0.818435
-1.38328
-1.94995
-2.51538
-3.07621
-3.62887
-4.16966
-4.69474
-5.20022
-5.68223
-6.13695
-6.56079
-6.9504
-7.30267
-7.61501
-7.88515
-8.1114
-8.29257
-8.42801
-8.51762
-8.56184
-8.5616
-8.51834
-8.43386
-8.31035
-8.15034
-7.95645
-7.73208
-7.4788
-7.23978
-7.00408
-6.76334
-6.46151
-6.20843
-5.78637
-5.62877
-4.90871
-5.18939
-3.61763
-5.33294
-1.31873
-7.21641
10.4048
10.4757
10.551
10.6296
10.7116
10.7971
10.8862
10.9789
11.0755
11.1757
11.2798
11.3878
11.4995
11.6151
11.7345
11.8576
11.9844
12.1146
12.2481
12.3847
12.5241
12.6661
12.8102
12.956
13.1031
13.2509
13.3988
13.5462
13.6925
13.8369
13.9786
14.117
14.2511
14.3803
14.5035
14.62
14.7289
14.8291
14.9197
14.9999
15.0685
15.1246
15.1674
15.1958
15.2089
15.2061
15.1864
15.1491
15.0937
15.0196
14.9263
14.8134
14.6808
14.5283
14.3559
14.1638
13.9524
13.7222
13.4739
13.2085
12.9269
12.6305
12.3207
11.9993
11.6681
11.3286
10.985
10.6854
10.421
10.1436
9.85317
9.55399
9.24097
8.95187
8.57243
8.48342
7.6324
8.82491
5.1708
12.5205
9.10872
9.02656
8.93945
8.85014
8.75638
8.65753
8.55424
8.44723
8.33736
8.22539
8.11111
7.99299
7.86876
7.73594
7.59152
7.43223
7.25588
7.06213
6.85199
6.62692
6.38837
6.13716
5.87316
5.59573
5.30418
4.99808
4.67711
4.34103
3.98963
3.62277
3.24042
2.84273
2.42991
2.0024
1.56084
1.10608
0.639196
0.161554
-0.325197
-0.819153
-1.31814
-1.81972
-2.32119
-2.81958
-3.31177
-3.79445
-4.26417
-4.71743
-5.15069
-5.56049
-5.94351
-6.29656
-6.61675
-6.9015
-7.14863
-7.35637
-7.52343
-7.64899
-7.73274
-7.77487
-7.77606
-7.73739
-7.66037
-7.54695
-7.39912
-7.21997
-7.01044
-6.80821
-6.60425
-6.39534
-6.12619
-5.90393
-5.51656
-5.38343
-4.70696
-4.99046
-3.49285
-5.15267
-1.28452
-7.01861
9.17583
9.23809
9.30409
9.373
9.44506
9.52032
9.59889
9.68084
9.76623
9.85515
9.94766
10.0438
10.1436
10.2471
10.3544
10.4653
10.5799
10.6982
10.8199
10.9452
11.0738
11.2054
11.3401
11.4774
11.6171
11.7589
11.9022
12.0468
12.1919
12.3372
12.4818
12.6251
12.7663
12.9047
13.0394
13.1695
13.2941
13.4122
13.5229
13.6252
13.7181
13.8006
13.8717
13.9304
13.9758
14.0068
14.0226
14.0223
14.0051
13.9704
13.9174
13.8456
13.7546
13.6441
13.514
13.3643
13.195
13.0066
12.7996
12.5747
12.3327
12.0749
11.8025
11.5171
11.2204
10.9139
10.6015
10.3273
10.0842
9.82807
9.55892
9.28052
8.9885
8.71696
8.36216
8.27425
7.47581
8.60207
5.09597
12.2336
8.09379
8.02347
7.94889
7.87224
7.7916
7.70632
7.61678
7.52321
7.42588
7.32551
7.22293
7.11832
7.01067
6.89817
6.7787
6.6497
6.50816
6.35181
6.18
5.99342
5.79333
5.58102
5.3574
5.12253
4.87584
4.61669
4.34465
4.05946
3.76091
3.44885
3.12315
2.78388
2.43108
2.065
1.68602
1.29465
0.891613
0.477801
0.054347
-0.377389
-0.815827
-1.25914
-1.70524
-2.15177
-2.5962
-3.03578
-3.46755
-3.88845
-4.29532
-4.68497
-5.05424
-5.40003
-5.71938
-6.00957
-6.26814
-6.49296
-6.68225
-6.83467
-6.94932
-7.02573
-7.06392
-7.06432
-7.0278
-6.95572
-6.84946
-6.71173
-6.54282
-6.37515
-6.20133
-6.02277
-5.78524
-5.59267
-5.23956
-5.13005
-4.49717
-4.7832
-3.35932
-4.96504
-1.24085
-6.81605
8.1519
8.20645
8.26419
8.32459
8.38783
8.45398
8.52315
8.59541
8.67085
8.74956
8.83162
8.9171
9.00605
9.09854
9.19458
9.29424
9.3975
9.50436
9.61479
9.72876
9.84619
9.96696
10.091
10.218
10.348
10.4805
10.6154
10.7523
10.8909
11.0307
11.1712
11.3119
11.4522
11.5914
11.7288
11.8637
11.9951
12.1223
12.2442
12.3598
12.4684
12.5686
12.6597
12.7404
12.8098
12.8668
12.9105
12.9399
12.954
12.952
12.9332
12.8968
12.8422
12.769
12.6767
12.5653
12.4347
12.285
12.1165
11.9298
11.7255
11.5047
11.2683
11.0179
10.755
10.4809
10.1995
9.95059
9.72878
9.4941
9.24638
8.98898
8.71832
8.46459
8.13512
8.04819
7.30393
8.36333
5.00809
11.9356
7.22839
7.16792
7.1038
7.03783
6.96837
6.89476
6.81725
6.73596
6.65087
6.56207
6.47011
6.37577
6.27952
6.18085
6.07832
5.97012
5.85411
5.72759
5.58825
5.43516
5.26872
5.08998
4.90015
4.7002
4.49034
4.27011
4.0389
3.79626
3.54196
3.27579
2.99759
2.7073
2.40488
2.09039
1.76406
1.42619
1.07724
0.717823
0.348748
-0.0290083
-0.414275
-0.805691
-1.20165
-1.60032
-1.99968
-2.3975
-2.79132
-3.17856
-3.55646
-3.92219
-4.27286
-4.60558
-4.91751
-5.2059
-5.46821
-5.70209
-5.9055
-6.07672
-6.21438
-6.31752
-6.3856
-6.41851
-6.4165
-6.3804
-6.31098
-6.21057
-6.07884
-5.94318
-5.79762
-5.64762
-5.44035
-5.27606
-4.95643
-4.86948
-4.2799
-4.568
-3.21735
-4.77024
-1.18868
-6.60884
7.27879
7.32651
7.37698
7.42984
7.48525
7.54328
7.60403
7.66759
7.73404
7.80349
7.87602
7.9517
8.03061
8.11283
8.19842
8.28743
8.3799
8.47587
8.57534
8.67833
8.7848
8.89471
9.00798
9.12453
9.24422
9.36689
9.49234
9.62033
9.75059
9.8828
10.0166
10.1515
10.287
10.4227
10.558
10.6921
10.8245
10.9542
11.0806
11.2027
11.3195
11.4303
11.5338
11.6292
11.7154
11.7912
11.8557
11.9079
11.9467
11.9711
11.9803
11.9735
11.9498
11.9088
11.8497
11.7723
11.6764
11.5618
11.4288
11.2775
11.1085
10.9225
10.7205
10.5037
10.2734
10.031
9.77987
9.5559
9.3552
9.14182
8.91552
8.67919
8.43004
8.19431
7.89061
7.80476
7.11592
8.10826
4.90718
11.6247
6.48344
6.43126
6.37595
6.31898
6.25902
6.19544
6.12834
6.05776
5.98367
5.90604
5.82486
5.74045
5.65348
5.56458
5.47366
5.37966
5.28104
5.176
5.0622
4.93731
4.80014
4.65084
4.49027
4.31954
4.13965
3.95098
3.75321
3.54574
3.32817
3.10023
2.86175
2.61263
2.35276
2.08208
1.80068
1.5087
1.2064
0.894181
0.572569
0.242258
-0.0959074
-0.440911
-0.791533
-1.14635
-1.50376
-1.86197
-2.21897
-2.5726
-2.92052
-3.26027
-3.58929
-3.90496
-4.20462
-4.48567
-4.74559
-4.98198
-5.19265
-5.37566
-5.52933
-5.65234
-5.7437
-5.80284
-5.82951
-5.82405
-5.78668
-5.71933
-5.62108
-5.51465
-5.39523
-5.27177
-5.09309
-4.95544
-4.66824
-4.60257
-4.0557
-4.34517
-3.06729
-4.56804
-1.12903
-6.39576
6.52723
6.56899
6.61312
6.6594
6.70794
6.75883
6.81215
6.86798
6.92644
6.9876
7.05155
7.11837
7.18815
7.26098
7.33692
7.41604
7.4984
7.58406
7.67306
7.76542
7.86116
7.96029
8.06277
8.16857
8.27762
8.38982
8.50504
8.62313
8.7439
8.8671
8.99244
9.11961
9.24823
9.37787
9.50805
9.63823
9.76782
9.89616
10.0225
10.1462
10.2664
10.3821
10.4925
10.5966
10.6934
10.7819
10.8611
10.9298
10.9872
11.0321
11.0635
11.0807
11.0826
11.0686
11.0379
10.99
10.9246
10.8413
10.7402
10.6212
10.4847
10.3311
10.1614
9.97633
9.77726
9.56519
9.34349
9.14386
8.96385
8.77146
8.56635
8.35098
8.12333
7.90569
7.62797
7.54344
6.91103
7.83604
4.79377
11.2975
5.83632
5.79117
5.74331
5.694
5.6421
5.58708
5.52898
5.46775
5.40329
5.33558
5.2646
5.19029
5.11276
5.03251
4.95022
4.86613
4.77956
4.68926
4.59371
4.49086
4.37847
4.25514
4.12071
3.97588
3.82166
3.65906
3.48861
3.31011
3.12306
2.92702
2.72173
2.5071
2.28297
2.04925
1.80594
1.55307
1.29076
1.01925
0.738876
0.450104
0.153532
-0.150115
-0.45992
-0.774802
-1.09352
-1.41464
-1.73654
-2.05744
-2.37539
-2.68828
-2.99391
-3.28992
-3.57394
-3.84353
-4.09632
-4.32995
-4.54222
-4.73106
-4.89465
-5.03138
-5.13998
-5.21951
-5.2693
-5.28928
-5.27918
-5.24055
-5.17195
-5.09178
-4.99619
-4.89705
-4.7451
-4.63218
-4.37607
-4.33015
-3.82539
-4.11494
-2.91007
-4.35776
-1.0638
-6.17477
5.87443
5.91098
5.94959
5.99011
6.03264
6.07726
6.12405
6.17309
6.22448
6.2783
6.33463
6.39356
6.45518
6.51956
6.58678
6.65693
6.73007
6.80627
6.88557
6.96804
7.05371
7.1426
7.23472
7.33007
7.42863
7.53034
7.63513
7.74292
7.85357
7.96692
8.08276
8.20085
8.32093
8.44266
8.56565
8.68947
8.81364
8.93762
9.06079
9.18251
9.30207
9.41868
9.53152
9.63972
9.74235
9.83847
9.92706
10.0071
10.0777
10.1376
10.186
10.2219
10.2442
10.2523
10.2452
10.2224
10.1832
10.1272
10.0542
9.9641
9.85699
9.73319
9.5932
9.43784
9.26812
9.08493
8.89136
8.71518
8.55524
8.38331
8.19897
8.00425
7.79785
7.59833
7.34658
7.26377
6.68874
7.54547
4.6692
10.9486
5.26899
5.2298
5.18825
5.14543
5.10036
5.0526
5.00217
4.94899
4.89292
4.83385
4.77178
4.70668
4.63849
4.56715
4.49299
4.41661
4.33846
4.25825
4.17501
4.08745
3.99384
3.89212
3.78079
3.65949
3.52868
3.38925
3.24217
3.08804
2.92675
2.75776
2.58065
2.39525
2.20143
1.99911
1.78823
1.56875
1.34071
1.10423
0.85953
0.606916
0.346795
0.0796921
-0.193725
-0.472631
-0.756077
-1.04295
-1.33194
-1.62162
-1.91037
-2.19643
-2.47789
-2.75275
-3.01888
-3.27409
-3.51618
-3.74293
-3.95219
-4.14191
-4.31019
-4.45528
-4.57569
-4.67023
-4.7379
-4.77836
-4.79085
-4.77657
-4.73372
-4.67672
-4.60249
-4.52527
-4.39798
-4.30768
-4.08115
-4.05306
-3.58991
-3.87726
-2.74703
-4.13823
-0.995029
-5.9422
5.30221
5.33421
5.36801
5.40349
5.44076
5.47989
5.52094
5.564
5.60915
5.65647
5.70605
5.75796
5.81229
5.86911
5.92851
5.99057
6.05537
6.12295
6.1934
6.26679
6.34315
6.42252
6.50494
6.59044
6.67901
6.77064
6.86529
6.96292
7.06345
7.16678
7.27276
7.38121
7.49196
7.60474
7.71926
7.83517
7.95211
8.06962
8.1872
8.30432
8.42037
8.53467
8.64651
8.7551
8.85962
8.9592
9.05291
9.13981
9.21891
9.28923
9.34978
9.39956
9.43763
9.46306
9.47501
9.47271
9.45547
9.42275
9.37413
9.30936
9.22835
9.13122
9.01833
8.89022
8.74772
8.59157
8.42457
8.27072
8.12997
7.97777
7.81354
7.63896
7.4534
7.27187
7.04582
6.96506
6.44875
7.23414
4.53625
10.5713
4.76424
4.73017
4.69404
4.65679
4.61759
4.57606
4.5322
4.48596
4.43719
4.38576
4.33157
4.27459
4.21481
4.15216
4.08651
4.01795
3.94698
3.87422
3.79972
3.7228
3.64232
3.55679
3.46426
3.36315
3.25309
3.13459
3.0084
2.87534
2.73602
2.59036
2.43776
2.27776
2.11014
1.93488
1.75195
1.5613
1.36292
1.15683
0.94316
0.722124
0.494002
0.259167
0.0181097
-0.228549
-0.480079
-0.735612
-0.994126
-1.25446
-1.51528
-1.77517
-2.0325
-2.28555
-2.53249
-2.77135
-3.00017
-3.21693
-3.4196
-3.60617
-3.77474
-3.92357
-4.05104
-4.15577
-4.23658
-4.29281
-4.32344
-4.32931
-4.30828
-4.27131
-4.21594
-4.1581
-4.05326
-3.9831
-3.78491
-3.77162
-3.35099
-3.63121
-2.58118
-3.90536
-0.927619
-5.69182
4.79324
4.8213
4.85091
4.88202
4.91471
4.94905
4.98509
5.02292
5.06261
5.10423
5.14786
5.19359
5.24148
5.29161
5.34406
5.39891
5.45623
5.5161
5.57857
5.64372
5.71161
5.78228
5.85578
5.93215
6.01141
6.09357
6.17863
6.26656
6.35733
6.45087
6.54709
6.64587
6.74708
6.85053
6.95599
7.06321
7.1719
7.28168
7.39218
7.50293
7.61344
7.72314
7.83141
7.93759
8.04094
8.14068
8.23599
8.326
8.4098
8.48645
8.555
8.6145
8.66396
8.70251
8.72922
8.74325
8.74389
8.73046
8.70239
8.65935
8.60107
8.52747
8.43874
8.33526
8.21761
8.0864
7.9441
7.81125
7.68868
7.55521
7.41022
7.25508
7.08973
6.92596
6.72526
6.64624
6.19186
6.89754
4.40238
10.1528
4.32091
4.29132
4.25995
4.22759
4.19355
4.15751
4.11944
4.07932
4.03701
3.99241
3.94545
3.89606
3.84417
3.78955
3.73156
3.66901
3.60064
3.52608
3.44641
3.36382
3.28073
3.19948
3.12178
3.04704
2.97164
2.89024
2.79762
2.69064
2.56986
2.43901
2.30208
2.16078
2.01451
1.86203
1.70258
1.53603
1.36251
1.18219
0.995128
0.801414
0.601197
0.394716
0.182322
-0.0355177
-0.258278
-0.485268
-0.715708
-0.948678
-1.18309
-1.4178
-1.65146
-1.88258
-2.10962
-2.3309
-2.54465
-2.74906
-2.94225
-3.12238
-3.2876
-3.43621
-3.56654
-3.67715
-3.7667
-3.83432
-3.87879
-3.90068
-3.89762
-3.87743
-3.83841
-3.79714
-3.71275
-3.65945
-3.48921
-3.4857
-3.11118
-3.37448
-2.41673
-3.65507
-0.868974
-5.4171
4.34616
4.37063
4.39646
4.4236
4.45214
4.48211
4.5136
4.54665
4.58135
4.61776
4.65595
4.69599
4.73795
4.78192
4.82796
4.87614
4.92654
4.97923
5.03428
5.09175
5.15171
5.21421
5.27931
5.34706
5.41749
5.49063
5.56648
5.64503
5.72632
5.81031
5.89691
5.98605
6.07764
6.17159
6.26769
6.36572
6.46549
6.56675
6.66914
6.77231
6.87584
6.97925
7.08204
7.18366
7.28343
7.38073
7.47478
7.56482
7.65003
7.72954
7.80247
7.86794
7.92494
7.97262
8.01013
8.03653
8.05106
8.05305
8.04174
8.01677
7.97775
7.92438
7.8567
7.77496
7.67955
7.57089
7.45113
7.33769
7.23205
7.1161
6.98926
6.85266
6.70662
6.56006
6.38448
6.30547
5.92
6.52908
4.27735
9.68357
3.78759
3.76297
3.73681
3.70979
3.68139
3.65132
3.61958
3.5861
3.55081
3.51359
3.47432
3.43286
3.38912
3.34298
3.29452
3.24393
3.19137
3.13678
3.07995
3.02088
2.95976
2.89658
2.83075
2.7616
2.68833
2.60983
2.52509
2.4339
2.33641
2.23242
2.12179
2.00503
1.88272
1.7551
1.62196
1.48301
1.33807
1.18708
1.03003
0.867004
0.698089
0.523417
0.343183
0.15769
-0.0327266
-0.227573
-0.426301
-0.628249
-0.832612
-1.03851
-1.24489
-1.45059
-1.65437
-1.85483
-2.05048
-2.23973
-2.42094
-2.59244
-2.75251
-2.89947
-3.03168
-3.14762
-3.24586
-3.32528
-3.38452
-3.42364
-3.44049
-3.43853
-3.41846
-3.39461
-3.33546
-3.29775
-3.16507
-3.16382
-2.85518
-3.08111
-2.2527
-3.36618
-0.829371
-5.10976
3.80872
3.82924
3.8509
3.87367
3.89763
3.92281
3.94927
3.97709
4.00629
4.03697
4.06919
4.10298
4.13842
4.17561
4.21458
4.25539
4.29815
4.34291
4.38972
4.43866
4.48979
4.5432
4.59892
4.65698
4.71747
4.78042
4.84586
4.91379
4.98426
5.05728
5.1328
5.21078
5.29119
5.37401
5.45906
5.54621
5.63533
5.72629
5.8188
5.91259
6.00736
6.10272
6.19834
6.29375
6.3884
6.48179
6.57329
6.66218
6.74784
6.82945
6.90625
6.97744
7.04204
7.09926
7.14829
7.1882
7.21813
7.23739
7.24518
7.24094
7.22417
7.19444
7.15162
7.0957
7.02683
6.94536
6.85289
6.76311
6.67824
6.58392
6.47964
6.36619
6.24445
6.11965
5.97716
5.89612
5.60734
6.07761
4.16597
9.10865
3.23461
3.21519
3.19455
3.17322
3.15079
3.12705
3.10199
3.07556
3.0477
3.01831
2.98732
2.95459
2.92014
2.88403
2.84653
2.80812
2.76935
2.73057
2.69143
2.65069
2.60651
2.5573
2.50216
2.44104
2.37455
2.30396
2.23063
2.15513
2.07716
1.99578
1.90965
1.8178
1.72019
1.61752
1.51031
1.39856
1.28195
1.16024
1.03328
0.901105
0.763705
0.621169
0.473553
0.321011
0.163741
0.00200974
-0.163809
-0.333301
-0.505922
-0.681031
-0.857894
-1.03569
-1.21341
-1.38999
-1.56426
-1.7349
-1.90054
-2.05972
-2.21092
-2.35258
-2.48313
-2.6011
-2.70496
-2.79351
-2.86519
-2.91977
-2.95498
-2.97098
-2.96875
-2.96373
-2.92739
-2.91085
-2.80786
-2.82565
-2.55918
-2.7911
-2.03202
-3.11614
-0.710448
-4.91409
3.2514
3.26779
3.28507
3.30327
3.32243
3.34258
3.36377
3.38607
3.4095
3.43414
3.46003
3.48722
3.51577
3.54577
3.57723
3.61022
3.64484
3.68113
3.71916
3.75898
3.80064
3.84426
3.88986
3.93746
3.98717
4.03903
4.0931
4.14941
4.20797
4.26883
4.33201
4.39748
4.46529
4.53541
4.60776
4.68227
4.75889
4.83751
4.91797
5.00011
5.08372
5.16855
5.25435
5.34075
5.42742
5.51394
5.5998
5.68446
5.76742
5.848
5.92554
5.99937
6.06867
6.13266
6.1906
6.24164
6.28492
6.31971
6.34517
6.36064
6.36553
6.35933
6.34168
6.31234
6.27126
6.21862
6.15564
6.09171
6.02974
5.95959
5.88069
5.79368
5.6996
5.60186
5.49375
5.42674
5.21181
5.6303
3.89822
8.73879
2.76304
2.7475
2.73098
2.71388
2.69592
2.67689
2.65678
2.63558
2.61325
2.58968
2.56482
2.53859
2.51094
2.48178
2.45101
2.41861
2.38449
2.34864
2.3111
2.27183
2.23063
2.18713
2.1411
2.09278
2.04267
1.9912
1.93823
1.88309
1.82475
1.76206
1.69438
1.62162
1.54387
1.4613
1.37433
1.28337
1.18855
1.08969
0.986523
0.878903
0.76678
0.650197
0.52917
0.403784
0.274132
0.140363
0.00270649
-0.138576
-0.283109
-0.430466
-0.580117
-0.731473
-0.883792
-1.03626
-1.18799
-1.33792
-1.48495
-1.62788
-1.76542
-1.89623
-2.0189
-2.13207
-2.23432
-2.32443
-2.40085
-2.46322
-2.50918
-2.53682
-2.54693
-2.55545
-2.53632
-2.53641
-2.45719
-2.49196
-2.25972
-2.50209
-1.79806
-2.87236
-0.56814
-4.73014
2.77659
2.78985
2.80384
2.81857
2.83408
2.85041
2.8676
2.88567
2.90469
2.9247
2.94572
2.9678
2.99102
3.01543
3.04103
3.06792
3.09615
3.12576
3.15683
3.18939
3.22347
3.25918
3.29657
3.33567
3.37656
3.41926
3.46384
3.51036
3.55884
3.6093
3.66182
3.71636
3.77299
3.83171
3.89247
3.95527
4.02008
4.0868
4.15539
4.22574
4.29771
4.37114
4.44584
4.52156
4.5981
4.67512
4.75224
4.82906
4.90517
4.98011
5.05327
5.12411
5.192
5.25624
5.31619
5.37109
5.42017
5.46274
5.49801
5.52531
5.54406
5.55363
5.55357
5.54356
5.52338
5.49306
5.45354
5.41076
5.36784
5.31817
5.26118
5.19744
5.12806
5.05545
4.9786
4.92807
4.77899
5.16964
3.58595
8.37616
2.33277
2.32032
2.30708
2.29338
2.27896
2.2637
2.24758
2.23056
2.21264
2.19373
2.17378
2.15273
2.13054
2.10713
2.08243
2.05641
2.02898
2.00009
1.9697
1.93781
1.90444
1.86956
1.83296
1.79432
1.75344
1.71061
1.6663
1.62076
1.57376
1.52462
1.47239
1.41622
1.35571
1.2908
1.22157
1.14825
1.07129
0.991022
0.907429
0.820282
0.72937
0.634623
0.536036
0.433667
0.327575
0.217842
0.104601
-0.0119832
-0.131662
-0.254152
-0.379061
-0.505986
-0.634378
-0.763623
-0.893054
-1.02185
-1.14914
-1.27397
-1.3953
-1.51199
-1.62286
-1.72672
-1.82231
-1.90851
-1.98389
-2.04802
-2.09861
-2.13256
-2.15036
-2.16767
-2.161
-2.17298
-2.11318
-2.16032
-1.95948
-2.20708
-1.55906
-2.61501
-0.421823
-4.50851
2.34367
2.35434
2.36563
2.37749
2.39
2.40319
2.41707
2.43166
2.44703
2.46321
2.48021
2.49809
2.51691
2.53668
2.55745
2.57929
2.60221
2.62629
2.65156
2.67806
2.70585
2.73499
2.76552
2.7975
2.83098
2.86598
2.90257
2.94081
2.98071
3.02233
3.06572
3.11086
3.15782
3.20661
3.25721
3.30964
3.36388
3.4199
3.47765
3.53708
3.59811
3.66062
3.72448
3.78955
3.85563
3.92253
3.98994
4.05759
4.12514
4.19223
4.25842
4.32325
4.38626
4.44683
4.50446
4.55851
4.60828
4.65323
4.69263
4.72585
4.75235
4.7715
4.78285
4.78605
4.78078
4.76699
4.74538
4.71923
4.69167
4.6588
4.62016
4.57633
4.52839
4.4784
4.42948
4.39547
4.30778
4.67142
3.24797
7.91729
1.92986
1.92008
1.90967
1.89889
1.88754
1.87553
1.86285
1.84946
1.83535
1.82047
1.80477
1.78821
1.77074
1.75231
1.73287
1.71238
1.69078
1.66801
1.64401
1.61876
1.59222
1.5644
1.53531
1.50487
1.4728
1.43879
1.40278
1.36507
1.32621
1.28636
1.24524
1.20216
1.15625
1.10684
1.05366
0.99666
0.935995
0.872034
0.805213
0.735693
0.66332
0.587877
0.509217
0.427325
0.342234
0.254003
0.16271
0.0684481
-0.0286315
-0.128331
-0.230396
-0.334524
-0.440337
-0.547377
-0.655141
-0.763019
-0.870331
-0.976333
-1.08019
-1.18099
-1.27776
-1.36951
-1.45515
-1.53373
-1.60395
-1.66544
-1.71603
-1.75213
-1.7739
-1.79613
-1.79782
-1.81771
-1.77312
-1.8288
-1.65532
-1.90447
-1.30966
-2.34166
-0.263129
-4.25046
1.93846
1.94688
1.9558
1.96519
1.97509
1.98551
1.9965
2.00805
2.02022
2.03303
2.04653
2.06073
2.07566
2.09136
2.10788
2.12525
2.1435
2.16267
2.1828
2.20396
2.22617
2.24946
2.27389
2.2995
2.32634
2.35445
2.38385
2.41462
2.44679
2.48039
2.51547
2.55204
2.59015
2.62983
2.67105
2.71386
2.75828
2.80427
2.85181
2.90088
2.95142
3.00338
3.05667
3.11119
3.16679
3.22333
3.28064
3.33849
3.3966
3.45473
3.51254
3.56968
3.62579
3.68037
3.73301
3.78321
3.83041
3.87411
3.91372
3.9487
3.97855
4.00271
4.02075
4.03233
4.03715
4.03511
4.02669
4.01322
3.99763
3.97816
3.95444
3.92709
3.89713
3.8667
3.84145
3.8227
3.78887
4.12494
2.85994
7.37165
1.55939
1.55187
1.54385
1.53553
1.52677
1.51751
1.50773
1.49739
1.4865
1.47501
1.46288
1.45008
1.43658
1.42233
1.4073
1.39146
1.37475
1.35711
1.33851
1.31892
1.29828
1.27656
1.25378
1.22995
1.20502
1.1789
1.15128
1.12186
1.09069
1.05818
1.02481
0.990651
0.955336
0.918215
0.878521
0.835741
0.789696
0.740426
0.688222
0.633531
0.576657
0.517588
0.456124
0.392116
0.325516
0.256356
0.184695
0.11058
0.0340858
-0.044666
-0.125529
-0.208275
-0.292666
-0.378371
-0.465028
-0.552201
-0.639376
-0.72599
-0.811406
-0.894927
-0.975774
-1.05315
-1.12618
-1.19408
-1.25574
-1.31089
-1.35756
-1.39225
-1.41468
-1.43838
-1.4447
-1.46881
-1.43532
-1.49593
-1.34529
-1.59292
-1.0454
-2.04988
-0.0826497
-3.9519
1.56602
1.5725
1.57936
1.58658
1.59419
1.60222
1.61068
1.61957
1.62894
1.63881
1.6492
1.66013
1.67163
1.68373
1.69646
1.70986
1.72393
1.7387
1.75424
1.77057
1.7877
1.80569
1.82457
1.84436
1.86512
1.88687
1.90963
1.93348
1.95842
1.98452
2.01177
2.04022
2.06992
2.10088
2.1331
2.16662
2.20146
2.2376
2.27506
2.31383
2.35386
2.39514
2.43763
2.48123
2.52587
2.57146
2.6179
2.66499
2.71257
2.76047
2.80839
2.85612
2.90338
2.94977
2.99499
3.03866
3.08034
3.11959
3.15596
3.18904
3.21836
3.24348
3.26402
3.27968
3.29018
3.29544
3.29578
3.29124
3.28434
3.27478
3.26236
3.24774
3.23187
3.21719
3.21052
3.20415
3.21486
3.5224
2.40286
6.73799
1.17036
1.16485
1.15897
1.15286
1.14643
1.13964
1.13247
1.1249
1.11691
1.10849
1.0996
1.09023
1.08034
1.06992
1.05894
1.04735
1.03514
1.02226
1.00868
0.994376
0.979293
0.963412
0.946714
0.929192
0.910866
0.891748
0.871789
0.850809
0.828493
0.804629
0.779393
0.753289
0.726718
0.699705
0.671891
0.642651
0.611371
0.577658
0.541354
0.50256
0.461616
0.418847
0.374291
0.327729
0.278948
0.227906
0.17468
0.119385
0.0621258
0.00299441
-0.0579014
-0.120408
-0.184339
-0.24946
-0.315506
-0.382162
-0.449061
-0.515787
-0.581882
-0.64684
-0.710085
-0.77102
-0.828978
-0.883394
-0.933357
-0.978722
-1.01781
-1.04773
-1.06771
-1.08964
-1.09703
-1.12179
-1.09536
-1.15724
-1.0247
-1.26703
-0.76142
-1.72952
0.122508
-3.56939
1.17524
1.18002
1.18509
1.19043
1.19606
1.20202
1.20829
1.2149
1.22187
1.22922
1.23696
1.24511
1.2537
1.26276
1.2723
1.28233
1.29289
1.304
1.3157
1.328
1.34091
1.3545
1.36878
1.38376
1.39949
1.41598
1.43328
1.4514
1.47039
1.49026
1.51104
1.53275
1.55543
1.57907
1.60371
1.62936
1.65604
1.68374
1.71246
1.74222
1.77297
1.80471
1.8374
1.87098
1.90543
1.94066
1.9766
2.01314
2.05016
2.08753
2.12505
2.16259
2.19993
2.23681
2.27301
2.30825
2.3422
2.37458
2.40502
2.43322
2.45882
2.48147
2.50095
2.51692
2.5292
2.53776
2.54277
2.54357
2.54229
2.53938
2.53477
2.52914
2.52314
2.5195
2.52476
2.52459
2.56672
2.84296
1.8441
5.95371
0.859538
0.855779
0.851777
0.847613
0.843227
0.838577
0.833658
0.82847
0.822987
0.817176
0.811048
0.804577
0.797733
0.790511
0.78289
0.774828
0.766312
0.757329
0.747842
0.73782
0.72724
0.716076
0.704292
0.691871
0.678815
0.665127
0.650829
0.635936
0.620342
0.603786
0.58594
0.56673
0.546488
0.525703
0.504574
0.482851
0.459945
0.435238
0.408423
0.379524
0.348768
0.316541
0.283348
0.249488
0.214877
0.179219
0.142268
0.103954
0.0643197
0.023431
-0.0186446
-0.0618337
-0.106039
-0.151128
-0.196938
-0.243276
-0.289902
-0.336539
-0.38288
-0.428591
-0.473271
-0.516524
-0.557883
-0.596986
-0.633145
-0.666362
-0.69526
-0.718042
-0.733227
-0.750842
-0.756374
-0.778857
-0.755857
-0.816001
-0.696635
-0.930108
-0.460807
-1.37665
0.344744
-3.05177
0.862826
0.865991
0.869357
0.8729
0.876631
0.88056
0.884692
0.889045
0.893634
0.89846
0.903526
0.908851
0.914458
0.920355
0.92655
0.933048
0.939875
0.947059
0.954594
0.962497
0.970782
0.979479
0.988616
0.998182
1.0082
1.0187
1.02971
1.04123
1.05328
1.0659
1.07909
1.09288
1.10729
1.12233
1.13801
1.15437
1.17144
1.18918
1.20763
1.2268
1.24668
1.26725
1.28853
1.31048
1.33309
1.35631
1.38011
1.40442
1.42917
1.45427
1.47961
1.5051
1.53057
1.55588
1.5809
1.60539
1.62916
1.65201
1.67371
1.69406
1.71278
1.72966
1.74457
1.75724
1.76758
1.7756
1.78142
1.78443
1.78556
1.78563
1.78476
1.78363
1.78274
1.78529
1.79694
1.79787
1.85711
2.0997
1.19666
4.95019
0.358989
0.356651
0.354138
0.351514
0.348748
0.34582
0.342727
0.339461
0.336008
0.332353
0.328496
0.324424
0.320113
0.315555
0.310745
0.305651
0.300255
0.294548
0.288501
0.282089
0.275292
0.268079
0.260416
0.252269
0.243607
0.234394
0.22458
0.214084
0.20275
0.190407
0.176991
0.162807
0.149044
0.138161
0.133526
0.13807
0.152626
0.174902
0.199478
0.219305
0.228409
0.224236
0.208295
0.184825
0.158347
0.131747
0.105902
0.0805282
0.0551428
0.0295303
0.00371103
-0.0222247
-0.0482228
-0.0742469
-0.100258
-0.126202
-0.152004
-0.177563
-0.202764
-0.227474
-0.251523
-0.274738
-0.296898
-0.317865
-0.337209
-0.355108
-0.370486
-0.383016
-0.390727
-0.401296
-0.402084
-0.419236
-0.396878
-0.450469
-0.344987
-0.552686
-0.14714
-0.920813
0.500799
-2.1349
0.361079
0.363146
0.365352
0.367682
0.370153
0.372764
0.375514
0.378433
0.38153
0.384801
0.388247
0.391886
0.395739
0.399807
0.404094
0.408613
0.413382
0.418422
0.423717
0.429289
0.435162
0.44134
0.447831
0.454643
0.461791
0.469282
0.477134
0.485344
0.493923
0.50289
0.512234
0.521972
0.532094
0.5426
0.553494
0.564779
0.576453
0.588489
0.600901
0.61367
0.626767
0.640184
0.65392
0.667944
0.682221
0.696741
0.711453
0.726327
0.741325
0.756389
0.771485
0.786539
0.801497
0.816285
0.830843
0.845078
0.858898
0.872254
0.884998
0.897031
0.908214
0.918442
0.927642
0.935643
0.942414
0.947973
0.95242
0.955049
0.956999
0.95887
0.960792
0.962991
0.964788
0.967965
0.975524
0.961571
1.00051
1.19888
0.391596
3.39195
0.31635
0.316243
0.316138
0.316012
0.315858
0.315685
0.31549
0.315268
0.315017
0.314742
0.314444
0.314121
0.313768
0.313386
0.312984
0.312562
0.312123
0.311672
0.311216
0.31077
0.310349
0.309966
0.309644
0.309383
0.309159
0.308929
0.308677
0.308602
0.309345
0.312182
0.318881
0.330791
0.347226
0.363912
0.372801
0.364201
0.33066
0.270984
0.192329
0.108981
0.0374065
-0.0104264
-0.0317941
-0.0329505
-0.0242338
-0.014314
-0.00735523
-0.0037568
-0.00245231
-0.0025553
-0.00376425
-0.00607322
-0.00947031
-0.0138526
-0.0190678
-0.0249621
-0.0313953
-0.0382263
-0.0453189
-0.0525454
-0.0597828
-0.0669278
-0.0738583
-0.0805543
-0.0867906
-0.0928674
-0.0981351
-0.103456
-0.105721
-0.110507
-0.108482
-0.119361
-0.102217
-0.139949
-0.0686811
-0.204143
0.0464824
-0.395542
0.405403
-0.921976
0.316418
0.31645
0.316482
0.316501
0.316513
0.316515
0.316495
0.316459
0.316406
0.316328
0.316222
0.316082
0.315913
0.315705
0.315455
0.315157
0.314809
0.314413
0.313952
0.313429
0.312848
0.312193
0.311464
0.310661
0.309783
0.308825
0.307794
0.306682
0.305495
0.304241
0.302922
0.301546
0.300113
0.298642
0.297144
0.295628
0.294109
0.292601
0.291133
0.289711
0.288346
0.28706
0.285878
0.284805
0.28386
0.283062
0.282412
0.281924
0.281602
0.281458
0.281494
0.28169
0.282034
0.282486
0.283013
0.283562
0.284094
0.284597
0.28501
0.285322
0.285521
0.285613
0.285612
0.285511
0.285414
0.285283
0.285282
0.286746
0.286012
0.28389
0.280655
0.277065
0.274033
0.275482
0.286357
0.289884
0.324914
0.431594
0.00832632
1.41985
)
;

boundaryField
{
    inlet
    {
        type            freestreamPressure;
        freestreamValue uniform 0;
        supersonic      0;
        value           nonuniform List<scalar> 
134
(
0.661457
-0.0655602
-0.820091
-1.46933
-1.93214
-2.206
-2.23636
-2.01958
-1.56026
-0.727377
-0.134097
-0.216672
-0.361617
-0.497852
-0.63542
-0.779372
-0.931086
-1.0914
-1.26262
-1.4489
1.37489
-1.65591
-1.88654
-2.13009
-2.35906
-2.52453
-2.60481
-2.74663
-2.75016
-2.80426
-3.34733
-3.07802
-3.08962
-3.14957
-3.19413
-3.21635
-3.23792
-3.2935
-3.4327
-3.60144
2.05013
2.74962
3.34897
3.6889
3.65359
3.04177
1.64486
-3.97094
-3.88427
-3.74886
-3.66115
-3.5962
-3.52338
-3.4413
-3.35725
-3.27335
-3.18838
-3.1013
-3.01211
-2.92083
-2.82692
-2.72948
-2.62688
-2.51636
-2.39503
-2.2592
-2.1727
-2.09134
-1.99325
-1.87899
-1.74675
-1.57734
-1.34817
-0.942765
-0.4069
0.56944
1.26255
2.03227
2.79439
3.53627
4.24021
4.83821
5.29611
5.62457
5.83418
5.95299
6.01237
6.03968
6.0571
6.09704
6.21133
6.41983
6.64674
6.83334
6.98678
7.11993
7.23517
7.32845
7.39769
7.44417
7.4719
7.49034
7.51873
7.60577
7.82525
8.2982
8.49821
8.29881
8.06932
7.92253
7.80223
7.66533
7.51546
7.36374
7.21136
7.05527
6.89372
6.72593
6.5509
6.36669
6.17034
5.958
5.72246
5.45842
5.13478
4.92685
4.72315
4.46529
4.15859
3.80229
3.36099
2.79579
1.91667
0.802959
)
;
    }
    outlet
    {
        type            freestreamPressure;
        freestreamValue uniform 0;
        supersonic      0;
        value           nonuniform List<scalar> 
160
(
0.000918647
0.000918925
0.000918257
0.000919101
0.000917865
0.000919284
0.000917407
0.000919434
0.000916866
0.000919571
0.000916261
0.000919684
0.000915589
0.000919739
0.000914833
0.000919756
0.000913985
0.000919731
0.000913059
0.000919642
0.000912061
0.000919479
0.00091098
0.000919231
0.000909806
0.000918907
0.000908539
0.000918481
0.000907204
0.000917946
0.000905802
0.000917285
0.000904338
0.000916494
0.000902831
0.000915577
0.000901295
0.000914489
0.000899773
0.000913238
0.000898307
0.000911836
0.000896939
0.000910242
0.000895739
0.000908451
0.00089472
0.00090647
0.000893828
0.000904296
0.000892929
0.000901914
0.000891926
0.000899348
0.000891257
0.000896579
0.000892582
0.000893621
0.000899412
0.000890505
0.000916816
0.000887235
0.000948935
0.000883835
0.000994444
0.000880314
0.00104204
0.000876724
0.00106947
0.000873105
0.00104874
0.000869483
0.000956654
0.000865908
0.00078725
0.000862423
0.00055992
0.000859119
0.000317075
0.00085602
0.000108512
0.000853161
-3.0121e-05
0.000850616
-9.14802e-05
0.000848464
-9.45171e-05
0.000846733
-6.93891e-05
0.000845478
-4.09559e-05
0.000844776
-2.10428e-05
0.000844635
-1.07492e-05
0.000845113
-7.01771e-06
0.000846233
-7.31321e-06
0.000848049
-1.07744e-05
0.000850585
-1.73863e-05
0.000853796
-2.71181e-05
0.000857664
-3.96798e-05
0.000862098
-5.46429e-05
0.000867011
-7.15757e-05
0.00087227
-9.00876e-05
0.000877766
-0.000109788
0.000883501
-0.000130301
0.000889294
-0.000151279
0.000895142
-0.000172386
0.000901022
-0.000193344
0.000906978
-0.000213823
0.000913078
-0.000233782
0.000919328
-0.000252596
0.000926077
-0.000271133
0.000933256
-0.000287566
0.000941441
-0.000304159
0.00095378
-0.000311927
0.00095818
-0.000327069
0.000958726
-0.000322848
0.000956273
-0.000356054
0.000953416
-0.000308093
0.000953375
-0.000420406
0.000970001
-0.000211528
0.00102175
-0.000612521
0.00105118
0.00014964
0.00119693
-0.00114753
0.00162018
0.00145137
3.30393e-05
-0.00231158
0.00518051
)
;
    }
    walls
    {
        type            zeroGradient;
    }
    frontAndBack
    {
        type            empty;
    }
}


// ************************************************************************* //
