/*--------------------------------*- C++ -*----------------------------------*\
  =========                 |
  \\      /  F ield         | OpenFOAM: The Open Source CFD Toolbox
   \\    /   O peration     | Website:  https://openfoam.org
    \\  /    A nd           | Version:  7
     \\/     M anipulation  |
\*---------------------------------------------------------------------------*/
FoamFile
{
    version     2.0;
    format      ascii;
    class       volScalarField;
    location    "50";
    object      p;
}
// * * * * * * * * * * * * * * * * * * * * * * * * * * * * * * * * * * * * * //

dimensions      [0 2 -2 0 0 0 0];

internalField   nonuniform List<scalar> 
10720
(
70.7896
9.90852
-62.7748
-136.994
-208.898
-283.623
-352.532
-413.377
-468.329
-514.08
-551.793
-582.277
-605.878
-623.168
-634.528
-639.895
-640.345
-634.497
-623.132
-604.997
-580.981
-550.439
-515.412
-476.816
-437.793
-402.807
-370.983
-339.164
-307.086
-275.045
-243.077
-211.242
-179.599
-147.981
-116.102
-82.8952
-48.2267
-7.08633
30.8847
129.134
181.07
233.193
279.187
313.913
333.056
338.573
333.45
317.006
292.545
264.994
237.701
211.93
188.399
167.471
148.297
130.72
114.145
98.2367
82.3635
66.478
50.2252
33.7754
17.6335
3.96043
-6.16644
-14.1098
-20.3561
-24.8581
-27.5041
-28.3054
-27.338
-24.7418
-20.6327
-15.1681
-8.06946
1.09778
16.1875
40.8695
127.991
81.9791
29.3462
-27.9118
-88.0687
-150.88
-213.319
-273.359
-330.142
-381.918
-428.087
-468.297
-502.316
-530.168
-551.851
-567.171
-576.193
-578.46
-574.419
-563.528
-546.249
-522.374
-493.403
-460.399
-426.083
-394.182
-364.289
-333.957
-303.027
-271.883
-240.638
-209.383
-178.2
-146.939
-115.33
-82.3248
-47.8119
-6.71052
30.4001
168.558
206.294
242.627
275.859
302.325
319.159
325.594
321.967
309.286
290.131
267.447
243.588
219.921
197.321
176.294
156.657
138.322
120.974
104.328
87.9386
71.6747
55.2923
38.9236
23.0657
9.38393
-1.20408
-9.6667
-16.4221
-21.4164
-24.5306
-25.763
-25.1972
-22.969
-19.187
-13.9914
-7.09428
1.93076
16.9635
40.6407
133.122
92.199
45.1701
-7.44354
-63.266
-121.85
-181.583
-240.168
-296.138
-348.31
-395.411
-436.894
-472.416
-501.792
-524.851
-541.534
-551.855
-555.806
-553.484
-544.617
-529.434
-508.003
-481.472
-451.034
-418.968
-388.343
-359.244
-329.774
-299.648
-269.2
-238.552
-207.785
-176.984
-146.015
-114.622
-81.7868
-47.4148
-6.45222
30.3376
169.218
203.058
235.385
264.469
287.342
302.431
309.275
307.774
298.484
283.071
263.607
242.099
220.003
198.313
177.669
158.213
139.905
122.556
105.913
89.6277
73.5135
57.3949
41.3617
25.8559
12.191
1.28724
-7.44314
-14.4082
-19.5889
-22.8855
-24.306
-23.9351
-21.8989
-18.2934
-13.2385
-6.43682
2.54104
17.4917
40.3182
138.857
104.194
63.976
19.0175
-29.0695
-80.359
-133.351
-186.429
-238.414
-288.13
-334.429
-376.561
-413.929
-446.092
-472.651
-493.359
-508.137
-516.754
-519.059
-514.805
-504.077
-487.033
-464.573
-437.895
-408.957
-380.399
-352.721
-324.53
-295.497
-265.95
-236.052
-205.89
-175.56
-144.949
-113.824
-81.2038
-47.0213
-6.2976
30.2756
169.36
197.838
225.379
250.569
270.702
284.667
291.891
292.03
285.446
273.317
257.199
238.69
219.024
199.13
179.666
160.922
142.969
125.753
109.119
92.8317
76.7326
60.7079
44.8355
29.5171
15.8255
4.64103
-4.3729
-11.6029
-17.0538
-20.6399
-22.365
-22.3018
-20.5576
-17.2095
-12.356
-5.69215
3.20336
18.0124
40.0174
136.676
105.966
70.1706
30.0002
-13.0371
-59.387
-107.788
-156.853
-205.694
-253.185
-298.239
-340.042
-377.853
-411.065
-439.178
-461.819
-478.692
-489.491
-494.041
-492.193
-484.005
-469.703
-450.025
-426.096
-399.609
-372.78
-346.312
-319.223
-291.181
-262.49
-233.332
-203.786
-173.949
-143.725
-112.904
-80.5413
-46.6036
-6.19899
29.9913
163.745
188.894
213.347
235.83
253.97
267.088
274.585
275.994
271.59
262.197
248.974
233.182
215.829
197.747
179.588
161.722
144.325
127.449
111.03
94.9273
79.0168
63.2241
47.624
32.5792
18.9735
7.61978
-1.61829
-9.06647
-14.7438
-18.5764
-20.5616
-20.7637
-19.274
-16.1519
-11.4747
-4.93035
3.88881
18.54
39.7078
132.468
105.158
73.2223
37.3972
-0.937434
-42.4725
-86.0721
-130.619
-175.476
-219.649
-262.216
-302.423
-339.505
-372.786
-401.699
-425.754
-444.504
-457.653
-464.933
-466.131
-461.177
-450.224
-433.844
-413.044
-389.292
-364.47
-339.428
-313.57
-286.615
-258.844
-230.46
-201.55
-172.222
-142.398
-111.9
-79.8251
-46.1792
-6.1853
29.4916
156.577
178.934
200.859
221.189
237.773
250.207
257.871
260.235
257.529
250.36
239.615
226.297
211.21
195.06
178.438
161.729
145.164
128.865
112.848
97.0492
81.3996
65.8664
50.5354
35.7423
22.2306
10.7411
1.29089
-6.37274
-12.2809
-16.3704
-18.6328
-19.1202
-17.905
-15.0258
-10.5378
-4.12406
4.60518
19.0586
39.3728
126.576
101.932
73.0551
40.6662
6.10445
-31.4926
-71.1112
-111.789
-153.106
-194.188
-234.258
-272.653
-308.621
-341.479
-370.616
-395.46
-415.493
-430.306
-439.545
-442.945
-440.394
-432.032
-418.338
-400.198
-378.88
-355.961
-332.337
-307.714
-281.864
-255.036
-227.443
-199.185
-170.379
-140.975
-110.821
-79.0647
-45.7605
-6.2747
28.8001
148.373
168.551
188.483
207.086
222.419
234.267
242.01
245.085
243.7
238.322
229.649
218.487
205.475
191.187
176.142
160.696
145.101
129.528
114.051
98.6735
83.3798
68.1794
53.1722
38.6694
25.305
13.7509
4.13445
-3.71941
-9.84222
-14.1765
-16.7043
-17.4645
-16.512
-13.8667
-9.56348
-3.28331
5.34368
19.5561
39.011
120.012
97.5928
71.2955
41.8316
10.5002
-23.6547
-59.7093
-96.8249
-134.732
-172.694
-210.046
-246.242
-280.6
-312.468
-341.229
-366.284
-387.061
-403.08
-413.956
-419.393
-419.18
-413.386
-402.373
-386.884
-368
-347.048
-324.931
-301.595
-276.889
-251.034
-224.258
-196.674
-168.414
-139.45
-109.667
-78.262
-45.3494
-6.46538
27.9208
139.883
158.263
176.544
193.711
208.013
219.345
227.087
230.689
230.327
226.382
219.423
210.112
198.958
186.423
172.942
158.823
144.313
129.601
114.798
99.9595
85.1156
70.3146
55.6729
41.4822
28.297
16.7263
6.97568
-1.05163
-7.37723
-11.9451
-14.7278
-15.7519
-15.0572
-12.646
-8.5343
-2.40203
6.0995
20.021
38.6123
113.152
92.5956
68.471
41.4746
12.8754
-18.326
-51.2903
-85.2635
-120.099
-155.157
-189.886
-223.849
-256.437
-287.052
-315.108
-339.999
-361.129
-377.982
-390.102
-397.167
-398.884
-395.277
-386.616
-373.522
-356.905
-337.869
-317.27
-295.233
-271.684
-246.825
-220.891
-194.01
-166.324
-137.83
-108.446
-77.4263
-44.9505
-6.75419
26.8543
131.411
148.292
165.188
181.141
194.567
205.429
213.115
217.102
217.529
214.731
209.182
201.44
191.916
180.981
168.99
156.197
142.824
129.058
115.028
100.823
86.5129
72.1775
57.9473
44.1015
31.1343
19.6016
9.76142
1.59054
-4.91472
-9.69647
-12.7182
-13.9934
-13.5492
-11.3713
-7.45838
-1.49093
6.8584
20.4385
38.1605
106.277
87.3133
65.055
40.1857
13.9397
-14.6962
-44.9421
-76.1157
-108.157
-140.506
-172.712
-204.43
-235.123
-264.277
-291.342
-315.728
-336.851
-354.174
-367.198
-375.582
-378.984
-377.35
-370.859
-360.011
-345.557
-328.402
-309.337
-288.615
-266.238
-242.397
-217.332
-191.185
-164.108
-136.119
-107.169
-76.5707
-44.5726
-7.14211
25.6172
123.16
138.764
154.475
169.386
182.049
192.472
200.066
204.323
205.361
203.479
199.088
192.666
184.555
175.054
164.451
152.944
140.722
127.955
114.773
101.284
87.5822
73.7731
60.0006
46.5331
33.822
22.3789
12.4958
4.21321
-2.44794
-7.42498
-10.6713
-12.1875
-11.989
-10.0462
-6.34191
-0.558744
7.61009
20.7991
37.6468
99.542
81.9551
61.3153
38.2913
14.0908
-12.3049
-40.162
-68.8579
-98.3825
-128.249
-158.092
-187.644
-216.441
-244.036
-269.938
-293.599
-314.45
-331.955
-345.589
-354.993
-359.788
-359.849
-355.281
-346.471
-334.029
-318.686
-301.147
-281.744
-260.549
-237.748
-213.58
-188.201
-161.771
-134.325
-105.848
-75.7105
-44.2303
-7.63488
24.2244
115.232
129.735
144.417
158.418
170.405
180.417
187.887
192.327
193.835
192.687
189.243
183.929
177.035
168.802
159.467
149.179
138.087
126.337
114.049
101.334
88.3035
75.0773
61.8071
48.7532
36.338
25.0364
15.159
6.80073
0.0101198
-5.14174
-8.5975
-10.3442
-10.386
-8.67944
-5.19245
0.388017
8.34843
21.1013
37.0717
93.0363
76.6571
57.4389
36.0363
13.6268
-10.7963
-36.5392
-63.0248
-90.2851
-117.887
-145.532
-173.019
-199.951
-225.952
-250.585
-273.348
-293.712
-311.152
-325.141
-335.295
-341.23
-342.747
-339.883
-332.926
-322.353
-308.747
-292.716
-274.633
-254.628
-232.885
-209.642
-185.065
-159.319
-132.456
-104.49
-74.8562
-43.9331
-8.23338
22.6931
107.686
121.225
134.999
148.193
159.574
169.197
176.521
181.077
182.943
182.382
179.717
175.33
169.475
162.355
154.163
145.008
135.001
124.26
112.888
100.989
88.679
76.0843
63.3582
50.7548
38.6741
27.5626
17.7392
9.34269
2.45052
-2.85481
-6.50419
-8.47062
-8.74662
-7.27641
-4.01406
1.34671
9.07277
21.3494
36.4429
86.815
71.5025
53.5446
33.5781
12.7525
-9.92198
-33.785
-58.2951
-83.5165
-109.064
-134.682
-160.23
-185.367
-209.78
-233.092
-254.853
-274.573
-291.754
-305.881
-316.55
-323.386
-326.124
-324.743
-319.443
-310.588
-298.627
-284.071
-267.301
-248.489
-227.82
-205.527
-181.782
-156.756
-130.515
-103.1
-74.0138
-43.6864
-8.93428
21.0323
100.539
113.23
126.192
138.663
149.495
158.75
165.912
170.527
172.665
172.574
170.548
166.935
161.968
155.817
148.644
140.526
131.544
121.784
111.329
100.268
88.7126
76.787
64.6428
52.5255
40.8173
29.9418
20.2203
11.8247
4.86109
-0.574174
-4.39965
-6.57355
-7.07636
-5.84115
-2.80903
2.31725
9.78443
21.5495
35.771
80.9033
66.5427
49.7118
31.0287
11.6144
-9.49889
-31.6826
-54.4212
-77.8055
-101.484
-125.242
-148.98
-172.412
-195.276
-217.255
-237.951
-256.913
-273.682
-287.762
-298.739
-306.259
-310.002
-309.898
-306.069
-298.78
-288.366
-275.241
-259.769
-242.148
-222.563
-201.24
-178.355
-154.082
-128.501
-101.677
-73.1811
-43.4861
-9.72671
19.2562
93.7995
105.73
117.961
129.779
140.108
149.01
156
160.634
162.974
163.259
161.757
158.793
154.58
149.27
142.999
135.822
127.791
118.97
109.415
99.1976
88.4158
77.1876
65.6571
54.0583
42.7584
32.1622
22.5886
14.2342
7.23099
1.69104
-2.29128
-4.65912
-5.38
-4.37739
-1.57966
3.29873
10.4846
21.7081
35.0659
75.3112
61.8077
45.9918
28.4644
10.3164
-9.39659
-30.069
-51.2145
-72.9369
-94.9143
-116.966
-139.026
-160.853
-182.233
-202.895
-222.493
-240.623
-256.862
-270.748
-281.864
-289.869
-294.42
-295.397
-292.857
-286.982
-278.008
-266.257
-252.057
-235.618
-217.122
-196.785
-174.785
-151.298
-126.412
-100.218
-72.3529
-43.3249
-10.6013
17.3807
87.4612
98.7051
110.272
121.497
131.359
139.923
146.733
151.353
153.84
154.424
153.354
150.932
147.361
142.779
137.302
130.971
123.816
115.878
107.19
97.8055
87.8044
77.2923
66.4006
55.3485
44.489
34.2124
24.8309
16.558
9.54875
3.93116
-0.187156
-2.73383
-3.66297
-2.88932
-0.32905
4.28967
11.1728
21.8291
34.3349
70.0383
57.3135
42.4178
25.9384
8.93249
-9.51399
-28.8208
-48.5263
-68.7418
-89.1705
-109.66
-130.171
-150.495
-170.461
-189.843
-208.338
-225.591
-241.217
-254.789
-265.899
-274.218
-279.399
-281.275
-279.849
-275.238
-267.593
-257.148
-244.187
-228.914
-211.507
-192.167
-171.072
-148.398
-124.242
-98.7166
-71.5204
-43.193
-11.543
15.4307
81.5112
92.1313
103.091
113.771
123.198
131.438
138.063
142.644
145.234
146.054
145.339
143.372
140.348
136.392
131.613
126.036
119.68
112.563
104.701
96.1263
86.9004
77.1114
66.8751
56.3934
46.0044
36.0835
26.9353
18.7837
11.8026
6.13568
1.90396
-0.805035
-1.93133
-1.38199
0.938657
5.287
11.848
21.9161
33.5836
65.0802
53.0651
39.0091
23.4861
7.51706
-9.77892
-27.8472
-46.2446
-65.0899
-84.1088
-103.167
-122.246
-141.17
-159.8
-177.95
-195.36
-211.715
-226.671
-239.835
-250.821
-259.307
-264.957
-267.564
-267.09
-263.596
-257.164
-247.95
-236.184
-222.055
-205.728
-187.392
-167.22
-145.384
-121.99
-97.1682
-70.6778
-43.0854
-12.5401
13.4307
75.9329
85.9834
96.3852
106.56
115.579
123.507
129.943
134.467
137.124
138.131
137.707
136.121
133.562
130.149
125.979
121.074
115.438
109.079
101.993
94.1963
85.7291
76.661
67.0886
57.1945
47.3004
37.7678
28.8912
20.8994
13.981
8.2943
3.97313
1.11982
-0.191434
0.139386
2.21925
6.2879
12.5087
21.9722
32.816
60.4266
49.0629
35.7794
21.1308
6.10992
-10.1375
-27.0751
-44.2818
-61.877
-79.6067
-97.3525
-115.113
-132.736
-150.113
-167.089
-183.44
-198.894
-213.143
-225.831
-236.597
-245.124
-251.101
-254.288
-254.614
-252.097
-246.762
-238.696
-228.074
-215.058
-199.799
-182.469
-163.231
-142.255
-119.654
-95.5694
-69.8198
-42.9968
-13.5777
11.4082
70.708
80.2345
90.1205
99.8247
108.46
116.089
122.334
126.784
129.481
130.633
130.449
129.184
127.021
124.076
120.438
116.127
111.14
105.473
99.1107
92.0513
84.3176
75.959
67.0517
57.7563
48.3767
39.2601
30.6895
22.894
16.0726
10.3961
6.01058
3.03234
1.54963
1.66888
3.50774
7.28869
13.1537
22.0012
32.038
56.065
45.3026
32.7309
18.8895
4.73716
-10.5478
-26.4507
-42.5668
-59.02
-75.5689
-92.1105
-108.655
-125.072
-141.275
-157.138
-172.469
-187.034
-200.558
-212.721
-223.19
-231.656
-237.836
-241.468
-242.454
-240.78
-236.428
-229.423
-219.886
-207.947
-193.737
-177.407
-159.113
-139.017
-117.235
-93.9198
-68.9463
-42.9274
-14.646
9.37871
65.8182
74.8598
84.2677
93.5308
101.802
109.144
115.197
119.563
122.276
123.541
123.554
122.559
120.734
118.192
115.02
111.234
106.827
101.788
96.0939
89.7275
82.6948
75.0261
66.7765
58.0851
49.2352
40.5577
32.3231
24.7578
18.0666
12.4306
8.00671
4.92411
3.28456
3.20049
4.79939
8.2862
13.7814
22.0067
31.2546
51.9825
41.7781
29.8655
16.7702
3.41898
-10.9805
-25.9313
-41.0479
-56.4527
-71.9181
-87.3512
-102.774
-118.073
-133.179
-147.993
-162.349
-176.045
-188.842
-200.448
-210.561
-218.884
-225.16
-229.117
-230.636
-229.68
-226.198
-220.165
-211.648
-200.744
-187.557
-172.22
-154.874
-135.673
-114.733
-92.2191
-68.056
-42.8737
-15.7349
7.35131
61.2446
69.8365
78.7975
87.6468
95.5719
102.637
108.5
112.772
115.484
116.834
117.009
116.241
114.706
112.514
109.747
106.423
102.534
98.0635
92.981
87.2594
80.8901
73.8856
66.2807
58.1917
49.8799
41.6591
33.7866
26.482
19.9528
14.3871
9.95122
6.78581
5.00527
4.72738
6.08848
9.27638
14.391
21.9923
30.4716
48.165
38.4797
27.1811
14.7788
2.16846
-11.4127
-25.4859
-39.6815
-54.1216
-68.5898
-83.0039
-97.3917
-111.655
-125.74
-139.566
-152.995
-165.851
-177.924
-188.955
-198.67
-206.784
-213.066
-217.242
-219.182
-218.828
-216.108
-210.956
-203.391
-193.472
-181.28
-166.922
-150.524
-132.229
-112.154
-90.4689
-67.1492
-42.8351
-16.8392
5.3256
56.9701
65.1413
73.6838
82.1425
89.7393
96.5385
102.212
106.385
109.08
110.492
110.8
110.225
108.939
107.048
104.636
101.719
98.2905
94.3312
89.8061
84.6802
78.9332
72.562
65.5828
58.088
50.317
42.5656
35.0763
28.0596
21.7219
16.2556
11.8342
8.60829
6.70356
6.24278
7.36964
10.2558
14.9812
21.9618
29.6944
44.5991
35.3987
24.6725
12.9166
0.994251
-11.828
-25.0884
-38.4341
-51.9823
-65.5315
-79.0053
-92.4381
-105.741
-118.876
-131.778
-144.328
-156.377
-167.742
-178.19
-187.476
-195.329
-201.542
-205.849
-208.107
-208.251
-206.19
-201.829
-195.145
-186.159
-174.925
-161.527
-146.073
-128.691
-109.499
-88.6693
-66.2244
-42.8063
-17.9516
3.30233
52.9761
60.7529
68.9011
76.992
84.2759
90.8183
96.3063
100.373
103.042
104.498
104.914
104.502
103.429
101.8
99.6983
97.1405
94.1205
90.6192
86.5992
82.0203
76.8527
71.0801
64.7014
57.7876
50.5553
43.2809
36.1908
29.4851
23.3657
18.0263
13.6456
10.3817
8.37045
7.73907
8.63655
11.2201
15.551
21.9184
28.9292
41.2708
32.5242
22.3347
11.1834
-0.0991099
-12.2148
-24.7209
-37.2784
-50.003
-62.7014
-75.3064
-87.8547
-100.269
-112.519
-124.557
-136.278
-147.557
-158.232
-168.1
-176.937
-184.494
-190.575
-194.936
-197.426
-197.971
-196.474
-192.816
-186.939
-178.83
-168.515
-156.054
-141.533
-125.069
-106.772
-86.8225
-65.2798
-42.7842
-19.0679
1.28186
49.245
56.6517
64.4287
72.1707
79.1567
85.4516
90.7561
94.7146
97.3456
98.8324
99.3367
99.0622
98.173
96.7734
94.9421
92.7001
90.0426
86.9507
83.3865
79.307
74.6754
69.4643
63.6577
57.3069
50.6056
43.8102
37.1309
30.7548
24.8773
19.6907
15.3758
12.0968
9.99728
9.2089
9.8834
12.1657
16.0994
21.8653
28.1808
38.1666
29.8467
20.1609
9.57663
-1.10798
-12.5644
-24.3683
-36.1943
-48.1539
-60.0656
-71.8662
-83.5957
-95.1845
-106.612
-117.841
-128.783
-139.33
-149.34
-158.634
-167.012
-174.245
-180.148
-184.499
-187.144
-188.005
-186.983
-183.945
-178.802
-171.512
-162.072
-150.519
-136.917
-121.369
-103.98
-84.9289
-64.3126
-42.7603
-20.1773
-0.726359
45.7616
52.8192
60.2458
67.6577
74.3583
80.4135
85.5382
89.386
91.9739
93.4784
94.0544
93.8967
93.1662
91.9652
90.3716
88.4082
86.0718
83.3453
80.1914
76.5656
72.4266
67.7384
62.4729
56.6629
50.4802
44.1608
37.8984
31.8666
26.2512
21.2404
17.0155
13.7438
11.5747
10.644
11.1036
13.0879
16.6255
21.8053
27.4543
35.2733
27.3555
18.1443
8.09265
-2.03109
-12.8717
-24.0197
-35.1638
-46.4132
-57.5942
-68.6486
-79.6182
-90.4415
-101.105
-111.578
-121.788
-131.642
-141.014
-149.748
-157.664
-164.555
-170.243
-174.532
-177.265
-178.367
-177.741
-175.244
-170.763
-164.232
-155.62
-144.941
-132.24
-117.602
-101.127
-82.9915
-63.3195
-42.7293
-21.2701
-2.71036
42.5106
49.2389
56.3339
63.4306
69.8582
75.6823
80.6313
84.3682
86.9072
88.4193
89.053
88.9949
88.402
87.3747
85.9896
84.2716
82.2196
79.8185
77.0325
73.8173
70.1288
65.9246
61.1669
55.8727
50.1922
44.3418
38.4981
32.8203
27.4835
22.6694
18.5567
15.3138
13.0943
12.0366
12.291
13.9831
17.1282
21.741
26.7541
32.5786
25.0409
16.2771
6.72728
-2.87026
-13.133
-23.6674
-34.1755
-44.7627
-55.2636
-65.6253
-75.8891
-86.0007
-95.9528
-105.721
-115.245
-124.442
-133.207
-141.399
-148.856
-155.392
-160.839
-165.023
-167.791
-169.07
-168.767
-166.735
-162.847
-157.013
-149.18
-139.34
-127.517
-113.78
-98.2204
-81.01
-62.2976
-42.681
-22.3322
-4.6532
39.4777
45.8945
52.6743
59.4707
65.6367
71.238
76.0153
79.6416
82.1277
83.6397
84.3196
84.3463
83.8729
82.9975
81.7959
80.2941
78.4941
76.3823
73.9258
71.0811
67.8026
64.0438
59.7596
54.9532
49.7557
44.3632
38.9354
33.6172
28.5716
23.9716
19.9913
16.7982
14.5472
13.3784
13.4388
14.8467
17.6066
21.6743
26.0837
30.071
22.892
14.5521
5.47562
-3.62618
-13.3464
-23.3056
-33.2184
-43.1876
-53.0546
-62.7715
-72.3793
-81.8297
-91.119
-100.23
-109.11
-117.69
-125.877
-133.545
-140.552
-146.728
-151.916
-155.962
-158.718
-160.117
-160.074
-158.441
-155.079
-149.881
-142.776
-133.736
-122.765
-109.914
-95.2669
-78.9889
-61.2435
-42.6091
-23.3533
-6.5397
36.6492
42.7707
49.2512
55.7607
61.6759
67.0628
71.6724
75.1884
77.6189
79.1246
79.8412
79.9401
79.5705
78.8287
77.7887
76.4783
74.9013
73.047
70.8846
68.3728
65.466
62.1155
58.2702
53.9229
49.1857
44.2362
39.2176
34.2607
29.5148
25.1431
21.3131
18.1892
15.9253
14.6619
14.5411
15.6751
18.0598
21.6067
25.4462
27.7386
20.9005
12.961
4.33286
-4.30238
-13.5111
-22.9299
-32.2859
-41.6764
-50.9519
-60.0676
-69.0651
-77.8994
-86.572
-95.0694
-103.346
-111.345
-118.983
-126.15
-132.718
-138.535
-143.451
-147.334
-150.042
-151.514
-151.675
-150.378
-147.479
-142.859
-136.431
-128.148
-117.998
-106.016
-92.2734
-76.9279
-60.1539
-42.5049
-24.3194
-8.35549
34.0123
39.8538
46.0491
52.2844
57.9591
63.1391
67.5856
70.9925
73.3653
74.8598
75.6054
75.7662
75.4875
74.8629
73.9657
72.8243
71.4449
69.8191
67.9193
65.706
63.1349
60.1568
56.7166
52.7979
48.4968
43.9726
39.3531
34.7547
30.3135
26.1811
22.5168
19.4793
17.2205
15.8792
15.5914
16.464
18.4866
21.5396
24.8436
25.5709
19.0558
11.4967
3.29311
-4.90106
-13.6285
-22.5383
-31.3709
-40.2197
-48.9422
-57.4963
-65.9245
-74.1855
-82.2824
-90.2073
-97.9211
-105.374
-112.493
-119.182
-125.324
-130.785
-135.424
-139.125
-141.757
-143.263
-143.577
-142.562
-140.068
-135.969
-130.167
-122.599
-113.236
-102.099
-89.249
-74.831
-59.0265
-42.3601
-25.2219
-10.0887
31.5553
37.1305
43.0539
49.0264
54.4706
59.451
63.739
67.0381
69.3522
70.8315
71.5996
71.8135
71.6144
71.0937
70.3222
69.3306
68.1265
66.7038
65.0377
63.0917
60.8235
58.1834
55.1148
51.5944
47.7033
43.5844
39.351
35.1053
30.9699
27.0843
23.598
20.6629
18.4261
17.0233
16.5839
17.2096
18.8861
21.4736
24.2778
23.558
17.35
10.1518
2.35083
-5.42657
-13.6984
-22.129
-30.4694
-38.8095
-47.0138
-55.0435
-62.94
-70.6659
-78.2265
-85.6169
-92.8037
-99.744
-106.374
-112.607
-118.341
-123.454
-127.814
-131.32
-133.852
-135.36
-135.788
-135.005
-132.863
-129.231
-124.003
-117.105
-108.494
-98.1758
-86.1997
-72.7004
-57.8582
-42.1682
-26.0497
-11.7283
29.267
34.5885
40.2523
45.9736
51.196
55.9836
60.1181
63.3112
65.5659
67.0269
67.8122
68.0718
67.9423
67.5136
66.8539
65.9952
64.9467
63.7041
62.2461
60.5391
58.5427
56.2086
53.4797
50.3272
46.8197
43.0844
39.2212
35.3191
31.4872
27.8527
24.5541
21.7347
19.5354
18.0875
17.5127
17.9079
19.2567
21.4088
23.7489
21.6903
15.7741
8.91933
1.50057
-5.88188
-13.7236
-21.7016
-29.5785
-37.4408
-45.1594
-52.6978
-60.0973
-67.3236
-74.3834
-81.2747
-87.9687
-94.4286
-100.598
-106.399
-111.742
-116.516
-120.599
-123.904
-126.319
-127.804
-128.309
-127.715
-125.877
-122.662
-117.96
-111.686
-103.789
-94.2594
-83.1362
-70.5401
-56.6485
-41.9232
-26.7959
-13.2657
27.1369
32.2169
37.6326
43.1128
48.1222
52.7239
56.7089
59.7986
61.9937
63.4339
64.2317
64.5306
64.4629
64.1155
63.5553
62.8144
61.9042
60.8218
59.5489
58.0553
56.3025
54.2444
51.8244
49.0102
45.8593
42.4848
38.974
35.4038
31.8702
28.4877
25.3835
22.691
20.5436
19.0662
18.3728
18.5556
19.5974
21.3451
23.2572
19.959
14.3208
7.7925
0.73695
-6.27167
-13.7057
-21.2562
-28.6967
-36.1093
-43.3715
-50.4498
-57.3841
-64.1433
-70.7351
-77.1603
-83.3936
-89.403
-95.1387
-100.533
-105.503
-109.949
-113.762
-116.86
-119.147
-120.588
-121.143
-120.7
-119.122
-116.277
-112.054
-106.36
-99.1363
-90.3624
-80.0659
-68.3536
-55.3959
-41.6185
-27.4522
-14.6925
25.1554
30.0053
35.1834
40.4323
45.2368
49.659
53.4991
56.4875
58.6229
60.0405
60.8473
61.1803
61.1671
60.892
60.4203
59.7847
58.997
58.0572
56.9491
55.6452
54.1104
52.3006
50.1609
47.6564
44.8351
41.7977
38.6199
35.3675
32.1242
28.9918
26.0859
23.5291
21.4461
19.9543
19.1595
19.1489
19.9063
21.2814
22.8013
18.3556
12.982
6.76501
0.0547324
-6.59881
-13.6471
-20.7933
-27.8213
-34.8106
-41.6438
-48.2907
-54.7893
-61.1117
-67.2666
-73.2558
-79.0582
-84.6456
-89.9744
-94.9836
-99.5992
-103.732
-107.281
-110.174
-112.326
-113.707
-114.286
-113.964
-112.607
-110.09
-106.3
-101.143
-94.5521
-86.4985
-76.9989
-66.1464
-54.1
-41.2503
-28.0127
-16.0012
23.3135
27.9435
32.8945
37.9211
42.5287
46.7777
50.4771
53.3661
55.4425
56.8359
57.6483
58.0105
58.0456
57.8354
57.4427
56.9008
56.2225
55.4091
54.4475
53.3127
51.9725
50.3856
48.4989
46.2767
43.7589
41.0345
38.1694
35.219
32.2556
29.369
26.6625
24.2479
22.2399
20.7479
19.8688
19.685
20.1819
21.2166
22.38
16.8724
11.7514
5.83065
-0.550937
-6.86774
-13.55
-20.3135
-26.9526
-33.5422
-39.9721
-46.2136
-52.3039
-58.2171
-63.9633
-69.5455
-74.945
-80.1375
-85.0847
-89.7312
-94.0114
-97.8443
-101.139
-103.829
-105.841
-107.152
-107.738
-107.508
-106.339
-104.11
-100.712
-96.0492
-90.0504
-82.6794
-73.9439
-63.9225
-52.7614
-40.8132
-28.4714
-17.1859
21.6025
26.0225
30.7559
35.5695
39.9872
44.069
47.6319
50.424
52.4415
53.8093
54.6246
55.0119
55.0898
54.9374
54.6157
54.1574
53.5764
52.8758
52.0443
51.06
49.8932
48.5058
46.847
44.8812
42.6414
40.2063
37.6327
34.9672
32.2715
29.6236
27.1154
24.8471
22.9231
21.4437
20.4975
20.1609
20.4222
21.1488
21.9901
15.5018
10.6215
4.98366
-1.08508
-7.08165
-13.4172
-19.8183
-26.0893
-32.3027
-38.3526
-44.2133
-49.9206
-55.4509
-60.8144
-66.0156
-71.0383
-75.8613
-80.4505
-84.7565
-88.7199
-92.2679
-95.3182
-97.8105
-99.6823
-100.915
-101.492
-101.333
-100.322
-98.3474
-95.3017
-91.0919
-85.6445
-78.9176
-70.9104
-61.6877
-51.3811
-40.3054
-28.8251
-18.2418
20.0141
24.2335
28.7586
33.3672
37.6025
41.5229
44.9534
47.6508
49.61
50.9511
51.7668
52.1753
52.2913
52.1907
51.9324
51.5487
51.0549
50.4544
49.7387
48.8878
47.8758
46.6665
45.2128
43.4789
41.4926
39.3233
37.02
34.6213
32.1794
29.7615
27.4481
25.328
23.4951
22.0401
21.0433
20.5745
20.6255
21.0763
21.6294
14.2365
9.58632
4.21818
-1.55234
-7.24481
-13.2505
-19.3083
-25.2318
-31.0898
-36.782
-42.2847
-47.6325
-52.8037
-57.8093
-62.6543
-67.3247
-71.8019
-76.0558
-80.042
-83.7071
-86.9854
-89.8025
-92.1039
-93.8364
-94.9866
-95.544
-95.4368
-94.5597
-92.8068
-90.0776
-86.2821
-81.346
-75.2235
-67.9065
-59.4472
-49.9604
-39.725
-29.0703
-19.1658
18.5408
22.5683
26.8935
31.3057
35.3654
39.13
42.4322
45.0371
46.9387
48.2521
49.066
49.4924
49.6416
49.5872
49.3853
49.0689
48.6524
48.1416
47.5284
46.7968
45.922
44.8718
43.6019
42.0775
40.3213
38.395
36.3409
34.1905
31.9874
29.789
27.6648
25.6929
23.9562
22.5359
21.5043
20.9237
20.79
20.9962
21.2935
13.0698
8.63922
3.52876
-1.95755
-7.3603
-13.0534
-18.7856
-24.3799
-29.9025
-35.2576
-40.4235
-45.4339
-50.2686
-54.9389
-59.4507
-63.7918
-67.9457
-71.8858
-75.5722
-78.9572
-81.9808
-84.5763
-86.6947
-88.2912
-89.3568
-89.8861
-89.8161
-89.0508
-87.4924
-85.0472
-81.6291
-77.1652
-71.6072
-64.9412
-57.2067
-48.5025
-39.0713
-29.2066
-19.9565
17.1752
21.0189
25.1529
29.376
33.2669
36.8814
40.0594
42.5742
44.4187
45.7037
46.5136
46.9547
47.1331
47.1195
46.9684
46.7115
46.3644
45.9329
45.4116
44.7855
44.0331
43.1247
42.019
40.6831
39.1352
37.4302
35.6044
33.6836
31.7036
29.7129
27.771
25.9453
24.3084
22.9317
21.8797
21.2074
20.9142
20.9065
20.9795
11.9951
7.77467
2.91002
-2.30499
-7.43247
-12.8279
-18.2513
-23.5344
-28.7397
-33.7771
-38.6264
-43.3198
-47.8391
-52.1956
-56.3958
-60.4288
-64.2807
-67.9274
-71.3333
-74.4551
-77.2394
-79.6255
-81.5696
-83.0343
-84.0147
-84.5107
-84.4663
-83.7945
-82.4063
-80.2151
-77.14
-73.1106
-68.0775
-62.0217
-54.9718
-47.0103
-38.3455
-29.2338
-20.6136
15.91
19.5783
23.5284
27.5704
31.2989
34.7686
37.8264
40.2537
42.0421
43.298
44.1017
44.5545
44.7581
44.7807
44.6745
44.4708
44.1854
43.8247
43.3846
42.8524
42.2088
41.4265
40.4677
39.3009
37.9409
36.4366
34.8192
33.1092
31.3363
29.5406
27.7725
26.0895
24.5542
23.2286
22.1695
21.4246
20.9963
20.804
20.682
11.0062
6.98641
2.35701
-2.59922
-7.46433
-12.577
-17.7074
-22.6954
-27.6013
-32.339
-36.8902
-41.286
-45.5094
-49.5723
-53.481
-57.2263
-60.796
-64.1687
-67.3123
-70.1878
-72.7473
-74.9362
-76.7152
-78.0537
-78.9504
-79.4093
-79.3812
-78.788
-77.5486
-75.5846
-72.8203
-69.1894
-64.6421
-59.1556
-52.7487
-45.4881
-37.55
-29.1542
-21.139
14.739
18.2391
22.0133
25.8808
29.4533
32.7836
35.7253
38.0674
39.8008
41.0273
41.8233
42.2849
42.51
42.5641
42.4977
42.3411
42.1104
41.8124
41.4445
40.9955
40.4482
39.7782
38.9505
37.935
36.7442
35.4211
33.9928
32.4757
30.8936
29.2797
27.6761
26.131
24.6976
23.4292
22.3747
21.5752
21.0353
20.6863
20.3977
10.0975
6.26973
1.86482
-2.84431
-7.45977
-12.3031
-17.1553
-21.8641
-26.4866
-30.9417
-35.2121
-39.3282
-43.2744
-47.0623
-50.6986
-54.1753
-57.4817
-60.5986
-63.4973
-66.1429
-68.4918
-70.4957
-72.1192
-73.3377
-74.1531
-74.5728
-74.5541
-74.0267
-72.918
-71.1569
-68.674
-65.4069
-61.3071
-56.349
-50.5427
-43.9402
-36.6881
-28.9705
-21.5351
13.6558
16.995
20.6003
24.3005
27.7228
30.9188
33.7483
36.0078
37.6874
38.8842
39.671
40.1391
40.3822
40.4639
40.4321
40.317
40.1345
39.8919
39.5876
39.2122
38.7503
38.1799
37.4688
36.5885
35.5494
34.3895
33.1323
31.7906
30.3835
28.9381
27.4887
26.0756
24.7432
23.5363
22.4968
21.6593
21.0298
20.5503
20.1211
9.26336
5.61908
1.42908
-3.04424
-7.42162
-12.0092
-16.597
-21.0411
-25.3957
-29.584
-33.5904
-37.4438
-41.1298
-44.6602
-48.0419
-51.2677
-54.3286
-57.2072
-59.8778
-62.3088
-64.4614
-66.2921
-67.7699
-68.8748
-69.6123
-69.9922
-69.9774
-69.5053
-68.5114
-66.9313
-64.7025
-61.767
-58.0779
-53.6078
-48.3596
-42.372
-35.7642
-28.6871
-21.8058
12.6546
15.8394
19.2829
22.822
26.0999
29.1664
31.8876
34.0673
35.6943
36.8617
37.6382
38.1107
38.369
38.4742
38.4727
38.3936
38.2531
38.0591
37.8107
37.5
37.1135
36.631
36.0233
35.2637
34.3602
33.347
32.244
31.0612
29.8137
28.5232
27.2176
25.9298
24.6963
23.5543
22.5386
21.678
20.9795
20.394
19.8487
8.49822
5.0299
1.04528
-3.20269
-7.35338
-11.6972
-16.034
-20.2274
-24.3287
-28.2653
-32.0229
-35.6293
-39.0715
-42.3609
-45.5047
-48.4966
-51.3285
-53.9852
-56.4435
-58.6749
-60.6447
-62.3139
-63.6557
-64.6541
-65.3175
-65.6578
-65.6431
-65.2176
-64.3244
-62.9062
-60.9066
-58.272
-54.9584
-50.9369
-46.2047
-40.7888
-34.7836
-28.3095
-21.9566
11.7293
14.766
18.054
21.4385
24.5773
27.5192
30.136
32.2383
33.8142
34.9524
35.718
36.1932
36.4641
36.5895
36.614
36.5662
36.4622
36.3103
36.1106
35.8564
35.5358
35.1308
34.6145
33.962
33.1798
32.2979
31.3334
30.294
29.1914
28.0426
26.8702
25.7004
24.5628
23.4877
22.5033
21.633
20.884
20.2147
19.5755
7.79673
4.49681
0.709185
-3.32353
-7.25759
-11.3698
-15.4682
-19.4237
-23.2853
-26.9844
-30.5078
-33.8823
-37.0958
-40.1598
-43.0813
-45.855
-48.4739
-50.9242
-53.1851
-55.2313
-57.0311
-58.5506
-59.7656
-60.6648
-61.2583
-61.5598
-61.5426
-61.1567
-60.3521
-59.0786
-57.2852
-54.9234
-51.9513
-48.3406
-44.0835
-39.1965
-33.7524
-27.844
-21.9936
10.874
13.7686
16.9072
20.143
23.1481
25.9699
28.4858
30.5133
32.0396
33.1491
33.9035
34.38
34.6616
34.8043
34.8513
34.8303
34.7578
34.6421
34.4844
34.2792
34.016
33.6787
33.2428
32.6852
32.0109
31.246
30.4056
29.4951
28.5234
27.5036
26.4537
25.3944
24.3491
23.3418
22.3948
21.5266
20.7439
20.0113
19.299
7.15361
4.01536
0.416227
-3.41046
-7.13818
-11.0292
-14.9009
-18.631
-22.2659
-25.7408
-29.0437
-32.2002
-35.1995
-38.0526
-40.7665
-43.3368
-45.7574
-48.016
-50.0939
-51.9681
-53.6107
-54.9915
-56.0894
-56.8964
-57.4245
-57.6891
-57.6672
-57.3152
-56.589
-55.4446
-53.8366
-51.7209
-49.0588
-45.8224
-42.0006
-37.6011
-32.6773
-27.2979
-21.9239
10.0831
12.8413
15.8364
18.929
21.8051
24.511
26.9296
28.8848
30.363
31.4445
32.1874
32.6645
32.9551
33.113
33.1793
33.1816
33.136
33.0513
32.9295
32.7663
32.5526
32.2741
31.9086
31.4347
30.8556
30.1949
29.465
28.67
27.816
26.9132
25.9755
25.019
24.0617
23.1222
22.2174
21.3614
20.5598
19.7822
19.0149
6.564
3.58063
0.162183
-3.46743
-6.99787
-10.6783
-14.3343
-17.8503
-21.2706
-24.5337
-27.629
-30.5807
-33.3793
-36.0352
-38.5557
-40.9365
-43.1728
-45.2534
-47.1615
-48.8768
-50.3742
-51.6268
-52.6165
-53.3385
-53.8062
-54.0359
-54.0084
-53.6855
-53.0287
-51.9994
-50.5577
-48.6636
-46.2818
-43.3855
-39.9609
-36.0087
-31.5658
-26.6792
-21.7552
9.35179
11.9791
14.8361
17.7907
20.5426
23.1366
25.4608
27.3459
28.7772
29.8313
30.5627
31.0398
31.3382
31.5095
31.5929
31.6154
31.593
31.5346
31.4434
31.3159
31.1447
30.9168
30.6124
30.2116
29.7166
29.1478
28.5161
27.8239
27.0753
26.278
25.4425
24.5811
23.7072
22.8347
21.9758
21.1404
20.3331
19.5269
18.7218
6.0238
3.18881
-0.0568664
-3.49804
-6.84035
-10.3196
-13.7704
-17.0832
-20.3
-23.363
-26.2625
-29.0218
-31.6321
-34.1038
-36.4438
-38.6484
-40.7136
-42.6292
-44.3803
-45.9487
-47.3121
-48.4468
-49.3374
-49.9813
-50.3935
-50.5909
-50.5576
-50.2598
-49.6643
-48.7377
-47.4447
-45.7497
-43.6205
-41.0321
-37.9689
-34.4255
-30.4249
-25.996
-21.496
8.67582
11.1776
13.9019
16.7237
19.3553
21.8408
24.0735
25.8903
27.2759
28.3029
29.0225
29.4991
29.8043
29.9876
30.0863
30.1266
30.1243
30.0886
30.0234
29.9263
29.7911
29.6065
29.3547
29.0174
28.5958
28.1079
27.5627
26.9616
26.3071
25.6045
24.8618
24.0878
23.2925
22.4855
21.675
20.8673
20.0654
19.2449
18.4164
5.52971
2.83633
-0.244229
-3.50557
-6.66826
-9.95635
-13.2117
-16.3312
-19.3551
-22.2288
-24.9436
-27.5218
-29.9557
-32.255
-34.4266
-36.4674
-38.3737
-40.1367
-41.7428
-43.176
-44.4161
-45.4425
-46.2423
-46.8151
-47.1767
-47.3446
-47.3053
-47.0296
-46.4886
-45.6533
-44.4932
-42.9766
-41.0748
-38.7643
-36.0285
-32.8574
-29.2624
-25.257
-21.155
8.05201
10.4337
13.0306
15.7242
18.2395
20.6199
22.7633
24.5131
25.8534
26.8532
27.5605
28.0357
28.3469
28.541
28.6535
28.7097
28.7253
28.7094
28.6664
28.5951
28.4905
28.3428
28.136
27.8535
27.4956
27.0781
26.6088
26.0879
25.5166
24.8988
24.2399
23.546
22.8242
22.0808
21.3202
20.5457
19.7587
18.9365
18.0984
5.07921
2.52091
-0.402411
-3.49247
-6.48442
-9.59027
-12.66
-15.5963
-18.4371
-21.1315
-23.6719
-26.0797
-28.3477
-30.4858
-32.5003
-34.3887
-36.1478
-37.7696
-39.242
-40.5506
-41.6776
-42.6051
-43.3221
-43.8304
-44.1462
-44.2873
-44.2426
-43.9863
-43.4938
-42.74
-41.6984
-40.3417
-38.6439
-36.5835
-34.1434
-31.31
-28.0854
-24.4706
-20.741
7.47777
9.74478
12.2194
14.7897
17.1928
19.471
21.5271
23.2108
24.5058
25.4778
26.1717
26.6442
26.9601
27.1637
27.2888
27.3594
27.3909
27.3924
27.3689
27.3198
27.2412
27.1248
26.9563
26.7208
26.4178
26.0613
25.658
25.2073
24.7097
24.1672
23.5835
22.9627
22.3093
21.6267
20.9167
20.1797
19.4153
18.6021
17.7653
4.6702
2.24034
-0.533281
-3.46051
-6.29013
-9.22326
-12.1169
-14.8793
-17.5469
-20.0719
-22.4476
-24.6946
-26.8068
-28.7936
-30.6613
-32.4079
-34.0304
-35.5218
-36.8711
-38.0653
-39.0889
-39.9259
-40.568
-41.0178
-41.2925
-41.4095
-41.3601
-41.1212
-40.672
-39.9908
-39.0553
-37.8413
-36.3264
-34.4905
-32.3165
-29.7884
-26.9008
-23.645
-20.2624
6.95087
9.10845
11.4662
13.9181
16.2128
18.3919
20.3628
21.981
23.2304
24.1733
24.8522
25.3202
25.639
25.8505
25.9865
26.0701
26.1159
26.1331
26.1268
26.097
26.0407
25.951
25.8153
25.6199
25.3641
25.0602
24.714
24.3246
23.8915
23.4156
22.8992
22.3446
21.7543
21.1295
20.4697
19.7733
19.0377
18.2423
17.4175
4.30058
1.99306
-0.638316
-3.41095
-6.0868
-8.85602
-11.5829
-14.1812
-16.6851
-19.0502
-21.2705
-23.3661
-25.3317
-27.1766
-28.9071
-30.5214
-32.0171
-33.3878
-34.6237
-35.7131
-36.6421
-37.3971
-37.971
-38.3685
-38.6062
-38.7022
-38.6485
-38.4256
-38.0151
-37.399
-36.558
-35.4717
-34.1202
-32.4853
-30.5501
-28.2971
-25.7151
-22.7883
-19.7282
6.46894
8.52213
10.7682
13.1065
15.2972
17.3805
19.2683
20.8219
22.0253
22.9379
23.5997
24.0609
24.3801
24.5973
24.7423
24.8371
24.8957
24.9269
24.9358
24.923
24.8862
24.8195
24.7118
24.5508
24.3356
24.0771
23.7802
23.444
23.0671
22.6498
22.1931
21.6983
21.1658
20.5954
19.9849
19.3306
18.6285
17.8582
17.0531
3.96802
1.77697
-0.718955
-3.34479
-5.87476
-8.48907
-11.0584
-13.5017
-15.8516
-18.066
-20.1403
-22.0936
-23.9215
-25.6333
-27.2353
-28.7261
-30.1039
-31.3628
-32.4941
-33.4873
-34.3301
-35.0105
-35.5232
-35.8736
-36.0787
-36.1559
-36.099
-35.8907
-35.5151
-34.9573
-34.201
-33.2286
-32.0229
-30.5676
-28.8461
-26.8401
-24.5346
-21.9083
-19.1466
6.02923
7.98266
10.1219
12.3517
14.4425
16.4336
18.2409
19.7313
20.8887
21.7698
22.4126
22.8644
23.1813
23.4014
23.553
23.6569
23.7263
23.7697
23.792
23.7942
23.7745
23.7278
23.6444
23.5131
23.3329
23.1134
22.8592
22.5689
22.241
21.875
21.4713
21.0298
20.5501
20.0305
19.4675
18.856
18.1905
17.4508
16.673
3.66974
1.58999
-0.776948
-3.26317
-5.65488
-8.12236
-10.543
-12.8403
-15.0451
-17.1183
-19.0557
-20.8758
-22.5749
-24.1622
-25.644
-27.0195
-28.2874
-29.4425
-30.4772
-31.382
-32.1459
-32.7587
-33.2163
-33.5247
-33.7009
-33.762
-33.7026
-33.5077
-33.1638
-32.6583
-31.9776
-31.107
-30.0315
-28.7363
-27.2058
-25.4212
-23.3651
-21.0124
-18.526
5.62842
7.48635
9.52333
11.649
13.6442
15.547
17.2767
18.7058
19.8179
20.667
21.2892
21.7295
22.0414
22.2615
22.4168
22.527
22.6049
22.6584
22.6922
22.7074
22.7027
22.6734
22.6112
22.5057
22.3558
22.1701
21.9528
21.7023
21.4171
21.0961
20.739
20.3453
19.9134
19.4409
18.9232
18.3541
17.727
17.022
16.2759
3.40272
1.42946
-0.814208
-3.16749
-5.42779
-7.75631
-10.0363
-12.196
-14.2647
-16.2055
-18.0149
-19.7107
-21.2898
-22.761
-24.1309
-25.399
-26.5645
-27.6233
-28.5685
-29.3917
-30.0834
-30.6348
-31.0427
-31.3138
-31.4645
-31.5116
-31.4506
-31.2682
-30.9529
-30.4946
-29.8816
-29.102
-28.1425
-26.9902
-25.63
-24.0436
-22.212
-20.1078
-17.8745
5.26309
7.02931
8.96793
10.9937
12.8972
14.7151
16.3706
17.7408
18.8091
19.6267
20.2276
20.6547
20.9594
21.1768
21.3328
21.4465
21.5301
21.5911
21.6342
21.6603
21.6682
21.6541
21.6103
21.5273
21.4038
21.2476
21.0622
20.8465
20.5985
20.317
20.0012
19.6501
19.2615
18.8324
18.3573
17.8295
17.2414
16.5734
15.8632
3.16382
1.29271
-0.833027
-3.05945
-5.1948
-7.39123
-9.53823
-11.568
-13.5087
-15.3254
-17.0155
-18.5956
-20.0632
-21.4269
-22.6929
-23.8614
-24.932
-25.9014
-26.7637
-27.5117
-28.1372
-28.6324
-28.9955
-29.233
-29.3616
-29.3965
-29.3347
-29.1639
-28.875
-28.4588
-27.9069
-27.2084
-26.3525
-25.3274
-24.1191
-22.71
-21.0802
-19.2011
-17.1991
4.92975
6.60768
8.45168
10.3812
12.1964
13.933
15.5171
16.8311
17.8575
18.6446
19.2246
19.6379
19.9338
20.1464
20.3005
20.4149
20.5014
20.5672
20.6169
20.6514
20.6698
20.6684
20.6403
20.5768
20.4764
20.3457
20.1883
20.0029
19.7876
19.541
19.262
18.949
18.5996
18.2101
17.7751
17.2869
16.7377
16.1082
15.4357
2.9501
1.177
-0.835744
-2.94099
-4.95716
-7.02815
-9.04893
-10.956
-12.7759
-14.4763
-16.0549
-17.5275
-18.8918
-20.1561
-21.3264
-22.403
-23.3862
-24.2731
-25.0589
-25.7376
-26.302
-26.7459
-27.0681
-27.2757
-27.3845
-27.4093
-27.347
-27.1874
-26.9222
-26.5445
-26.0471
-25.4214
-24.6579
-23.7462
-22.6734
-21.4227
-19.9737
-18.2979
-16.5064
4.62526
6.2183
7.97106
9.80782
11.5379
13.1961
14.7119
15.9719
16.9583
17.7164
18.2763
18.6759
18.9625
19.1689
19.3193
19.432
19.5187
19.5866
19.6402
19.6805
19.7068
19.7156
19.7006
19.6537
19.573
19.4646
19.3315
19.1726
18.9861
18.7705
18.5243
18.2457
17.9319
17.5791
17.1814
16.7312
16.2201
15.6293
14.996
2.7589
1.07984
-0.82463
-2.81392
-4.71645
-6.66798
-8.569
-10.3598
-12.0658
-13.6567
-15.1308
-16.5032
-17.7718
-18.9444
-20.0267
-21.0192
-21.9221
-22.7335
-23.4492
-24.0643
-24.5729
-24.9699
-25.2549
-25.4354
-25.5264
-25.5423
-25.4803
-25.3311
-25.0877
-24.7448
-24.2965
-23.736
-23.0551
-22.2446
-21.2925
-20.1831
-18.896
-17.4028
-15.8026
4.34701
5.85851
7.52371
9.27106
10.9191
12.5019
13.9514
15.1594
16.1071
16.8374
17.3783
17.7651
18.0426
18.2424
18.3879
18.4972
18.582
18.6495
18.7044
18.748
18.7795
18.7959
18.7913
18.758
18.694
18.6044
18.4922
18.3564
18.1952
18.0071
17.7904
17.543
17.262
16.9431
16.5808
16.1669
15.6931
15.1409
14.5468
2.58801
0.998994
-0.801762
-2.68013
-4.4741
-6.31187
-8.09906
-9.77979
-11.378
-12.8657
-14.2416
-15.5202
-16.6997
-17.7875
-18.789
-19.7045
-20.5345
-21.2773
-21.9293
-22.4867
-22.9444
-23.2987
-23.55
-23.7058
-23.781
-23.789
-23.7275
-23.5881
-23.3648
-23.0534
-22.6493
-22.1471
-21.54
-20.8196
-19.9751
-18.9915
-17.8489
-16.5201
-15.0927
4.09279
5.52634
7.10764
8.76941
10.3385
11.8484
13.2339
14.391
15.3008
16.0041
16.5267
16.9013
17.1705
17.364
17.5044
17.6095
17.6909
17.7561
17.8102
17.8544
17.8887
17.9099
17.9129
17.8904
17.8399
17.7659
17.6713
17.5551
17.4158
17.2519
17.0617
16.8429
16.5922
16.3055
15.9768
15.598
15.1606
14.6468
14.0918
2.43541
0.932485
-0.769027
-2.5413
-4.23157
-5.96082
-7.6398
-9.21607
-10.7124
-12.1025
-13.3859
-14.5764
-15.6726
-16.6818
-17.6087
-18.4538
-19.2175
-19.8982
-20.4931
-20.9985
-21.4106
-21.7265
-21.9474
-22.0811
-22.142
-22.1429
-22.082
-21.9518
-21.747
-21.4642
-21.1
-20.65
-20.1085
-19.4683
-18.7194
-17.8477
-16.8342
-15.653
-14.3823
3.86065
5.21979
6.72123
8.30113
9.79474
11.2345
12.5573
13.6645
14.5365
15.2129
15.7178
16.081
16.3424
16.5304
16.6662
16.767
16.8445
16.9062
16.9576
17.0006
17.0351
17.0588
17.0667
17.052
17.012
16.9504
16.87
16.77
16.6492
16.5061
16.3394
16.1465
15.9243
15.6681
15.3718
15.0273
14.6261
14.1504
13.634
2.29927
0.878493
-0.728198
-2.39907
-3.9902
-5.6159
-7.19182
-8.66893
-10.0687
-11.3667
-12.5628
-13.6703
-14.6884
-15.6241
-16.4819
-17.2623
-17.9656
-18.5904
-19.1339
-19.593
-19.9647
-20.2467
-20.441
-20.5551
-20.6034
-20.5981
-20.5379
-20.4161
-20.2282
-19.9712
-19.643
-19.2396
-18.7567
-18.1875
-17.5235
-16.7511
-15.8532
-14.8049
-13.6759
3.64867
4.93694
6.36222
7.86421
9.28542
10.6575
11.9196
12.9775
13.8117
14.4613
14.9485
15.3006
15.555
15.7382
15.8701
15.9673
16.0409
16.0988
16.1466
16.1868
16.2197
16.2436
16.2539
16.2443
16.2118
16.1596
16.0901
16.0028
15.8969
15.7712
15.6246
15.4549
15.2587
15.0314
14.7668
14.4564
14.0913
13.6542
13.1768
2.17781
0.835311
-0.680923
-2.25497
-3.75141
-5.27823
-6.75591
-8.13872
-9.44683
-10.6577
-11.7713
-12.8007
-13.7454
-14.6122
-15.4056
-16.1261
-16.7741
-17.3481
-17.8456
-18.2639
-18.6001
-18.8527
-19.0239
-19.1216
-19.159
-19.1485
-19.089
-18.9749
-18.8022
-18.569
-18.273
-17.9116
-17.4806
-16.9746
-16.3854
-15.7017
-14.9068
-13.9783
-12.9773
3.45496
4.67564
6.02842
7.45564
8.80746
10.1143
11.317
12.3266
13.1231
13.7459
14.2156
14.5568
14.8045
14.9838
15.1131
15.2076
15.2783
15.3327
15.3767
15.4131
15.4431
15.4651
15.4757
15.4686
15.4411
15.3955
15.3339
15.2561
15.1615
15.0494
14.9191
14.769
14.596
14.3957
14.1616
13.8849
13.5568
13.1594
12.7223
2.06945
0.80147
-0.628655
-2.11043
-3.51657
-4.94905
-6.33297
-7.62598
-8.84695
-9.97516
-11.0109
-11.9666
-12.8423
-13.6445
-14.3777
-15.0424
-15.6392
-16.1668
-16.6229
-17.0048
-17.31
-17.5374
-17.6894
-17.7734
-17.8023
-17.7876
-17.7292
-17.6222
-17.4635
-17.2517
-16.9851
-16.6614
-16.2769
-15.8268
-15.3041
-14.6989
-13.9961
-13.1748
-12.2893
3.2777
4.43378
5.71701
7.07247
8.35724
9.6008
10.7457
11.7081
12.467
13.0637
13.5163
13.8465
14.0879
14.264
14.3917
14.485
14.554
14.6059
14.6466
14.6792
14.7053
14.7243
14.7331
14.7264
14.7013
14.6598
14.6036
14.5325
14.4459
14.3437
14.2257
14.0912
13.9377
13.7612
13.5556
13.3122
13.0212
12.6653
12.2709
1.97252
0.775497
-0.572731
-1.9667
-3.28686
-4.62946
-5.92399
-7.1314
-8.26934
-9.31914
-10.2812
-11.1674
-11.9783
-12.7201
-13.3967
-14.0092
-14.5583
-15.0431
-15.4613
-15.8105
-16.0884
-16.2941
-16.4302
-16.5035
-16.5261
-16.5089
-16.4522
-16.352
-16.2062
-16.014
-15.7742
-15.4846
-15.1418
-14.7416
-14.278
-13.7422
-13.1209
-12.3953
-11.6132
3.11503
4.20914
5.42566
6.71155
7.93147
9.11357
10.2017
11.1178
11.8397
12.4113
12.8476
13.1671
13.402
13.5754
13.7024
13.796
13.8651
13.9161
13.9548
13.9843
14.0066
14.0216
14.0271
14.0187
13.9938
13.9541
13.9011
13.8343
13.7533
13.6578
13.5484
13.425
13.2864
13.1296
12.9491
12.7366
12.4824
12.169
11.8199
1.88537
0.755976
-0.514457
-1.82498
-3.06354
-4.32059
-5.53001
-6.65592
-7.71455
-8.68987
-9.58197
-10.4027
-11.1531
-11.8384
-12.4619
-13.0252
-13.5296
-13.9743
-14.3573
-14.6765
-14.9299
-15.1167
-15.2394
-15.3045
-15.323
-15.3051
-15.2512
-15.1582
-15.0248
-14.8507
-14.6354
-14.3769
-14.072
-13.7165
-13.3053
-12.8309
-12.2817
-11.6407
-10.9506
2.96502
3.9998
5.15213
6.37088
7.52787
8.64986
9.68228
10.553
11.2377
11.786
12.2071
12.5156
12.7442
12.915
13.0422
13.1372
13.2081
13.2605
13.2992
13.3272
13.3465
13.3574
13.3587
13.3468
13.3197
13.2795
13.2276
13.1634
13.0861
12.9952
12.8914
12.7753
12.6467
12.5043
12.344
12.1584
11.9384
11.6668
11.3647
1.80657
0.741389
-0.455138
-1.68662
-2.8477
-4.02386
-5.15239
-6.20068
-7.18357
-8.08842
-8.91334
-9.67172
-10.3657
-10.9982
-11.5719
-12.0889
-12.5512
-12.9582
-13.3082
-13.5995
-13.8303
-14.0001
-14.1113
-14.1699
-14.186
-14.1689
-14.1192
-14.0342
-13.9131
-13.7563
-13.5638
-13.3338
-13.0633
-12.7484
-12.3843
-11.9646
-11.4789
-10.9127
-10.3038
2.82625
3.80424
4.89517
6.04905
7.14553
8.20917
9.18672
10.0125
10.658
11.1847
11.5918
11.8895
12.1114
12.2798
12.4076
12.505
12.5793
12.6351
12.6765
12.7055
12.7238
12.7319
12.729
12.7124
12.6811
12.6378
12.5846
12.5211
12.4461
12.3586
12.2587
12.1471
12.0246
11.8913
11.7451
11.5804
11.3895
11.1564
10.9004
1.73529
0.731079
-0.395467
-1.5522
-2.64016
-3.73997
-4.79193
-5.76683
-6.67763
-7.51627
-8.27567
-8.9739
-9.615
-10.1981
-10.7245
-11.1978
-11.6206
-11.9922
-12.3111
-12.576
-12.7857
-12.9399
-13.041
-13.0944
-13.1093
-13.0942
-13.0498
-12.9737
-12.8655
-12.7258
-12.5549
-12.3516
-12.1128
-11.8352
-11.5138
-11.1432
-10.7141
-10.2138
-9.67614
2.69772
3.62144
4.65357
5.74508
6.78316
7.78973
8.7144
9.49629
10.0998
10.6064
11.0003
11.2865
11.5014
11.6671
11.7953
11.8952
11.9738
12.0348
12.0814
12.1145
12.135
12.1428
12.1372
12.1161
12.0793
12.0307
11.9736
11.9084
11.8343
11.7495
11.6531
11.545
11.4263
11.2981
11.1602
11.0097
10.841
10.6401
10.4261
1.67133
0.725223
-0.334688
-1.42062
-2.43948
-3.46725
-4.44721
-5.35309
-6.19617
-6.97195
-7.66879
-8.31121
-8.90325
-9.43879
-9.91956
-10.3514
-10.7369
-11.0747
-11.3637
-11.6032
-11.7926
-11.9318
-12.0234
-12.0719
-12.0859
-12.0731
-12.0347
-11.9683
-11.8738
-11.7517
-11.6024
-11.4244
-11.2157
-10.9724
-10.6906
-10.3647
-9.98659
-9.54457
-9.06929
2.579
3.45065
4.42573
5.45609
6.43696
7.38682
8.26001
8.99972
9.56488
10.0553
10.4351
10.7077
10.9144
11.0771
11.2046
11.3063
11.3887
11.4555
11.5087
11.5486
11.5746
11.5858
11.5807
11.5571
11.515
11.4595
11.3958
11.3262
11.2507
11.1677
11.0748
10.9709
10.8557
10.7307
10.5972
10.4548
10.3006
10.1237
9.9441
1.61382
0.723053
-0.273193
-1.2919
-2.24496
-3.20394
-4.11515
-4.9562
-5.73536
-6.45132
-7.0875
-7.68312
-8.23267
-8.72104
-9.15621
-9.54858
-9.89927
-10.2054
-10.4656
-10.6804
-10.8497
-10.9741
-11.0559
-11.0996
-11.1123
-11.102
-11.0696
-11.0138
-10.934
-10.8307
-10.7032
-10.5506
-10.3703
-10.1597
-9.91454
-9.63007
-9.29824
-8.90875
-8.4885
2.46916
3.29071
4.21018
5.18015
6.10373
6.9954
7.81817
8.51353
9.04701
9.53338
9.8986
10.1531
10.3508
10.51
10.6367
10.739
10.8244
10.8961
10.9564
11.0042
11.0386
11.0567
11.0563
11.0338
10.989
10.927
10.8554
10.7786
10.6992
10.616
10.5268
10.428
10.3181
10.1968
10.0662
9.92748
9.78085
9.61884
9.46395
1.57005
0.722584
-0.224733
-1.18793
-2.08392
-2.97901
-3.81803
-4.5844
-5.27893
-5.91821
-6.44752
-7.02207
-7.5711
-8.03926
-8.4522
-8.82948
-9.16869
-9.46363
-9.71332
-9.91866
-10.0802
-10.1986
-10.2766
-10.3178
-10.3301
-10.3217
-10.2944
-10.2471
-10.1795
-10.0918
-9.98069
-9.84723
-9.68892
-9.50284
-9.28514
-9.03145
-8.73386
-8.38225
-8.00077
2.38455
3.16504
4.03959
4.95312
5.81915
6.64268
7.39154
7.99672
8.46063
9.00883
9.39347
9.64526
9.84588
10.0125
10.145
10.2522
10.3426
10.4206
10.4881
10.5449
10.5891
10.6176
10.6267
10.6116
10.5701
10.5067
10.4296
10.346
10.2607
10.1754
10.088
9.99456
9.89097
9.77524
9.6479
9.5105
9.36464
9.20571
9.0595
1.5359
0.724252
-0.181705
-1.09712
-1.94118
-2.77412
-3.54003
-4.22546
-4.8232
-5.37335
-5.76712
-6.34683
-6.92293
-7.38832
-7.79404
-8.1715
-8.51386
-8.81126
-9.06226
-9.26841
-9.43038
-9.54913
-9.6275
-9.66877
-9.68226
-9.67624
-9.65357
-9.61262
-9.55468
-9.47937
-9.37965
-9.26038
-9.11894
-8.95141
-8.75461
-8.52423
-8.25269
-7.9298
-7.57697
2.31597
3.06138
3.8942
4.75343
5.55938
6.30628
6.96666
7.46275
7.84192
8.48338
8.91218
9.17369
9.38592
9.56615
9.70942
9.82456
9.92166
10.0062
10.0804
10.1449
10.198
10.2368
10.2571
10.2529
10.22
10.1607
10.0826
9.99438
9.90336
9.81391
9.72612
9.6362
9.53877
9.42952
9.30675
9.17115
9.02455
8.86354
8.71676
1.50054
0.725068
-0.139119
-1.00664
-1.79917
-2.57084
-3.26593
-3.87306
-4.37999
-4.84428
-5.11227
-5.68848
-6.28459
-6.74488
-7.13992
-7.51348
-7.85603
-8.15374
-8.4046
-8.61013
-8.77138
-8.8893
-8.96654
-9.00741
-9.02188
-9.01839
-9.00029
-8.96577
-8.91716
-8.85464
-8.76685
-8.66309
-8.54012
-8.39292
-8.21827
-8.0124
-7.76809
-7.47513
-7.1534
2.24572
2.95594
3.74662
4.55157
5.29934
5.97134
6.54762
6.94219
7.23963
7.9546
8.42765
8.6995
8.92005
9.11192
9.26488
9.38675
9.48921
9.57853
9.65763
9.72737
9.78693
9.83411
9.86523
9.87388
9.85396
9.80463
9.73137
9.64208
9.546
9.45057
9.35941
9.27084
9.17962
9.0792
8.96498
8.83517
8.69057
8.52802
8.37778
1.46478
0.72539
-0.0969773
-0.916901
-1.65874
-2.37035
-2.99754
-3.5291
-3.95149
-4.32974
-4.48624
-5.04861
-5.65433
-6.10792
-6.49062
-6.8566
-7.1961
-7.49209
-7.74113
-7.94499
-8.10454
-8.22081
-8.29618
-8.33657
-8.35199
-8.35092
-8.33685
-8.30771
-8.26712
-8.21605
-8.13942
-8.05098
-7.94676
-7.8205
-7.66856
-7.48793
-7.27149
-7.0092
-6.71676
2.17508
2.85067
3.59934
4.35171
5.04371
5.64201
6.13883
6.4362
6.65711
7.42408
7.93955
8.22386
8.45108
8.65201
8.81284
8.94023
9.04653
9.13953
9.22205
9.29549
9.359
9.41172
9.45077
9.47119
9.46564
9.43111
9.36918
9.28559
9.18854
9.08802
8.99108
8.9005
8.81293
8.72164
8.61903
8.49995
8.36229
8.20205
8.04912
1.42988
0.72593
-0.0549269
-0.827939
-1.52014
-2.17347
-2.73584
-3.19437
-3.53858
-3.82995
-3.89074
-4.4289
-5.03229
-5.47648
-5.84575
-6.20128
-6.53464
-6.8267
-7.07276
-7.27395
-7.43135
-7.54533
-7.6191
-7.65961
-7.67689
-7.67895
-7.66968
-7.64638
-7.61437
-7.57512
-7.51088
-7.43894
-7.35489
-7.25076
-7.12266
-6.96771
-6.77984
-6.55029
-6.29612
2.10603
2.74796
3.45583
4.15769
4.79671
5.32197
5.74249
5.94311
6.09246
6.8922
7.44636
7.74611
7.98024
8.18908
8.35658
8.48743
8.5958
8.69083
8.77644
8.85308
8.92006
8.97615
9.02009
9.04839
9.05519
9.03632
8.9909
8.92047
8.8305
8.72982
8.62826
8.53259
8.44404
8.35791
8.2661
8.16014
8.03421
7.88157
7.72999
1.39693
0.727323
-0.0131373
-0.740248
-1.38433
-1.98106
-2.4817
-2.87012
-3.14262
-3.34642
-3.32695
-3.83083
-4.41903
-4.84998
-5.2047
-5.54725
-5.8714
-6.15747
-6.39909
-6.59719
-6.75201
-6.86369
-6.93613
-6.97645
-6.99413
-6.9973
-6.99011
-6.96962
-6.94243
-6.91079
-6.85497
-6.79585
-6.7286
-6.64404
-6.53789
-6.40745
-6.24654
-6.04483
-5.80954
2.04014
2.65002
3.31837
3.97271
4.56034
5.01192
5.35942
5.46044
5.54155
6.35924
6.94729
7.26382
7.50607
7.72415
7.8995
8.03363
8.14152
8.23533
8.32122
8.40018
8.47072
8.53066
8.57851
8.61192
8.62693
8.621
8.59273
8.54101
8.46695
8.37577
8.27627
8.17757
8.08523
7.99894
7.91278
7.81759
7.70437
7.56275
7.41544
1.36646
0.729213
0.0271638
-0.656067
-1.2536
-1.79574
-2.23729
-2.55844
-2.76542
-2.88141
-2.79634
-3.25566
-3.81571
-4.22857
-4.56685
-4.89368
-5.20554
-5.48306
-5.71899
-5.91324
-6.06583
-6.17726
-6.25207
-6.29724
-6.32163
-6.33256
-6.33447
-6.32433
-6.30965
-6.29308
-6.25233
-6.21132
-6.16503
-6.10297
-6.02026
-5.91474
-5.78269
-5.6197
-5.44555
1.97878
2.55854
3.18927
3.79828
4.33409
4.70973
4.986
4.98189
4.99538
5.82416
6.44435
6.77709
7.02519
7.25108
7.43689
7.57874
7.68923
7.78107
7.86394
7.94153
8.01388
8.07791
8.13124
8.1703
8.19191
8.19496
8.1803
8.14658
8.09254
8.01884
7.93077
7.83618
7.74294
7.65475
7.5699
7.48124
7.37916
7.25134
7.11672
1.33835
0.730664
0.0636852
-0.578785
-1.13231
-1.62213
-2.00671
-2.26282
-2.40927
-2.43735
-2.29966
-2.70457
-3.22367
-3.61243
-3.93128
-4.23928
-4.53548
-4.80203
-5.0305
-5.21965
-5.36862
-5.47724
-5.54843
-5.58765
-5.60479
-5.6094
-5.60653
-5.59281
-5.57598
-5.55833
-5.5178
-5.48136
-5.44456
-5.39665
-5.33248
-5.2487
-5.13791
-4.98571
-4.78136
1.92235
2.47431
3.06938
3.63561
4.11691
4.41361
4.62025
4.50023
4.43976
5.27905
5.93843
6.2953
6.54983
6.77627
6.96305
7.10842
7.22306
7.31763
7.40035
7.47711
7.5501
7.61846
7.67929
7.72843
7.76116
7.77633
7.77568
7.75988
7.72719
7.67595
7.60701
7.52477
7.43577
7.34587
7.2572
7.16662
7.06607
6.94013
6.79644
1.31212
0.731474
0.0962912
-0.509523
-1.02286
-1.46491
-1.796
-1.9906
-2.08123
-2.02022
-1.83765
-2.17801
-2.64439
-3.00178
-3.29698
-3.58198
-3.85815
-4.11071
-4.3325
-4.52198
-4.67821
-4.80094
-4.89309
-4.95985
-5.00651
-5.03866
-5.06303
-5.07719
-5.09049
-5.10436
-5.09101
-5.08005
-5.06837
-5.04526
-5.00592
-4.94941
-4.87747
-4.79678
-4.74636
1.86989
2.39596
2.95813
3.48501
3.91142
4.13486
4.27704
4.01753
3.86135
4.70464
5.40711
5.80575
6.09315
6.33991
6.53038
6.666
6.76488
6.84394
6.91356
6.98005
7.04657
7.11371
7.17923
7.23787
7.2826
7.31133
7.32652
7.33047
7.32299
7.30249
7.26744
7.21838
7.15797
7.08993
7.01692
6.93878
6.85332
6.75703
6.67586
1.28855
0.732763
0.126591
-0.446349
-0.924653
-1.32604
-1.61096
-1.75382
-1.79551
-1.63946
-1.40998
-1.67742
-2.07925
-2.39601
-2.66299
-2.92174
-3.17157
-3.39964
-3.59978
-3.76992
-3.907
-4.00651
-4.06557
-4.08669
-4.086
-4.08037
-4.07359
-4.06016
-4.045
-4.02897
-3.99269
-3.96654
-3.94739
-3.92624
-3.89772
-3.8562
-3.78637
-3.65929
-3.4267
1.82225
2.32467
2.85714
3.34937
3.72512
3.89437
3.97651
3.53221
3.25848
4.09785
4.81449
5.22999
5.55307
5.85892
6.11781
6.31065
6.44272
6.52871
6.58559
6.62869
6.66906
6.71385
6.76574
6.82092
6.86835
6.89995
6.91466
6.9144
6.90074
6.87419
6.83451
6.78238
6.71983
6.65018
6.57598
6.49599
6.40003
6.25998
6.04555
1.2699
0.730305
0.144901
-0.40185
-0.850316
-1.21539
-1.45649
-1.55354
-1.54316
-1.28148
-1.00882
-1.20623
-1.53201
-1.79372
-2.02446
-2.25929
-2.49745
-2.7286
-2.94755
-3.15272
-3.34335
-3.5198
-3.68301
-3.83005
-3.94618
-4.02783
-4.09397
-4.14878
-4.20905
-4.27357
-4.29633
-4.30893
-4.32242
-4.33038
-4.32849
-4.31994
-4.3216
-4.36706
-4.54588
1.78823
2.2746
2.78382
3.24298
3.56632
3.68356
3.66126
2.97462
2.61855
3.51455
4.24949
4.62923
4.87985
5.11022
5.33616
5.5596
5.77611
5.97226
6.13619
6.26491
6.36265
6.43757
6.50073
6.56759
6.6495
6.73865
6.82243
6.89681
6.96055
7.01268
7.05082
7.07204
7.07416
7.05678
7.02233
6.97777
6.94192
6.95489
7.10122
1.2561
0.709618
0.121838
-0.415702
-0.841732
-1.16542
-1.34468
-1.36911
-1.26187
-0.882112
-0.607991
-0.760296
-1.01479
-1.20894
-1.36835
-1.51933
-1.6643
-1.79894
-1.91992
-2.02339
-2.10082
-2.13868
-2.12706
-2.07163
-2.01606
-1.98539
-1.96668
-1.93826
-1.89589
-1.86644
-1.81513
-1.77422
-1.74907
-1.72963
-1.71024
-1.68404
-1.61847
-1.45544
-1.06599
1.78051
2.26813
2.76684
3.19158
3.44253
3.45185
3.18209
2.21256
1.85736
2.93579
3.87778
4.46036
4.80716
4.97268
4.9822
4.89824
4.78681
4.70069
4.66055
4.66642
4.70951
4.78141
4.86816
4.93805
4.95825
4.94512
4.92614
4.90557
4.88238
4.85605
4.82856
4.80294
4.78094
4.76305
4.74554
4.71536
4.63339
4.42005
3.94945
1.24115
0.669568
0.0593294
-0.487519
-0.90222
-1.18574
-1.29288
-1.21881
-0.969322
-0.470274
-0.197716
-0.307052
-0.515596
-0.721033
-0.933927
-1.15919
-1.39748
-1.64907
-1.91657
-2.20544
-2.52359
-2.87513
-3.24421
-3.59022
-3.83989
-3.99217
-4.1408
-4.25801
-4.45295
-4.74114
-4.66197
-4.67769
-4.76553
-4.83257
-4.86779
-4.90247
-4.98776
-5.19836
-5.6736
1.78692
2.28843
2.78905
3.186
3.36198
3.22588
2.62611
1.40938
0.857974
1.85206
2.93366
3.98106
4.98351
5.92269
6.70989
7.30231
7.71798
7.97373
8.10856
8.16489
8.17876
8.17847
8.20506
8.32593
8.56787
8.83224
9.04241
9.20853
9.34807
9.4647
9.55312
9.61069
9.63872
9.64229
9.63298
9.63482
9.70815
9.94393
10.4976
102.429
100.824
98.8644
96.6447
93.9332
90.663
86.8516
82.559
77.8827
72.9531
67.9032
62.8449
57.8546
52.9805
48.2523
43.6915
39.3136
35.1272
31.1348
27.3315
23.7082
20.2553
16.9655
13.8342
10.8597
8.04121
5.3779
2.8677
0.50893
-1.70096
-3.76355
-5.67948
-7.44957
-9.07369
-10.5522
-11.8857
-13.0755
-14.123
-15.0309
-15.8017
-16.4395
-16.9485
-17.3346
-17.6031
-17.7616
-17.8167
-17.7768
-17.6489
-17.4421
-17.1637
-16.8227
-16.4271
-15.9843
-15.5018
-14.9864
-14.4445
-13.8824
-13.3062
-12.7214
-12.1329
-11.544
-10.9569
-10.3736
-9.79669
-9.23008
-8.67545
-8.14001
-7.68521
-7.28422
-6.88595
-6.46929
-6.08195
-5.60226
-5.29872
-4.59282
-4.70379
-3.22745
-4.67355
-0.809406
-6.0094
101.982
98.3618
94.5948
90.6675
86.6805
82.7025
78.78
74.9278
71.1572
67.4817
63.9201
60.491
57.211
54.0896
51.1333
48.3435
45.7212
43.2657
40.9759
38.8484
36.8793
35.0628
33.3926
31.8608
30.4594
29.1797
28.0133
26.9516
25.9862
25.1092
24.3129
23.5901
22.9336
22.3371
21.7937
21.2979
20.843
20.4239
20.0341
19.6688
19.3216
18.9886
18.664
18.3449
18.0268
17.7079
17.3844
17.0557
16.7185
16.3728
16.0156
15.6465
15.2647
14.8704
14.4646
14.0492
13.6269
13.201
12.7753
12.3533
11.9367
11.5243
11.1114
10.6919
10.2619
9.82003
9.37279
8.98425
8.64568
8.30467
7.96952
7.64322
7.32034
7.02249
6.67929
6.61344
5.85513
7.20032
3.62804
10.7168
39.5221
39.4227
39.3243
39.2232
39.0587
38.8508
38.6138
38.3142
37.8997
37.3263
36.5683
35.6188
34.4819
33.1678
31.6915
30.0719
28.3285
26.4774
24.5306
22.4996
20.3975
18.2412
16.0514
13.8508
11.6623
9.50525
7.396
5.34684
3.36813
1.46778
-0.346804
-2.0692
-3.69386
-5.2165
-6.63302
-7.94133
-9.13887
-10.2249
-11.198
-12.0588
-12.8074
-13.446
-13.9763
-14.402
-14.726
-14.9539
-15.0897
-15.1398
-15.1092
-15.0052
-14.8345
-14.603
-14.3176
-13.9844
-13.6098
-13.1996
-12.76
-12.2968
-11.8159
-11.3221
-10.8196
-10.311
-9.79889
-9.28578
-8.77582
-8.27094
-7.77801
-7.35604
-6.98143
-6.60937
-6.21625
-5.85606
-5.39859
-5.12406
-4.44093
-4.57707
-3.15463
-4.57603
-0.865098
-5.87979
39.4502
39.4585
39.7713
40.024
40.2255
40.3392
40.3448
40.2365
40.0168
39.6975
39.288
38.7986
38.2342
37.5999
36.8984
36.1358
35.3181
34.4547
33.5553
32.6311
31.6923
30.7496
29.8125
28.8902
27.9902
27.1192
26.2825
25.4842
24.727
24.0123
23.341
22.7122
22.1252
21.5776
21.0678
20.5923
20.1491
19.734
19.3444
18.9757
18.6252
18.288
17.9619
17.6422
17.3276
17.014
16.7009
16.3846
16.065
15.7389
15.4054
15.0626
14.7099
14.3463
13.9722
13.5882
13.1963
12.7994
12.4014
12.0066
11.6181
11.2366
10.8591
10.48
10.0933
9.69428
9.28595
8.92341
8.5999
8.26571
7.92899
7.59572
7.26248
6.95612
6.60281
6.53538
5.78121
7.09242
3.6796
10.4444
22.1976
21.9833
21.6849
21.3662
21.0356
20.691
20.3404
19.9866
19.6135
19.1968
18.7189
18.1796
17.5938
16.9868
16.3777
15.7706
15.1529
14.5057
13.8079
13.0442
12.2051
11.2901
10.3022
9.24977
8.14015
6.98244
5.78373
4.55301
3.29885
2.03289
0.766003
-0.488752
-1.7212
-2.92031
-4.07779
-5.18464
-6.2344
-7.21962
-8.13553
-8.97638
-9.73952
-10.4213
-11.0209
-11.5363
-11.9689
-12.318
-12.5868
-12.7764
-12.8912
-12.9348
-12.9115
-12.8257
-12.6826
-12.4871
-12.2443
-11.9592
-11.6371
-11.2834
-10.9035
-10.5025
-10.0846
-9.65332
-9.21165
-8.76236
-8.30973
-7.85584
-7.40718
-7.01917
-6.67183
-6.32561
-5.95598
-5.61964
-5.18699
-4.93192
-4.28603
-4.41874
-3.09423
-4.42814
-0.955146
-5.67252
22.2558
22.2807
22.3174
22.3405
22.3833
22.4309
22.4868
22.5541
22.6416
22.7528
22.8895
23.0454
23.2129
23.3803
23.5378
23.6751
23.7853
23.8612
23.8986
23.8935
23.8439
23.7485
23.6077
23.4235
23.1983
22.9363
22.6415
22.3196
21.9755
21.6153
21.2435
20.8661
20.4863
20.1093
19.7369
19.3729
19.0176
18.6734
18.3391
18.0159
17.7014
17.3957
17.0959
16.8017
16.51
16.221
15.9313
15.6413
15.3477
15.0501
14.7463
14.4356
14.1163
13.7878
13.449
13.1004
12.7425
12.3777
12.0094
11.642
11.2799
10.9259
10.5796
10.2369
9.89177
9.53704
9.17247
8.84403
8.545
8.22783
7.89833
7.56349
7.22143
6.9027
6.53777
6.45193
5.72463
6.94372
3.76663
10.1363
24.0115
23.8755
23.6391
23.3493
23.0663
22.8135
22.5673
22.2721
21.8845
21.3764
20.7471
20.0101
19.1922
18.3147
17.4004
16.4641
15.5215
14.5773
13.6351
12.6919
11.7483
10.802
9.85526
8.90711
7.95924
7.00873
6.05425
5.09147
4.12023
3.13961
2.15318
1.16374
0.176795
-0.803934
-1.77179
-2.72194
-3.6467
-4.54053
-5.39561
-6.20685
-6.96735
-7.67346
-8.31941
-8.90297
-9.41968
-9.86904
-10.2483
-10.5586
-10.8
-10.9743
-11.0834
-11.1303
-11.1182
-11.0508
-10.9317
-10.765
-10.5548
-10.3059
-10.0232
-9.71158
-9.37561
-9.01906
-8.64553
-8.25833
-7.86193
-7.45879
-7.05459
-6.70077
-6.38018
-6.05826
-5.7099
-5.39433
-4.98268
-4.74464
-4.12743
-4.26275
-3.00928
-4.3017
-0.982775
-5.53406
24.043
23.9963
23.8923
23.7507
23.5778
23.3755
23.1575
22.9347
22.7195
22.5179
22.3343
22.1669
22.0146
21.8737
21.7429
21.6193
21.5023
21.3892
21.2784
21.1668
21.0524
20.932
20.8041
20.6656
20.5158
20.3524
20.1751
19.9827
19.776
19.5546
19.3205
19.0742
18.8186
18.5544
18.2851
18.0116
17.7373
17.4624
17.1899
16.9192
16.6524
16.3881
16.1275
15.8686
15.6124
15.3563
15.101
14.8438
14.5844
14.3208
14.0527
13.778
13.4963
13.2057
12.9058
12.5952
12.2746
11.9447
11.6084
11.2695
10.9329
10.6034
10.2832
9.97113
9.66197
9.34817
9.02736
8.73692
8.46889
8.17823
7.86681
7.53972
7.19497
6.8649
6.48468
6.37757
5.6596
6.81969
3.77861
9.93463
21.7853
21.3474
20.8535
20.3383
19.8185
19.3221
18.8649
18.4525
18.0701
17.7038
17.3333
16.9463
16.5311
16.0884
15.6157
15.1113
14.5655
13.9762
13.3418
12.67
11.9659
11.2391
10.493
9.73164
8.95201
8.15402
7.33571
6.50072
5.65104
4.79192
3.92504
3.05458
2.18131
1.30884
0.438728
-0.424178
-1.27691
-2.11322
-2.9292
-3.71803
-4.47587
-5.19596
-5.87491
-6.50616
-7.0871
-7.61236
-8.08023
-8.48798
-8.8345
-9.11905
-9.34252
-9.5057
-9.61053
-9.65864
-9.65256
-9.59477
-9.48909
-9.33915
-9.14943
-8.92428
-8.66794
-8.3845
-8.078
-7.75232
-7.41223
-7.06048
-6.7023
-6.38416
-6.09175
-5.7954
-5.46911
-5.17413
-4.78194
-4.56054
-3.96517
-4.10715
-2.90432
-4.18299
-0.972982
-5.43075
22.1089
22.2792
22.3321
22.3084
22.2374
22.1379
22.0197
21.8922
21.7591
21.6237
21.4839
21.3394
21.1874
21.0294
20.8644
20.6951
20.5215
20.3457
20.1666
19.9857
19.8012
19.6145
19.424
19.2309
19.0337
18.8339
18.6301
18.4237
18.2136
18.0013
17.7856
17.568
17.3474
17.1255
16.9012
16.6765
16.4503
16.2248
15.9989
15.7746
15.5506
15.3289
15.1076
14.8884
14.6693
14.4514
14.2323
14.012
13.7887
13.5623
13.3308
13.094
12.8502
12.5988
12.3377
12.0669
11.7845
11.4916
11.1889
10.8801
10.5695
10.2629
9.9651
9.67742
9.3971
9.11759
8.83607
8.58286
8.34855
8.09105
7.80797
7.50069
7.16452
6.83092
6.43795
6.30946
5.59033
6.70589
3.75042
9.76753
17.9656
17.3722
16.7151
16.0178
15.2782
14.506
13.7324
12.994
12.3305
11.7702
11.3343
11.0243
10.83
10.7252
10.6842
10.6761
10.6732
10.6444
10.5682
10.4299
10.2285
9.96624
9.65079
9.28518
8.87334
8.41258
7.90242
7.33994
6.72955
6.07552
5.38715
4.66937
3.92885
3.1681
2.3933
1.60775
0.818578
0.0297834
-0.751247
-1.52065
-2.27119
-2.99919
-3.69745
-4.36229
-4.9873
-5.56902
-6.1029
-6.58588
-7.01494
-7.38887
-7.70635
-7.96733
-8.17135
-8.31918
-8.41147
-8.45067
-8.43895
-8.37993
-8.27682
-8.13353
-7.9538
-7.74137
-7.50057
-7.23574
-6.9519
-6.65214
-6.34114
-6.06039
-5.79833
-5.53
-5.22839
-4.9559
-4.58451
-4.3796
-3.80476
-3.94944
-2.79318
-4.05352
-0.957325
-5.31615
18.4185
18.7078
18.876
18.9565
18.9891
18.9968
18.9889
18.9678
18.9345
18.8873
18.8259
18.7489
18.6583
18.555
18.4426
18.3224
18.1974
18.0677
17.9356
17.8004
17.6638
17.5244
17.3837
17.24
17.0946
16.9456
16.7943
16.6389
16.481
16.3191
16.1549
15.9872
15.8178
15.6455
15.4723
15.297
15.1214
14.9442
14.7672
14.5891
14.4116
14.2331
14.0556
13.8771
13.6994
13.5203
13.3402
13.1575
12.9723
12.7827
12.589
12.3892
12.1836
11.97
11.7482
11.5157
11.2723
11.0165
10.7493
10.4719
10.1886
9.90504
9.62708
9.35858
9.09954
8.84573
8.59535
8.37423
8.1716
7.94928
7.70132
7.42458
7.11025
6.78544
6.38922
6.24134
5.52312
6.58436
3.71945
9.57817
14.4355
14.0405
13.6196
13.1853
12.7188
12.2067
11.6497
11.07
10.4947
9.95863
9.49096
9.12122
8.86329
8.72235
8.68568
8.73816
8.85654
9.01931
9.19573
9.35566
9.46603
9.50509
9.45863
9.32721
9.11559
8.83525
8.49357
8.09868
7.6521
7.15738
6.61562
6.03322
5.41266
4.75929
4.07494
3.36622
2.63726
1.89635
1.14821
0.400941
-0.341121
-1.07014
-1.78171
-2.46855
-3.12627
-3.74937
-4.33332
-4.87376
-5.36776
-5.81228
-6.20556
-6.54539
-6.83095
-7.06102
-7.2366
-7.35831
-7.42871
-7.4498
-7.42494
-7.35695
-7.24871
-7.10353
-6.9258
-6.71992
-6.49102
-6.24239
-5.97837
-5.73555
-5.5049
-5.26633
-4.99203
-4.74447
-4.39638
-4.20849
-3.65499
-3.79688
-2.68533
-3.91607
-0.940718
-5.18677
14.7535
15.0048
15.2188
15.399
15.5568
15.6982
15.8202
15.9188
15.9893
16.0304
16.0419
16.0274
15.9899
15.9354
15.867
15.7897
15.7047
15.6153
15.5219
15.4267
15.3295
15.2322
15.1342
15.0373
14.9402
14.8444
14.7482
14.6527
14.556
14.4589
14.3594
14.2587
14.1547
14.0489
13.9394
13.828
13.7127
13.5955
13.4746
13.3519
13.2258
13.0984
12.968
12.8365
12.7022
12.5661
12.4267
12.2846
12.1379
11.9874
11.8311
11.6697
11.5014
11.3263
11.142
10.9483
10.7428
10.5252
10.2938
10.05
9.796
9.53673
9.27798
9.02519
8.78106
8.54434
8.31523
8.1177
7.94065
7.74991
7.53791
7.29812
7.0167
6.71403
6.32762
6.16649
5.45644
6.45407
3.68797
9.36986
10.9977
10.8075
10.6298
10.4774
10.3467
10.2161
10.0702
9.90401
9.72435
9.53879
9.36177
9.20649
9.0893
9.01774
8.99697
9.02231
9.0898
9.19
9.31683
9.45859
9.60306
9.72813
9.81053
9.82282
9.74768
9.57658
9.31788
8.98511
8.59783
8.16661
7.69773
7.18912
6.64285
6.05839
5.44033
4.79035
4.11521
3.41865
2.70826
1.98802
1.26558
0.545377
-0.165036
-0.86061
-1.53517
-2.18339
-2.79974
-3.38009
-3.92007
-4.41658
-4.86593
-5.26597
-5.61398
-5.90947
-6.15154
-6.34153
-6.48015
-6.57012
-6.61346
-6.61224
-6.56848
-6.48555
-6.36692
-6.21699
-6.04064
-5.84127
-5.62287
-5.41735
-5.21815
-5.0102
-4.76526
-4.54502
-4.22324
-4.05401
-3.52331
-3.6594
-2.58784
-3.78205
-0.921026
-5.0549
11.1655
11.342
11.5469
11.7712
12.0074
12.2455
12.4745
12.6846
12.8683
13.0209
13.1411
13.2295
13.2892
13.3235
13.3368
13.3322
13.314
13.2841
13.2463
13.2016
13.153
13.1005
13.0466
12.991
12.9357
12.8798
12.8252
12.7704
12.7171
12.6635
12.611
12.5576
12.5045
12.4498
12.3946
12.3367
12.2774
12.2145
12.1493
12.0798
12.0075
11.9307
11.8511
11.767
11.6797
11.5876
11.492
11.3911
11.2859
11.1747
11.0584
10.9353
10.8061
10.6685
10.5228
10.3665
10.1997
10.0196
9.82565
9.61681
9.39484
9.16207
8.92381
8.68576
8.45289
8.22668
8.00978
7.82642
7.66633
7.49952
7.31896
7.11623
6.87392
6.60417
6.24166
6.0773
5.38473
6.31834
3.64939
9.15804
8.52341
8.48331
8.43608
8.39658
8.38269
8.39264
8.41481
8.44668
8.49087
8.55483
8.64044
8.74791
8.86947
8.9998
9.13114
9.26137
9.38522
9.50104
9.60331
9.69061
9.75819
9.80562
9.82851
9.82427
9.78134
9.6867
9.52406
9.28859
8.98408
8.62721
8.23055
7.8007
7.3327
6.82511
6.2772
5.69485
5.08182
4.44511
3.7879
3.11669
2.43472
1.74885
1.06352
0.385168
-0.280616
-0.927712
-1.55114
-2.1456
-2.70705
-3.2307
-3.71325
-4.15058
-4.54092
-4.88181
-5.17336
-5.4148
-5.60786
-5.75358
-5.85356
-5.90872
-5.92174
-5.89434
-5.82998
-5.73216
-5.60546
-5.4531
-5.27856
-5.10939
-4.94129
-4.76434
-4.55022
-4.35945
-4.06702
-3.91898
-3.41349
-3.543
-2.50636
-3.65936
-0.900792
-4.92627
8.5447
8.58622
8.66386
8.77465
8.91478
9.07861
9.25954
9.45083
9.64555
9.83764
10.0213
10.1924
10.3472
10.4839
10.6008
10.6987
10.7775
10.8399
10.8867
10.9214
10.945
10.9607
10.969
10.9728
10.9721
10.9691
10.9633
10.9567
10.9482
10.9396
10.9295
10.9197
10.9085
10.8975
10.8851
10.8725
10.8577
10.842
10.823
10.802
10.7769
10.7489
10.7159
10.6792
10.6369
10.5903
10.5376
10.4802
10.4161
10.3468
10.2703
10.1877
10.0967
9.99802
9.8894
9.77153
9.64177
9.49969
9.34281
9.17103
8.98263
8.77951
8.56405
8.34256
8.12061
7.90188
7.69112
7.51406
7.3625
7.21029
7.05265
6.88208
6.67918
6.44858
6.12154
5.96546
5.30143
6.17626
3.60266
8.94628
7.21898
7.301
7.34872
7.36836
7.38879
7.41817
7.45397
7.49622
7.55693
7.65043
7.78841
7.96732
8.17589
8.39725
8.62242
8.84311
9.05548
9.24919
9.41571
9.54213
9.62211
9.64868
9.62168
9.54111
9.4162
9.25545
9.06774
8.85127
8.60222
8.31512
7.99465
7.64564
7.26989
6.85979
6.41184
5.92488
5.40492
4.85528
4.28234
3.68816
3.07867
2.45688
1.82895
1.19993
0.576086
-0.0375489
-0.635255
-1.21278
-1.76463
-2.28679
-2.77415
-3.22367
-3.63166
-3.99687
-4.31711
-4.59284
-4.82373
-5.01058
-5.15339
-5.25426
-5.31386
-5.33454
-5.31804
-5.26787
-5.18739
-5.07958
-4.94736
-4.81355
-4.67628
-4.53036
-4.34792
-4.18785
-3.9271
-3.80267
-3.32515
-3.44895
-2.44395
-3.55153
-0.884427
-4.80079
7.10956
7.01052
6.93181
6.87385
6.83905
6.82949
6.84734
6.89321
6.96691
7.06585
7.1868
7.32436
7.4736
7.6283
7.78405
7.93577
8.08099
8.21663
8.34243
8.45696
8.56146
8.65547
8.74103
8.81795
8.88857
8.95256
9.01215
9.06674
9.11833
9.16598
9.21147
9.25374
9.29452
9.33244
9.36917
9.40326
9.43611
9.46594
9.49402
9.51845
9.54035
9.55759
9.57133
9.57925
9.58278
9.57986
9.57189
9.55685
9.53619
9.50781
9.47297
9.42935
9.37787
9.3162
9.24548
9.16348
9.07063
8.96454
8.84517
8.70925
8.55642
8.38413
8.19517
7.99344
7.78512
7.57458
7.36802
7.19272
7.04353
6.89755
6.75362
6.60659
6.43813
6.24703
5.9627
5.8249
5.20093
6.02416
3.5491
8.73202
6.16655
6.34342
6.47729
6.56758
6.64063
6.70873
6.77015
6.8267
6.88727
6.96836
7.07952
7.22056
7.37994
7.55105
7.73242
7.93011
8.1438
8.36849
8.58804
8.78476
8.93768
9.03227
9.05647
9.00603
8.87843
8.68181
8.43074
8.14765
7.8491
7.54476
7.23317
6.91411
6.58523
6.24431
5.88284
5.49636
5.08138
4.64041
4.17362
3.68431
3.17377
2.64627
2.10588
1.55834
1.00812
0.460888
-0.0795099
-0.60759
-1.11916
-1.60873
-2.07264
-2.50623
-2.90726
-3.27233
-3.6006
-3.89037
-4.14127
-4.35209
-4.52415
-4.65716
-4.75294
-4.8118
-4.83618
-4.82777
-4.78967
-4.72373
-4.63199
-4.53288
-4.42605
-4.31091
-4.16002
-4.03062
-3.8024
-3.70279
-3.2556
-3.37486
-2.40005
-3.45856
-0.874279
-4.6771
5.96724
5.77857
5.6069
5.44988
5.30717
5.18076
5.07318
4.98878
4.93057
4.90206
4.90393
4.93671
4.99774
5.08474
5.19284
5.31855
5.4565
5.60351
5.75506
5.90913
6.06239
6.21409
6.36199
6.50632
6.64561
6.78068
6.91043
7.03601
7.15649
7.27309
7.38474
7.49277
7.59621
7.69629
7.79198
7.88453
7.97276
8.05775
8.13827
8.21517
8.28709
8.35469
8.41608
8.47249
8.52197
8.56599
8.60239
8.63261
8.65439
8.66903
8.67409
8.6706
8.6561
8.63188
8.59581
8.54913
8.48985
8.41883
8.33326
8.2329
8.11328
7.97369
7.81299
7.63533
7.44472
7.24625
7.04614
6.87214
6.72291
6.57786
6.43952
6.30689
6.16451
6.00817
5.76765
5.65397
5.07968
5.85826
3.48811
8.51312
4.9776
5.21033
5.40219
5.54764
5.66902
5.7799
5.88198
5.97603
6.06507
6.15552
6.24917
6.34299
6.43079
6.51566
6.60916
6.72803
6.88042
7.06585
7.2717
7.48166
7.67433
7.83073
7.93173
7.96482
7.91931
7.79147
7.5816
7.30293
6.97584
6.62657
6.27291
5.92573
5.58609
5.25479
4.92702
4.59897
4.26266
3.91522
3.5514
3.17095
2.7714
2.35476
1.92325
1.4799
1.0291
0.573745
0.118519
-0.332943
-0.775541
-1.2056
-1.61834
-2.01101
-2.37959
-2.72227
-3.0362
-3.32002
-3.57125
-3.79018
-3.97535
-4.12776
-4.24684
-4.33432
-4.3906
-4.418
-4.41733
-4.39006
-4.33683
-4.27133
-4.19434
-4.1092
-3.9889
-3.88878
-3.69215
-3.61679
-3.20076
-3.31658
-2.37152
-3.3787
-0.870176
-4.55506
4.72468
4.4865
4.27203
4.07763
3.89978
3.73611
3.58514
3.44758
3.325
3.22068
3.13762
3.07936
3.04788
3.04493
3.07018
3.12309
3.20111
3.30211
3.42252
3.55976
3.71015
3.87152
4.04068
4.21617
4.39539
4.57755
4.76045
4.94386
5.12593
5.30669
5.48436
5.65935
5.83006
5.99713
6.15899
6.31662
6.46833
6.61541
6.7561
6.89165
7.02053
7.14263
7.25796
7.36547
7.46613
7.55826
7.64293
7.71804
7.78477
7.84074
7.88692
7.92073
7.94349
7.953
7.95094
7.93542
7.90813
7.86711
7.81331
7.7432
7.65569
7.54652
7.41609
7.26487
7.09721
6.91611
6.72765
6.55866
6.41065
6.26522
6.12812
6.00204
5.87652
5.74651
5.54582
5.45688
4.93791
5.67703
3.41797
8.28818
3.54724
3.80158
4.01702
4.1872
4.33157
4.46518
4.59407
4.71836
4.83647
4.94482
5.03794
5.10901
5.15728
5.1921
5.23362
5.30078
5.40498
5.54423
5.71021
5.88891
6.06765
6.23132
6.36673
6.45823
6.49376
6.46102
6.35338
6.16647
5.90744
5.59102
5.24128
4.87844
4.51944
4.17173
3.84021
3.52344
3.21981
2.92273
2.62792
2.32893
2.02342
1.70797
1.38321
1.04865
0.705693
0.35594
0.00161023
-0.354191
-0.708531
-1.05778
-1.39929
-1.72941
-2.04586
-2.34531
-2.62583
-2.88407
-3.11956
-3.32965
-3.51438
-3.67194
-3.80343
-3.90848
-3.98902
-4.04479
-4.07664
-4.08387
-4.06657
-4.03297
-3.98468
-3.92803
-3.83668
-3.76344
-3.59594
-3.54246
-3.15693
-3.26932
-2.35381
-3.30849
-0.871055
-4.43425
3.27184
3.00927
2.77371
2.56431
2.37926
2.21557
2.06968
1.93841
1.81933
1.71149
1.61528
1.53237
1.46531
1.41698
1.39011
1.38681
1.40849
1.45548
1.52747
1.62305
1.74075
1.87821
2.03353
2.20406
2.38806
2.58298
2.78742
2.99896
3.21659
3.43794
3.66223
3.88718
4.11238
4.33556
4.5566
4.77339
4.98608
5.19264
5.39358
5.58695
5.77351
5.95155
6.12194
6.28331
6.4354
6.57794
6.70979
6.8313
6.94075
7.03851
7.12233
7.19319
7.24898
7.29139
7.31851
7.33231
7.33137
7.31761
7.28905
7.24624
7.18532
7.10524
7.00309
6.88085
6.73914
6.58138
6.41135
6.25335
6.11123
5.9682
5.83158
5.70796
5.59157
5.4789
5.31016
5.24184
4.77889
5.48062
3.33733
8.05501
2.32354
2.5586
2.76015
2.92466
3.06743
3.20229
3.33547
3.46584
3.58789
3.69437
3.7773
3.83161
3.85926
3.87349
3.89413
3.93972
4.01726
4.12403
4.24978
4.38551
4.52211
4.65405
4.77355
4.87338
4.94199
4.96906
4.94242
4.85411
4.6974
4.47496
4.19604
3.87899
3.54126
3.20057
2.86778
2.55048
2.25011
1.96732
1.69808
1.43957
1.18677
0.937844
0.689252
0.440519
0.189098
-0.0646102
-0.321863
-0.581615
-0.843432
-1.10555
-1.36641
-1.6238
-1.87534
-2.11908
-2.35165
-2.57239
-2.77804
-2.96807
-3.13947
-3.29237
-3.42553
-3.54068
-3.6371
-3.7154
-3.7735
-3.81125
-3.82586
-3.82175
-3.79976
-3.76972
-3.70471
-3.65529
-3.51348
-3.47827
-3.12085
-3.22894
-2.34263
-3.24406
-0.875136
-4.31341
2.06711
1.81468
1.58006
1.36551
1.17363
1.00543
0.860563
0.737082
0.632289
0.542964
0.466364
0.400481
0.344492
0.298711
0.264382
0.243582
0.238493
0.251441
0.284074
0.337851
0.413142
0.510189
0.628065
0.766104
0.92259
1.09644
1.28555
1.48879
1.70395
1.92993
2.16437
2.40625
2.65316
2.90409
3.15651
3.4096
3.66085
3.90976
4.15398
4.39332
4.62543
4.85056
5.06654
5.27394
5.47068
5.65736
5.83201
5.99422
6.14288
6.27672
6.39558
6.49797
6.58475
6.65404
6.70781
6.74477
6.76718
6.77399
6.76732
6.74511
6.7075
6.651
6.576
6.481
6.36809
6.23746
6.09254
5.95236
5.82245
5.68697
5.55457
5.43302
5.32158
5.21858
5.07337
5.01875
4.60838
5.27122
3.2465
7.81062
1.56506
1.75047
1.91413
2.0551
2.18505
2.31323
2.44265
2.56716
2.67788
2.76562
2.82542
2.85637
2.8655
2.86594
2.87526
2.90599
2.96196
3.03681
3.12169
3.20833
3.29329
3.37462
3.45213
3.52303
3.58309
3.62395
3.6366
3.61032
3.53699
3.40957
3.22819
2.99816
2.73189
2.44186
2.1431
1.84541
1.55683
1.27974
1.01729
0.767995
0.532715
0.308833
0.0968258
-0.106566
-0.301636
-0.492299
-0.6792
-0.866021
-1.05233
-1.2404
-1.42885
-1.618
-1.80665
-1.99284
-2.17629
-2.35429
-2.52642
-2.68938
-2.84264
-2.9839
-3.1145
-3.23342
-3.34128
-3.43567
-3.51567
-3.57809
-3.62054
-3.64138
-3.64298
-3.6358
-3.59409
-3.56468
-3.44455
-3.42316
-3.09084
-3.19231
-2.33475
-3.18135
-0.881124
-4.19011
1.36561
1.16509
0.970581
0.783202
0.606188
0.442812
0.296322
0.168682
0.0609319
-0.0276057
-0.0983119
-0.153701
-0.196067
-0.227881
-0.250449
-0.26472
-0.270218
-0.266271
-0.251022
-0.222999
-0.180046
-0.12098
-0.0442069
0.0505353
0.163974
0.295361
0.444714
0.610584
0.792636
0.988916
1.1989
1.4203
1.65259
1.89308
2.14116
2.39391
2.65073
2.90863
3.16719
3.42335
3.67692
3.92495
4.16745
4.40148
4.62735
4.84216
5.04626
5.23676
5.41396
5.57535
5.72058
5.84861
5.95791
6.0496
6.12261
6.17883
6.21781
6.24188
6.25042
6.2452
6.22415
6.18806
6.13489
6.06613
5.98062
5.87994
5.76377
5.64787
5.53586
5.41532
5.29255
5.17685
5.07008
4.97293
4.84416
4.79604
4.43256
5.05184
3.14776
7.55129
1.09605
1.2319
1.3617
1.48355
1.59948
1.71287
1.82258
1.92225
2.00303
2.05933
2.08995
2.09986
2.09832
2.09815
2.11071
2.14256
2.19144
2.24967
2.30779
2.36067
2.40681
2.44866
2.4883
2.52771
2.5656
2.59913
2.62165
2.62596
2.60319
2.54661
2.44991
2.31243
2.13657
1.92958
1.69868
1.45432
1.20326
0.951897
0.703083
0.461604
0.229127
0.00945554
-0.197152
-0.388547
-0.566974
-0.732603
-0.889729
-1.03919
-1.18526
-1.32789
-1.47044
-1.61255
-1.75547
-1.89927
-2.04347
-2.18802
-2.33084
-2.47148
-2.60751
-2.73978
-2.8669
-2.98956
-3.10529
-3.21322
-3.30943
-3.39202
-3.45567
-3.49708
-3.5169
-3.52852
-3.50545
-3.49168
-3.38863
-3.37619
-3.06526
-3.15697
-2.32832
-3.11682
-0.888046
-4.06098
0.958343
0.824229
0.695466
0.570045
0.447942
0.330006
0.21818
0.115026
0.0231064
-0.0551319
-0.118446
-0.166156
-0.199188
-0.218654
-0.226917
-0.225686
-0.217266
-0.202545
-0.182614
-0.156884
-0.125091
-0.0854392
-0.036912
0.0226721
0.0942343
0.179644
0.279208
0.394169
0.524075
0.669534
0.829372
1.00375
1.19097
1.39077
1.60093
1.82104
2.04851
2.28284
2.52113
2.76291
3.0052
3.24757
3.48686
3.72273
3.95194
4.17423
4.3863
4.58815
4.77666
4.95176
5.11062
5.25233
5.37573
5.48029
5.56652
5.63481
5.68621
5.72111
5.7414
5.74674
5.73896
5.7171
5.68299
5.63558
5.57625
5.50372
5.4189
5.32976
5.24138
5.14118
5.03557
4.93152
4.833
4.7415
4.62569
4.57877
4.25702
4.82555
3.04596
7.27353
0.772893
0.863801
0.958167
1.05119
1.13808
1.21605
1.28397
1.33716
1.37264
1.3892
1.39131
1.38551
1.38192
1.38865
1.4121
1.45125
1.50085
1.55076
1.59425
1.62723
1.65239
1.6728
1.69387
1.71736
1.74535
1.7757
1.80645
1.83154
1.84578
1.84193
1.81527
1.76077
1.67783
1.56655
1.42945
1.26898
1.0904
0.897075
0.693079
0.481672
0.268411
0.0573576
-0.146053
-0.339658
-0.520612
-0.690049
-0.847491
-0.996101
-1.136
-1.27072
-1.40029
-1.52815
-1.65428
-1.78117
-1.9088
-2.0375
-2.16715
-2.2967
-2.42689
-2.55657
-2.6864
-2.81402
-2.93851
-3.05631
-3.16496
-3.26071
-3.3394
-3.39358
-3.42617
-3.44978
-3.43975
-3.43539
-3.34439
-3.3348
-3.04252
-3.1195
-2.32246
-3.04529
-0.897115
-3.92078
0.688825
0.612614
0.543906
0.480491
0.420377
0.361508
0.303149
0.244973
0.188489
0.13528
0.088335
0.0497369
0.022158
0.0064914
0.00377439
0.0129955
0.0335013
0.0629597
0.100085
0.142466
0.189376
0.239312
0.292739
0.349288
0.410496
0.476741
0.550087
0.631089
0.721798
0.822413
0.93457
1.05791
1.19353
1.34035
1.49889
1.66752
1.84638
2.03336
2.2283
2.42879
2.6345
2.84274
3.05305
3.26248
3.47052
3.67408
3.87263
4.063
4.24472
4.41447
4.57165
4.71305
4.83867
4.94658
5.0379
5.11181
5.16933
5.21093
5.23739
5.25056
5.25105
5.24118
5.22087
5.19206
5.15398
5.10785
5.05157
4.99124
4.92771
4.8533
4.7704
4.68499
4.60015
4.51819
4.41531
4.36745
4.08539
4.59311
2.94938
6.97032
0.574989
0.634348
0.702953
0.7754
0.840189
0.891605
0.927363
0.946968
0.951385
0.94547
0.935376
0.928822
0.931629
0.948326
0.978516
1.01823
1.05832
1.08999
1.10632
1.10747
1.09722
1.08308
1.07061
1.06503
1.06784
1.08066
1.10221
1.132
1.16678
1.2044
1.24001
1.2698
1.28756
1.28921
1.2676
1.21731
1.13303
1.01685
0.872483
0.708035
0.529027
0.342604
0.152506
-0.0359417
-0.220846
-0.399351
-0.57162
-0.736507
-0.895269
-1.04755
-1.19515
-1.33824
-1.47873
-1.61692
-1.75425
-1.89067
-2.02695
-2.16395
-2.30168
-2.44081
-2.57956
-2.71689
-2.84967
-2.97555
-3.09093
-3.19368
-3.2783
-3.33766
-3.37473
-3.40296
-3.39792
-3.39548
-3.31042
-3.29604
-3.02057
-3.07528
-2.31724
-2.96191
-0.911694
-3.76454
0.526733
0.486578
0.453907
0.429021
0.410818
0.397679
0.387231
0.377428
0.366351
0.353281
0.338157
0.322344
0.307606
0.296631
0.291674
0.295226
0.308514
0.332623
0.367062
0.411412
0.463853
0.523215
0.587303
0.655218
0.725294
0.797548
0.871192
0.947242
1.02565
1.10815
1.19506
1.28831
1.38802
1.49581
1.6113
1.73559
1.86764
2.00802
2.15522
2.30941
2.46873
2.63304
2.80027
2.97004
3.14013
3.30995
3.47711
3.64081
3.7985
3.94899
4.08962
4.21915
4.3355
4.43827
4.52641
4.59994
4.65841
4.70231
4.73261
4.75063
4.75874
4.75765
4.74966
4.73505
4.71543
4.69072
4.66076
4.6262
4.58871
4.54116
4.48567
4.42422
4.35981
4.29252
4.20617
4.15766
3.91912
4.35217
2.86726
6.63714
0.46012
0.489612
0.526822
0.56927
0.605225
0.628623
0.638306
0.635299
0.622931
0.607113
0.594222
0.589596
0.595702
0.612721
0.637543
0.665253
0.688475
0.700846
0.697526
0.679518
0.650877
0.619623
0.59155
0.572431
0.563548
0.566679
0.579962
0.603222
0.632756
0.66698
0.701502
0.735093
0.763948
0.78736
0.801713
0.80559
0.794347
0.766777
0.719382
0.651962
0.56314
0.455796
0.331341
0.19395
0.0453008
-0.110948
-0.273466
-0.439545
-0.608111
-0.777274
-0.946207
-1.11365
-1.27927
-1.44238
-1.60283
-1.7607
-1.9168
-2.07178
-2.22633
-2.37974
-2.53094
-2.67744
-2.81674
-2.94587
-3.06251
-3.16444
-3.24764
-3.30384
-3.33921
-3.36314
-3.35734
-3.34747
-3.2667
-3.23648
-2.98549
-3.00353
-2.30833
-2.84971
-0.936699
-3.58584
0.434456
0.410386
0.388188
0.370528
0.359757
0.356943
0.362793
0.376464
0.396856
0.421772
0.449343
0.47753
0.505181
0.531561
0.557008
0.582401
0.60916
0.638992
0.673442
0.713996
0.761354
0.816104
0.877764
0.94606
1.01953
1.09744
1.178
1.2607
1.34401
1.42806
1.5119
1.5965
1.68135
1.76788
1.85583
1.94675
2.04009
2.13722
2.23735
2.34158
2.44878
2.55979
2.67323
2.78973
2.9077
3.02749
3.14722
3.26685
3.38418
3.49873
3.6081
3.71158
3.80693
3.89363
3.96989
4.03541
4.08907
4.13152
4.16316
4.18575
4.2003
4.20853
4.21141
4.21062
4.20729
4.20283
4.19595
4.18738
4.17536
4.15774
4.13324
4.10276
4.06577
4.02151
3.95997
3.91325
3.7375
4.06641
2.80257
6.23671
1.21153
1.19364
1.17799
1.16379
1.14111
1.10707
1.06236
1.01031
0.953814
0.898715
0.849102
0.809089
0.778403
0.756571
0.739648
0.724647
0.706021
0.680566
0.643994
0.596781
0.539817
0.47915
0.418607
0.363816
0.315272
0.274721
0.239682
0.210334
0.18328
0.158014
0.130978
0.102557
0.0713899
0.0407471
0.0121722
-0.00958751
-0.0245919
-0.0332305
-0.0417854
-0.0551446
-0.0798668
-0.117897
-0.171443
-0.23975
-0.323296
-0.42072
-0.531673
-0.654758
-0.788889
-0.932306
-1.08307
-1.2394
-1.39909
-1.56035
-1.72172
-1.88247
-2.04229
-2.20102
-2.35795
-2.51146
-2.65929
-2.79859
-2.92664
-3.0411
-3.14029
-3.22347
-3.28661
-3.32477
-3.34282
-3.34884
-3.32585
-3.29861
-3.20591
-3.16081
-2.91342
-2.91722
-2.24777
-2.74876
-0.90078
-3.47455
1.23116
1.24403
1.24623
1.23941
1.22587
1.20865
1.19069
1.17515
1.16411
1.15939
1.16105
1.16917
1.18205
1.19872
1.21697
1.2361
1.2545
1.27272
1.29033
1.30919
1.32971
1.35423
1.3832
1.41873
1.46041
1.50943
1.56435
1.62548
1.69063
1.75963
1.83007
1.90196
1.9732
2.04429
2.11377
2.18257
2.24954
2.31596
2.38102
2.44603
2.51023
2.57494
2.63957
2.70537
2.77173
2.83955
2.9081
2.97782
3.0476
3.11739
3.18578
3.25231
3.31534
3.37421
3.42734
3.47427
3.5141
3.54739
3.57434
3.59609
3.61301
3.6262
3.63645
3.64539
3.6546
3.66526
3.67786
3.68985
3.70069
3.70926
3.7154
3.71644
3.71149
3.69631
3.6654
3.63258
3.50731
3.79131
2.6385
5.97986
2.36157
2.27534
2.18454
2.09114
1.99137
1.8885
1.78716
1.6913
1.6011
1.51753
1.43961
1.36708
1.29733
1.22899
1.15944
1.08764
1.0115
0.930251
0.84206
0.747113
0.645277
0.539006
0.430315
0.322819
0.218058
0.117696
0.0212869
-0.0707507
-0.159157
-0.243787
-0.326131
-0.407151
-0.488633
-0.570418
-0.651669
-0.729182
-0.800235
-0.862477
-0.916487
-0.964031
-1.00886
-1.05372
-1.10137
-1.15316
-1.21111
-1.27589
-1.34943
-1.4319
-1.52469
-1.62691
-1.73892
-1.8586
-1.98509
-2.11574
-2.24962
-2.38479
-2.52057
-2.65507
-2.78661
-2.91218
-3.0289
-3.1336
-3.22392
-3.29811
-3.35539
-3.39576
-3.41637
-3.41612
-3.40021
-3.37067
-3.31439
-3.25429
-3.13636
-3.06635
-2.81261
-2.80273
-2.15195
-2.63023
-0.834311
-3.36406
2.44143
2.51093
2.56494
2.603
2.62496
2.63148
2.6242
2.60563
2.5785
2.54617
2.51138
2.47673
2.44346
2.41272
2.38401
2.357
2.32999
2.30229
2.27216
2.23966
2.20397
2.16627
2.12694
2.08835
2.05146
2.01901
1.99177
1.9719
1.95945
1.9556
1.95938
1.97117
1.98934
2.01378
2.0427
2.07581
2.11139
2.14931
2.1881
2.22772
2.26711
2.30657
2.34552
2.38464
2.42365
2.46343
2.50382
2.54553
2.58811
2.6319
2.67608
2.72053
2.76407
2.80628
2.84595
2.88291
2.91653
2.94727
2.97494
2.99997
3.0222
3.04233
3.06101
3.07985
3.10028
3.12438
3.15169
3.18098
3.20927
3.24015
3.27157
3.30154
3.32629
3.3416
3.3419
3.32864
3.25155
3.51023
2.44744
5.72956
1.03395
0.949537
0.863943
0.775789
0.677764
0.572994
0.468908
0.372616
0.285866
0.209849
0.142276
0.0816644
0.023734
-0.033428
-0.0928815
-0.154514
-0.219309
-0.285734
-0.354169
-0.422857
-0.492046
-0.559974
-0.627171
-0.692631
-0.757799
-0.822504
-0.88834
-0.955018
-1.02342
-1.0926
-1.16297
-1.23432
-1.3083
-1.38603
-1.46919
-1.55754
-1.6503
-1.74506
-1.83988
-1.93261
-2.02236
-2.10847
-2.19089
-2.26942
-2.34437
-2.41629
-2.48617
-2.55534
-2.62536
-2.69736
-2.77231
-2.85032
-2.93137
-3.01447
-3.09913
-3.18405
-3.26815
-3.34936
-3.42536
-3.49298
-3.54949
-3.5923
-3.61977
-3.63081
-3.62526
-3.60386
-3.56416
-3.51196
-3.44997
-3.37458
-3.27451
-3.17348
-3.02267
-2.92297
-2.66023
-2.63598
-2.00997
-2.46925
-0.74211
-3.21895
1.12386
1.21236
1.29689
1.37806
1.45337
1.5223
1.58263
1.63487
1.67792
1.71386
1.74313
1.76878
1.79181
1.81515
1.83919
1.86544
1.89291
1.92147
1.94877
1.97362
1.99328
2.00654
2.01145
2.00789
1.99538
1.97515
1.94811
1.91641
1.8818
1.84661
1.8125
1.78144
1.75456
1.73302
1.71733
1.70778
1.70423
1.70638
1.71361
1.72516
1.74034
1.75841
1.77892
1.80146
1.82604
1.85259
1.88144
1.91253
1.94606
1.98186
2.01987
2.05959
2.10051
2.14205
2.18355
2.2247
2.26501
2.30443
2.34239
2.37871
2.41296
2.44564
2.4773
2.50923
2.54299
2.58013
2.62158
2.66417
2.70724
2.75489
2.80696
2.85968
2.91039
2.95274
2.98317
2.99093
2.96114
3.19874
2.2364
5.41294
-0.0387917
-0.131846
-0.225474
-0.319483
-0.422355
-0.533867
-0.647486
-0.757283
-0.860525
-0.956132
-1.04447
-1.12647
-1.2043
-1.27997
-1.35535
-1.43102
-1.50687
-1.58189
-1.65498
-1.72492
-1.79071
-1.85172
-1.90779
-1.95965
-2.00878
-2.05757
-2.10765
-2.16002
-2.2139
-2.26834
-2.32148
-2.37266
-2.42148
-2.4696
-2.51879
-2.57223
-2.63201
-2.7004
-2.77766
-2.86382
-2.95676
-3.05477
-3.1548
-3.25498
-3.35247
-3.44585
-3.5331
-3.61377
-3.6871
-3.75371
-3.81359
-3.86739
-3.9152
-3.95732
-3.99373
-4.02433
-4.04844
-4.06479
-4.07156
-4.06678
-4.04879
-4.01639
-3.96905
-3.90646
-3.82897
-3.73787
-3.63154
-3.52283
-3.4126
-3.2896
-3.14618
-3.0047
-2.82362
-2.69685
-2.42922
-2.39605
-1.80304
-2.25273
-0.612047
-3.03678
0.0542208
0.141823
0.222752
0.298856
0.369759
0.43546
0.494825
0.547596
0.592735
0.630582
0.661203
0.686221
0.707108
0.72653
0.746747
0.770459
0.79958
0.835597
0.878899
0.928943
0.984367
1.04286
1.10191
1.15833
1.20968
1.25319
1.2876
1.31128
1.32458
1.3273
1.32123
1.30718
1.28777
1.26423
1.23944
1.21436
1.19152
1.17128
1.15543
1.14359
1.13691
1.13444
1.137
1.14356
1.15497
1.17035
1.19058
1.21494
1.24421
1.27769
1.31585
1.35776
1.40343
1.45185
1.50271
1.55503
1.60828
1.66154
1.71412
1.76526
1.81455
1.86208
1.9082
1.95388
2.00049
2.04982
2.1022
2.15535
2.20794
2.26708
2.33171
2.40013
2.46844
2.5322
2.5862
2.61316
2.62511
2.8442
1.98421
5.03511
-0.976516
-1.10566
-1.23058
-1.34821
-1.4654
-1.58328
-1.69723
-1.80435
-1.90331
-1.99542
-2.08081
-2.16117
-2.23672
-2.30977
-2.38053
-2.45093
-2.5201
-2.58908
-2.65622
-2.72231
-2.78547
-2.84666
-2.90429
-2.95998
-3.0128
-3.06559
-3.11832
-3.17396
-3.23049
-3.28789
-3.34135
-3.38984
-3.42948
-3.46153
-3.48501
-3.50373
-3.5189
-3.53608
-3.55761
-3.58869
-3.62993
-3.68364
-3.74762
-3.82187
-3.90299
-3.98976
-4.07799
-4.16552
-4.24824
-4.32411
-4.39006
-4.44468
-4.48612
-4.51376
-4.52697
-4.52574
-4.50971
-4.47855
-4.43163
-4.36855
-4.2893
-4.19426
-4.08416
-3.95958
-3.82132
-3.67131
-3.50895
-3.35422
-3.20581
-3.04739
-2.87263
-2.70441
-2.50519
-2.36424
-2.10217
-2.07118
-1.52115
-1.97439
-0.435842
-2.8144
-0.852913
-0.734093
-0.62139
-0.513962
-0.412041
-0.316258
-0.22724
-0.146504
-0.0750074
-0.0145039
0.0346766
0.0713443
0.0966039
0.110717
0.116698
0.116286
0.113937
0.111983
0.11506
0.124699
0.144383
0.173702
0.21415
0.26303
0.319963
0.380608
0.443644
0.504147
0.561052
0.610036
0.651199
0.681512
0.702573
0.712834
0.715258
0.709326
0.698822
0.683622
0.667518
0.65027
0.635231
0.62167
0.612362
0.606296
0.605824
0.609859
0.62034
0.636211
0.659082
0.687794
0.723357
0.764489
0.811704
0.863447
0.919584
0.978535
1.03972
1.10167
1.16373
1.22478
1.28431
1.34192
1.39776
1.45241
1.50712
1.56325
1.62114
1.67784
1.73361
1.79503
1.8635
1.93677
2.01342
2.08803
2.15646
2.19552
2.24075
2.44079
1.67697
4.59495
-3.66256
-3.80913
-3.92951
-4.0193
-4.08609
-4.13797
-4.1756
-4.20388
-4.22363
-4.24076
-4.25419
-4.26711
-4.27616
-4.28388
-4.28687
-4.2881
-4.28445
-4.27923
-4.26967
-4.25947
-4.24617
-4.23355
-4.21924
-4.20698
-4.19426
-4.18463
-4.17549
-4.17064
-4.16769
-4.16974
-4.17234
-4.17597
-4.17471
-4.16894
-4.15441
-4.13327
-4.10307
-4.06694
-4.02454
-3.9815
-3.93989
-3.906
-3.88128
-3.87011
-3.87233
-3.89047
-3.92247
-3.96804
-4.02238
-4.08256
-4.14257
-4.19868
-4.24556
-4.28024
-4.2991
-4.30066
-4.28304
-4.24571
-4.18784
-4.10987
-4.01234
-3.89667
-3.7641
-3.6159
-3.45311
-3.27814
-3.09184
-2.91862
-2.75733
-2.58888
-2.40938
-2.23911
-2.04581
-1.91124
-1.67191
-1.65787
-1.16363
-1.63121
-0.21453
-2.52436
-3.51297
-3.35682
-3.19536
-3.03088
-2.86231
-2.69319
-2.52229
-2.35406
-2.18752
-2.02795
-1.87472
-1.73346
-1.60315
-1.48876
-1.38798
-1.30405
-1.23266
-1.17498
-1.12481
-1.08183
-1.03901
-0.995771
-0.945664
-0.889421
-0.822471
-0.747484
-0.662189
-0.571313
-0.474375
-0.377263
-0.280195
-0.189074
-0.103745
-0.0290265
0.0364466
0.0894051
0.132554
0.16405
0.187614
0.202307
0.212151
0.216549
0.219461
0.220331
0.222746
0.226165
0.233695
0.244721
0.261675
0.28378
0.312769
0.347594
0.389111
0.435906
0.488055
0.54394
0.603012
0.663803
0.725637
0.787293
0.84799
0.906969
0.964072
1.01958
1.07443
1.12951
1.18434
1.23659
1.28684
1.34237
1.40434
1.47314
1.54637
1.621
1.69107
1.73246
1.79747
1.9766
1.2934
4.05036
-3.37611
-3.49472
-3.60627
-3.70455
-3.79407
-3.87714
-3.95238
-4.01958
-4.0789
-4.1335
-4.1837
-4.23137
-4.27458
-4.31426
-4.34792
-4.37677
-4.39832
-4.41419
-4.42229
-4.42486
-4.42014
-4.41078
-4.39518
-4.37621
-4.35222
-4.32622
-4.29652
-4.26623
-4.23394
-4.20344
-4.17348
-4.14674
-4.11921
-4.09051
-4.05523
-4.01354
-3.96212
-3.90263
-3.83276
-3.75497
-3.66868
-3.57764
-3.48338
-3.39218
-3.30794
-3.23707
-3.18212
-3.14657
-3.12972
-3.13102
-3.14649
-3.17272
-3.20415
-3.23627
-3.26354
-3.28182
-3.28683
-3.27579
-3.2463
-3.19733
-3.12858
-3.04062
-2.93435
-2.81067
-2.67056
-2.51642
-2.35015
-2.19654
-2.05574
-1.91179
-1.76041
-1.62043
-1.46091
-1.35747
-1.1595
-1.17835
-0.751874
-1.23713
0.0347468
-2.13836
-3.26405
-3.1551
-3.04812
-2.94345
-2.83844
-2.73382
-2.62701
-2.51928
-2.40861
-2.29731
-2.18447
-2.0735
-1.96448
-1.86164
-1.76544
-1.67992
-1.60469
-1.54247
-1.49116
-1.45152
-1.41928
-1.39335
-1.36809
-1.34172
-1.30854
-1.26735
-1.2138
-1.14866
-1.06978
-0.980124
-0.879703
-0.773284
-0.662154
-0.551798
-0.443588
-0.34246
-0.248937
-0.166722
-0.0949969
-0.0359079
0.0125214
0.0493002
0.0774053
0.0966798
0.110511
0.119226
0.126332
0.132228
0.139953
0.149764
0.164029
0.182552
0.206654
0.235704
0.27007
0.308664
0.351152
0.396492
0.443992
0.492557
0.541133
0.588818
0.635105
0.680057
0.724249
0.767766
0.809303
0.84795
0.884566
0.924522
0.971283
1.02448
1.08404
1.14672
1.20773
1.24031
1.31023
1.46442
0.845247
3.356
-2.82068
-2.94914
-3.0621
-3.15396
-3.22903
-3.29182
-3.3434
-3.38551
-3.41947
-3.44843
-3.47389
-3.49746
-3.51883
-3.53831
-3.55514
-3.56956
-3.58085
-3.58933
-3.59446
-3.59685
-3.59617
-3.59327
-3.58795
-3.58121
-3.57292
-3.56433
-3.55566
-3.54873
-3.54427
-3.54458
-3.55025
-3.56255
-3.57893
-3.59467
-3.59974
-3.58384
-3.53646
-3.45214
-3.32785
-3.16565
-2.97159
-2.75912
-2.54366
-2.33898
-2.15202
-1.98526
-1.83838
-1.71226
-1.60884
-1.53072
-1.47931
-1.45352
-1.4505
-1.46518
-1.49255
-1.52666
-1.56277
-1.59564
-1.62124
-1.63568
-1.63634
-1.62139
-1.58976
-1.54096
-1.47459
-1.39215
-1.2953
-1.20244
-1.11823
-1.03392
-0.94496
-0.865898
-0.767266
-0.716085
-0.579411
-0.637496
-0.308016
-0.761765
0.246427
-1.47825
-2.69219
-2.56544
-2.44254
-2.32383
-2.20891
-2.09799
-1.9901
-1.88525
-1.78219
-1.68124
-1.58144
-1.48378
-1.38811
-1.29652
-1.20989
-1.13116
-1.06172
-1.00454
-0.960585
-0.931756
-0.917288
-0.917194
-0.928631
-0.949498
-0.975137
-1.00218
-1.02541
-1.04165
-1.04656
-1.03843
-1.01495
-0.976716
-0.923654
-0.858467
-0.782764
-0.700477
-0.613904
-0.527151
-0.442169
-0.362302
-0.288696
-0.223548
-0.166869
-0.119649
-0.080894
-0.0504541
-0.026659
-0.00868652
0.00547596
0.0169552
0.0276086
0.0385002
0.050929
0.0655996
0.083059
0.103538
0.126964
0.153303
0.18202
0.212533
0.24377
0.27492
0.30516
0.334331
0.362538
0.389299
0.412552
0.433099
0.452774
0.475239
0.502879
0.536885
0.575512
0.617017
0.655591
0.664217
0.710627
0.837137
0.285725
2.28802
-1.05736
-1.09416
-1.12299
-1.14222
-1.15771
-1.17372
-1.19443
-1.21875
-1.24755
-1.27858
-1.31292
-1.34763
-1.38322
-1.41639
-1.44806
-1.47548
-1.50017
-1.51983
-1.5363
-1.54751
-1.55546
-1.55808
-1.55721
-1.55066
-1.54005
-1.52298
-1.5005
-1.46921
-1.42842
-1.37225
-1.29745
-1.19771
-1.07368
-0.928845
-0.778007
-0.638539
-0.53286
-0.477072
-0.483265
-0.550669
-0.668693
-0.811195
-0.946702
-1.04436
-1.08769
-1.07479
-1.0177
-0.932287
-0.83323
-0.730539
-0.631138
-0.540542
-0.463205
-0.403153
-0.361971
-0.339785
-0.333645
-0.339988
-0.353458
-0.369776
-0.384299
-0.394378
-0.397499
-0.392746
-0.378897
-0.35652
-0.326231
-0.297695
-0.272528
-0.250523
-0.226662
-0.209772
-0.176423
-0.174538
-0.112371
-0.17993
-0.00170286
-0.286836
0.255872
-0.63634
-1.00844
-0.957183
-0.905464
-0.8521
-0.798307
-0.74265
-0.686439
-0.627792
-0.567868
-0.504551
-0.438953
-0.369001
-0.296114
-0.21883
-0.139367
-0.0573478
0.0238967
0.10356
0.177436
0.244073
0.299267
0.341914
0.368991
0.380958
0.37691
0.35945
0.329958
0.292821
0.250885
0.209277
0.170919
0.140074
0.118355
0.108179
0.109134
0.121381
0.142585
0.171298
0.204141
0.238938
0.272207
0.302128
0.326067
0.343136
0.352031
0.35319
0.346661
0.333879
0.315821
0.294379
0.270902
0.247235
0.224495
0.20403
0.186316
0.172093
0.161238
0.154057
0.14998
0.148779
0.149478
0.151486
0.153962
0.15676
0.159878
0.162396
0.16262
0.164305
0.164869
0.1645
0.166405
0.171628
0.181339
0.196838
0.216568
0.222508
0.248785
0.309598
0.0178109
0.948686
)
;

boundaryField
{
    inlet
    {
        type            freestreamPressure;
        freestreamValue uniform 0;
        supersonic      0;
        value           nonuniform List<scalar> 
134
(
1.2351
0.666308
0.0590405
-0.485145
-0.897828
-1.17997
-1.28658
-1.21287
-0.964602
-0.467985
-0.0851295
-0.132251
-0.222185
-0.3109
-0.402969
-0.500533
-0.603906
-0.713228
-0.829653
-0.95557
1.77822
-1.09442
-1.24799
-1.40939
-1.56087
-1.67048
-1.72338
-1.81684
-1.81768
-1.85131
-2.21257
-2.03423
-2.04188
-2.08101
-2.11104
-2.12714
-2.14302
-2.18107
-2.27409
-2.38367
2.27728
2.77547
3.17048
3.34561
3.21018
2.61333
1.40252
-2.63044
-2.57382
-2.48316
-2.42266
-2.37757
-2.32753
-2.27102
-2.21342
-2.15723
-2.10243
-2.0484
-1.99509
-1.94232
-1.88951
-1.83562
-1.77916
-1.71784
-1.64946
-1.57121
-1.52248
-1.47408
-1.41048
-1.33061
-1.23309
-1.10588
-0.936599
-0.647307
-0.278529
0.488338
1.05352
1.66774
2.26183
2.82994
3.36186
3.80742
4.14244
4.37723
4.52136
4.59695
4.62805
4.63508
4.63406
4.64821
4.71571
4.85176
5.00053
5.11861
5.21179
5.28996
5.3552
5.40452
5.43643
5.45166
5.45309
5.44726
5.44774
5.48866
5.62143
5.93424
6.05823
5.90449
5.73051
5.61665
5.52232
5.4154
5.29775
5.17811
5.0585
4.93748
4.81384
4.68679
4.55509
4.41706
4.27059
4.11371
3.94245
3.75425
3.528
3.38302
3.2418
3.06309
2.84978
2.6012
2.29349
1.9009
1.2964
0.537816
)
;
    }
    outlet
    {
        type            freestreamPressure;
        freestreamValue uniform 0;
        supersonic      0;
        value           nonuniform List<scalar> 
160
(
-0.00277578
-0.00264404
-0.00288868
-0.00251181
-0.00297909
-0.00238004
-0.00304098
-0.00224508
-0.00308994
-0.00210976
-0.00313834
-0.00196935
-0.00319838
-0.00182705
-0.00326757
-0.00167678
-0.0033487
-0.00152179
-0.0034366
-0.00135524
-0.00353524
-0.00118037
-0.00363746
-0.000990609
-0.00374492
-0.000790267
-0.00384875
-0.000574646
-0.00395121
-0.00035052
-0.00404446
-0.00011651
-0.0041321
0.000117236
-0.00420741
0.000348572
-0.00427483
0.000564674
-0.00432843
0.000761498
-0.0043733
0.000925981
-0.00440367
0.00105493
-0.00442463
0.00113847
-0.00443002
0.00117763
-0.00442413
0.00116845
-0.00439948
0.00111828
-0.00435752
0.00103009
-0.0042865
0.000917019
-0.00418217
0.000787256
-0.00402645
0.000657056
-0.00381071
0.000535678
-0.00352008
0.000437453
-0.00316123
0.000367901
-0.0027484
0.00033563
-0.00232658
0.000339567
-0.00194594
0.000380812
-0.00167121
0.000451774
-0.00154947
0.000548021
-0.00161686
0.000658392
-0.00186785
0.000775965
-0.00226222
0.000889127
-0.00270956
0.000992038
-0.00310998
0.00107574
-0.00337654
0.00113735
-0.00347246
0.00117209
-0.00340222
0.00118133
-0.00320573
0.00116472
-0.00292891
0.00112691
-0.00261236
0.00107075
-0.00228355
0.00100254
-0.00196277
0.000926634
-0.00166825
0.000849348
-0.00141606
0.000774495
-0.00122099
0.000706879
-0.00108981
0.000648275
-0.00102355
0.000601467
-0.00101316
0.000566197
-0.00104627
0.00054375
-0.0011052
0.000532286
-0.00117461
0.000531152
-0.00123881
0.000536979
-0.00128789
0.000547692
-0.00131316
0.000560299
-0.0013108
0.000574245
-0.00127626
0.000589553
-0.0012108
0.000602877
-0.00111622
0.000607837
-0.00102394
0.000617595
-0.000941613
0.00062292
-0.000869134
0.000624938
-0.000790319
0.00063607
-0.000734078
0.000660582
-0.000622048
0.000703495
-0.000616042
0.000770422
-0.000403199
0.000856163
-0.000638401
0.000890301
-6.68092e-06
0.00100645
-0.00100159
0.00127037
0.00101142
7.58669e-05
-0.00204631
0.003831
)
;
    }
    walls
    {
        type            zeroGradient;
    }
    frontAndBack
    {
        type            empty;
    }
}


// ************************************************************************* //
